103.51283177771442, 0.1078142523765564, 0.1084255501627922
105.80335040237536, 0.11433689296245575, 0.11540690064430237
95.78854890588751, 0.13633480668067932, 0.13758410513401031
99.27715497940132, 0.12549911439418793, 0.1268579661846161
96.15122295825887, 0.12919925153255463, 0.129327654838562
105.02959288237044, 0.1329346001148224, 0.13312283158302307
105.54770064560806, 0.12697303295135498, 0.12751811742782593
104.63463305386354, 0.12907101213932037, 0.12971562147140503
100.85961948723588, 0.13163723051548004, 0.13252262771129608
100.29000486109342, 0.1478002518415451, 0.14877280592918396
99.3616419858398, 0.141654372215271, 0.1431342363357544
100.51337831427719, 0.15668927133083344, 0.15706659853458405
88.25118008507656, 0.16761097311973572, 0.16766059398651123
95.6001324988607, 0.15852302312850952, 0.15922680497169495
103.08889411139265, 0.1549777239561081, 0.1558007001876831
88.01955751781557, 0.15985332429409027, 0.16050636768341064
100.9735450942344, 0.1845363825559616, 0.18591225147247314
94.57012159281709, 0.18336205184459686, 0.1845596730709076
102.73058954818443, 0.18422174453735352, 0.18470196425914764
95.36070868783105, 0.19281181693077087, 0.1928243637084961
98.67825339658765, 0.18425314128398895, 0.18438445031642914
98.12312132735342, 0.18183371424674988, 0.1824307143688202
90.10851592928428, 0.18119585514068604, 0.1814982295036316
96.0012521532767, 0.19388362765312195, 0.19460241496562958
86.40011928179287, 0.19566147029399872, 0.1967484951019287
83.74237335945746, 0.2013268917798996, 0.20123682916164398
81.26190130699268, 0.21316900849342346, 0.21319639682769775
94.81193373677533, 0.21014945209026337, 0.21052321791648865
99.31197307939212, 0.2011307179927826, 0.2017490118741989
94.38131126606184, 0.19939133524894714, 0.2000352442264557
86.49633870270969, 0.20092642307281494, 0.2016943395137787
82.17374338554949, 0.19954368472099304, 0.20058748126029968
82.45524375944157, 0.2024300992488861, 0.2029658555984497
96.01823355090163, 0.210910364985466, 0.21132199466228485
95.10019219508015, 0.21423499286174774, 0.21510504186153412
85.79787968549333, 0.210932195186615, 0.21158918738365173
85.73204643867268, 0.21063944697380066, 0.21149319410324097
91.80785467515224, 0.2095179557800293, 0.21028873324394226
89.30897957281098, 0.2121540904045105, 0.21306782960891724
84.97492729413726, 0.21635328233242035, 0.21693375706672668
88.53689045731619, 0.22561132907867432, 0.22601735591888428
92.57977171017261, 0.23026889562606812, 0.23062191903591156
95.97006023010744, 0.23334774374961853, 0.23394875228405
88.3314456382526, 0.2396555244922638, 0.24059538543224335
82.88327941123755, 0.23976117372512817, 0.24041949212551117
92.9948315943292, 0.2499689906835556, 0.25060680508613586
81.39894657287329, 0.24933438003063202, 0.24993550777435303
87.09826011484458, 0.2595027983188629, 0.2598007619380951
89.14359258963617, 0.26303631067276, 0.2634565830230713
82.71724526718835, 0.26403820514678955, 0.26451778411865234
101.38462840258647, 0.27368998527526855, 0.2745772898197174
83.25394677781787, 0.2736735939979553, 0.2744051516056061
88.94299537806795, 0.2854664921760559, 0.2862674593925476
85.91724729518731, 0.28227299451828003, 0.2828068137168884
80.88859000769122, 0.28517675399780273, 0.28549128770828247
92.53238751096274, 0.2868275046348572, 0.2871706783771515
89.09250408433175, 0.2861354649066925, 0.2868902087211609
85.20791273873454, 0.2982691824436188, 0.2986311912536621
89.77879807795537, 0.31684499979019165, 0.31735512614250183
89.33693252635814, 0.3150138854980469, 0.31577298045158386
81.7266113462093, 0.30932527780532837, 0.3097406327724457
83.70999473832468, 0.3100929260253906, 0.31067362427711487
85.73439142396423, 0.3112785220146179, 0.3116756081581116
88.5836379044508, 0.3038026690483093, 0.3042181432247162
82.06077349015321, 0.3055228888988495, 0.3059338331222534
88.21902430812996, 0.30467718839645386, 0.305183470249176
77.08777125694733, 0.31103551387786865, 0.31189650297164917
83.14902429155795, 0.29932701587677, 0.2996661365032196
82.31956576635027, 0.2983596920967102, 0.2988573908805847
75.75999673778931, 0.29063504934310913, 0.2909914553165436
84.990802996669, 0.2817743420600891, 0.2821187973022461
75.9426143643689, 0.28257474303245544, 0.28273671865463257
74.75747048375484, 0.287309467792511, 0.2873827815055847
77.076411157921, 0.2826961874961853, 0.2829199731349945
76.73023573426899, 0.28549760580062866, 0.2857646942138672
79.85571340006659, 0.28248363733291626, 0.28286075592041016
77.04393273504446, 0.2890840172767639, 0.28954389691352844
71.02374909088196, 0.2846439480781555, 0.2847662568092346
69.2461152349196, 0.29017043113708496, 0.29031360149383545
69.53977212294566, 0.29062527418136597, 0.2905624508857727
67.01307178534611, 0.2981513738632202, 0.29821473360061646
64.5323732070426, 0.2916759252548218, 0.29157814383506775
69.95931936473626, 0.29099908471107483, 0.2913169264793396
74.94241739826022, 0.29515519738197327, 0.2954624891281128
71.26949498667753, 0.2867909371852875, 0.28731250762939453
77.78330864121503, 0.2908698618412018, 0.2906185984611511
64.33513443532463, 0.2958422303199768, 0.29569384455680847
58.97111056139212, 0.2788184583187103, 0.2784596383571625
57.049631188730295, 0.27695780992507935, 0.2768397331237793
54.56903406834834, 0.2825213670730591, 0.2829046845436096
67.22558385348073, 0.2767360806465149, 0.2769169509410858
57.89354448155456, 0.26497820019721985, 0.2649366855621338
76.44121907810981, 0.26261359453201294, 0.2621164917945862
59.50218682903679, 0.2545357346534729, 0.254055917263031
64.7085316831211, 0.2517035901546478, 0.25171059370040894
60.43727024838043, 0.24559056758880615, 0.24551735818386078
70.4225103688379, 0.2440538853406906, 0.24457918107509613
72.56159822518762, 0.24565455317497253, 0.24583491683006287
66.55888037813678, 0.2396342009305954, 0.24016663432121277
62.259409102548496, 0.24103447794914246, 0.24044936895370483
45.69186411537959, 0.23768548667430878, 0.23708558082580566
46.2345522704294, 0.23807965219020844, 0.23751430213451385
49.03379811788023, 0.2388254851102829, 0.2381567656993866
64.72260263446454, 0.24023792147636414, 0.24075107276439667
49.25626744648052, 0.2363676279783249, 0.23655498027801514
46.27308500755378, 0.22769658267498016, 0.22781777381896973
49.84879041446185, 0.22395150363445282, 0.22406962513923645
61.786483953136155, 0.22118213772773743, 0.22041210532188416
42.06571655213701, 0.22115182876586914, 0.22026237845420837
43.17647308061635, 0.22265540063381195, 0.22192582488059998
73.95659153306381, 0.22932961583137512, 0.22948071360588074
63.74801761506711, 0.2300524115562439, 0.23010611534118652
50.551266496515986, 0.21935495734214783, 0.21902018785476685
52.94155076800342, 0.22150933742523193, 0.22120630741119385
41.455950363561286, 0.2202838659286499, 0.219214528799057
46.18447131970842, 0.21876952052116394, 0.2179114818572998
45.93453577581766, 0.2237681746482849, 0.223039910197258
56.2987020418559, 0.2329506129026413, 0.23253774642944336
64.86044050318175, 0.22375087440013885, 0.2235913723707199
57.108094109721804, 0.2112969160079956, 0.21137277781963348
59.18062272257673, 0.20910398662090302, 0.2082117795944214
52.99383196582424, 0.2055465281009674, 0.2048054188489914
59.34390063138921, 0.2049483358860016, 0.20418553054332733
47.987336929944156, 0.208123117685318, 0.20734935998916626
50.246603019485775, 0.2167780101299286, 0.21663010120391846
57.19203505027931, 0.21209971606731415, 0.2117685079574585
47.47061135474563, 0.1957017481327057, 0.1951843947172165
38.272918613695055, 0.19131812453269958, 0.1908046454191208
42.68625496057493, 0.1924067735671997, 0.19155976176261902
43.164233704292066, 0.1982041597366333, 0.1970212310552597
36.29488219002494, 0.19583694636821747, 0.1947602480649948
42.105332801343145, 0.19335687160491943, 0.192250058054924
58.06161649276722, 0.191085547208786, 0.1910289227962494
58.04696685925313, 0.17970499396324158, 0.1802142709493637
49.244438546227045, 0.17314974963665009, 0.17216508090496063
51.751921709317, 0.17117349803447723, 0.16979268193244934
41.97337312566499, 0.1756504774093628, 0.17433953285217285
45.313642745040475, 0.17170479893684387, 0.17069673538208008
48.23665303225884, 0.17115160822868347, 0.17091362178325653
53.78100365711962, 0.16467547416687012, 0.16428247094154358
61.130045929825684, 0.1559726893901825, 0.15646204352378845
56.457323702646505, 0.1529080867767334, 0.1523849368095398
55.54764030728309, 0.14761903882026672, 0.1466861069202423
41.151512485831375, 0.14840279519557953, 0.1474428027868271
49.52494901399419, 0.15016815066337585, 0.14921343326568604
50.932637422990915, 0.15992802381515503, 0.15938904881477356
50.31525239039754, 0.14340798556804657, 0.14296086132526398
61.15148853089, 0.13242261111736298, 0.1324375420808792
59.24698998886079, 0.13452044129371643, 0.1340501308441162
58.960576642417195, 0.14295344054698944, 0.14222648739814758
58.310706101549336, 0.16099414229393005, 0.16007113456726074
49.21598466625959, 0.17111429572105408, 0.17002901434898376
57.184911953583764, 0.1767960786819458, 0.1762283444404602
59.18300073021926, 0.1733146607875824, 0.17226293683052063
57.41387020118848, 0.1511036455631256, 0.15040379762649536
55.01078367047843, 0.15025608241558075, 0.1493738889694214
55.07106317343024, 0.16023695468902588, 0.15962472558021545
58.65433099555234, 0.17963998019695282, 0.1791694164276123
58.33776093987113, 0.1891864389181137, 0.18850836157798767
58.05541483135763, 0.19863831996917725, 0.19755111634731293
59.29957427439246, 0.17682096362113953, 0.17611198127269745
65.7726996940953, 0.16167905926704407, 0.16081583499908447
53.15338804347612, 0.1568806916475296, 0.15627610683441162
63.52957647697389, 0.16764235496520996, 0.1668839454650879
56.987525390267095, 0.18166887760162354, 0.18075476586818695
58.12597880784739, 0.19874104857444763, 0.19791674613952637
59.60144821964102, 0.19915282726287842, 0.19825999438762665
57.18806113976311, 0.18745224177837372, 0.18654656410217285
55.64690773195938, 0.172918438911438, 0.1721402108669281
58.84981817229498, 0.17148523032665253, 0.1707405298948288
63.6612310207711, 0.17669665813446045, 0.17630450427532196
65.28228121710202, 0.17860588431358337, 0.17803999781608582
59.93624609067352, 0.1875452697277069, 0.18682727217674255
56.814322081002004, 0.17400139570236206, 0.17339091002941132
65.63291632166435, 0.16398027539253235, 0.16307763755321503
74.95341392404396, 0.1589532345533371, 0.1586231291294098
75.91898954841832, 0.15895989537239075, 0.15833623707294464
65.4242774647267, 0.17029768228530884, 0.16965191066265106
58.468417862352496, 0.17520755529403687, 0.17452844977378845
62.03340058975866, 0.17993134260177612, 0.17942047119140625
69.66484282014217, 0.1829499453306198, 0.1824156939983368
69.56218385032314, 0.1921554058790207, 0.19155971705913544
70.48249784285568, 0.18969500064849854, 0.1890629380941391
67.47275840217468, 0.18138401210308075, 0.18073952198028564
66.39015603092328, 0.19131629168987274, 0.19045905768871307
70.29097100148114, 0.20321421325206757, 0.20242857933044434
70.21255004507964, 0.20475313067436218, 0.20390966534614563
68.3553553028542, 0.18869340419769287, 0.1879289597272873
73.9578050475578, 0.18122398853302002, 0.1804753988981247
70.81234455045838, 0.18815802037715912, 0.18773043155670166
67.64869807088364, 0.18394780158996582, 0.18335555493831635
70.29840561402857, 0.18746201694011688, 0.1866580843925476
67.16037658353316, 0.17973415553569794, 0.17894338071346283
74.05400812308132, 0.17754290997982025, 0.17695200443267822
78.50829483622324, 0.18706014752388, 0.18642988801002502
76.53252645618228, 0.1799359768629074, 0.17928385734558105
72.4748524473535, 0.16838380694389343, 0.16789770126342773
76.33139737717954, 0.17584919929504395, 0.17573308944702148
74.6270022543888, 0.17346857488155365, 0.1731378436088562
71.61214497975286, 0.16977426409721375, 0.16953742504119873
77.11139289908124, 0.1700543761253357, 0.169487863779068
70.87817102301287, 0.16694307327270508, 0.16650640964508057
73.83102646900146, 0.15854249894618988, 0.15822286903858185
74.70087861427265, 0.1579357534646988, 0.15772107243537903
79.579102912152, 0.1519848108291626, 0.1519096940755844
78.48806481401924, 0.15619254112243652, 0.15568996965885162
72.93535034908962, 0.166365385055542, 0.1660333275794983
66.69806211547495, 0.159541055560112, 0.15931545197963715
71.9079367425566, 0.15001541376113892, 0.14995437860488892
78.96045219395464, 0.1492617130279541, 0.14917226135730743
74.92183916078055, 0.1510811746120453, 0.15092548727989197
75.14743202734529, 0.15170203149318695, 0.15147283673286438
72.24630729564707, 0.1527693122625351, 0.15251421928405762
78.69444618663994, 0.15576598048210144, 0.15564538538455963
80.59239378469162, 0.15937970578670502, 0.15927153825759888
73.6527852764247, 0.15492835640907288, 0.15474765002727509
78.25211085312199, 0.15558737516403198, 0.15548183023929596
82.26788884875369, 0.14885054528713226, 0.14891548454761505
78.99650437111528, 0.1473175287246704, 0.14740429818630219
77.19637439602677, 0.14977237582206726, 0.14964962005615234
74.48422850657602, 0.15261338651180267, 0.15261240303516388
77.1479110123147, 0.1500605344772339, 0.1500081717967987
73.28452524098081, 0.15512120723724365, 0.15525463223457336
79.11243159567202, 0.15421436727046967, 0.15412753820419312
80.7563007420061, 0.16039536893367767, 0.16062848269939423
77.84852292695336, 0.1573963761329651, 0.15772321820259094
75.6340967678703, 0.15708187222480774, 0.15689092874526978
77.23708739870933, 0.1567939966917038, 0.15693430602550507
78.98639232380836, 0.15681158006191254, 0.15695661306381226
72.31809632367668, 0.1564948856830597, 0.15641982853412628
76.3239330563046, 0.1503429412841797, 0.15016454458236694
82.51484192439678, 0.15136770904064178, 0.15118135511875153
79.74550412725803, 0.1514485478401184, 0.15155081450939178
67.6632550500519, 0.14681808650493622, 0.14681679010391235
70.81626964121337, 0.14175570011138916, 0.14173293113708496
72.00185955238106, 0.13321125507354736, 0.13326787948608398
76.94704079783739, 0.12875598669052124, 0.12855836749076843
72.52538324426091, 0.1213383823633194, 0.12121415138244629
92.0022996946899, 0.11786367744207382, 0.11860411614179611
77.67455122522799, 0.12138830125331879, 0.12159442901611328
76.62757344591958, 0.11336123943328857, 0.11373897641897202
72.19776240427034, 0.11376556009054184, 0.11382438987493515
69.7343509588878, 0.10110072791576385, 0.10087248682975769
67.25438019670194, 0.09963624179363251, 0.0994831919670105
72.24871518940648, 0.10138585418462753, 0.10130643099546432
85.17745265101559, 0.1082979366183281, 0.10843636840581894
81.71258877943298, 0.10068794339895248, 0.10082891583442688
74.89463718145761, 0.09526746720075607, 0.09518786519765854
71.82863277331134, 0.1020280048251152, 0.10182057321071625
75.16759296048298, 0.08468475192785263, 0.08439698070287704
70.36850145241412, 0.0890626460313797, 0.08903372287750244
89.58242057543171, 0.0855787917971611, 0.08603700250387192
90.70510590965775, 0.09491275250911713, 0.0955919623374939
81.07809956961707, 0.09751100838184357, 0.09786200523376465
80.78589742972048, 0.08247137814760208, 0.08264010399580002
81.9683174282288, 0.08207391202449799, 0.08217476308345795
79.40481300066654, 0.07446038722991943, 0.07448962330818176
67.53472992487316, 0.07337035238742828, 0.07333444058895111
79.99214360114118, 0.06859135627746582, 0.06894810497760773
89.75853264801935, 0.07690033316612244, 0.0776994526386261
88.59180448898454, 0.06961333751678467, 0.07025831937789917
88.0341413618325, 0.06931108236312866, 0.06958487629890442
87.14934149517873, 0.07410608232021332, 0.07431401312351227
91.09364821069467, 0.07673108577728271, 0.07659364491701126
84.02384359929243, 0.08312918990850449, 0.08333086222410202
87.34971810606902, 0.0835079774260521, 0.08404012769460678
92.72421889444239, 0.09878923743963242, 0.0995519757270813
90.51802765413518, 0.08391053974628448, 0.0844564288854599
78.34789746577667, 0.06978555768728256, 0.06995709985494614
85.07980472950902, 0.06730642914772034, 0.06720995157957077
92.48625507835513, 0.06616029143333435, 0.06628960371017456
85.19203534751074, 0.06408271938562393, 0.06443828344345093
85.6325298781118, 0.06823199987411499, 0.06877028197050095
96.39263740368953, 0.07613562792539597, 0.07660799473524094
90.5259906511796, 0.07383741438388824, 0.07407184690237045
83.21719381754308, 0.07742811739444733, 0.07761778682470322
88.82497355396482, 0.08172938972711563, 0.08177753537893295
89.83680165387662, 0.08583176136016846, 0.08572258800268173
89.11241460777802, 0.09139879792928696, 0.09162229299545288
85.1307696326958, 0.09470751136541367, 0.09514907002449036
100.03808889306661, 0.10244880616664886, 0.10313388705253601
86.41164398752466, 0.08840950578451157, 0.08875793218612671
99.74040443937812, 0.08524230122566223, 0.08560436964035034
93.7146302319902, 0.08874593675136566, 0.08905767649412155
89.34758432127937, 0.0897657722234726, 0.09012262523174286
89.03646707674231, 0.0931108146905899, 0.0932321846485138
92.1408681071419, 0.09221954643726349, 0.09237402677536011
87.60789496074987, 0.10931532084941864, 0.10949008911848068
91.7169482691143, 0.10309135913848877, 0.10356289148330688
93.96212809972427, 0.08986924588680267, 0.0906878337264061
97.54190127366658, 0.08331488817930222, 0.08360037207603455
93.42058990218415, 0.07797282934188843, 0.07834157347679138
89.12508589404045, 0.07718884199857712, 0.07727441936731339
91.84510603024358, 0.07074862718582153, 0.07090774178504944
90.73457623320871, 0.0717870369553566, 0.0720340758562088
88.75921762057482, 0.0715586394071579, 0.07179339230060577
95.3306960760595, 0.08176831901073456, 0.08247090876102448
78.55339526935538, 0.08305935561656952, 0.08331235498189926
83.29853484452197, 0.0786694884300232, 0.07884277403354645
90.53098720047115, 0.07766395807266235, 0.07776858657598495
83.13779239739381, 0.08431074023246765, 0.08424074947834015
87.51552927950625, 0.08671324700117111, 0.08674095571041107
80.9344697924359, 0.08282835781574249, 0.08318087458610535
87.40612750937926, 0.09378467500209808, 0.09385812282562256
88.7548099374485, 0.11148892343044281, 0.11184805631637573
82.68202849171993, 0.09941782802343369, 0.09964223206043243
87.39588107727967, 0.09519678354263306, 0.09523793309926987
77.84789062711225, 0.0818500965833664, 0.08180736005306244
82.24105926296143, 0.07296831905841827, 0.07286621630191803
89.32914771769958, 0.06778572499752045, 0.06771906465291977
88.39149870079048, 0.0770500898361206, 0.07728181779384613
85.7109545189169, 0.08715233206748962, 0.08749910444021225
81.04143362061967, 0.06975358724594116, 0.06983358412981033
81.25763497588875, 0.08759572356939316, 0.08759994804859161
78.15426969618335, 0.062368184328079224, 0.06228607892990112
84.08645542936799, 0.06425381451845169, 0.06409850716590881
80.43086977376512, 0.06944817304611206, 0.06943851709365845
79.01130042128632, 0.06408888846635818, 0.06403709203004837
86.05127905384535, 0.07105402648448944, 0.07128167152404785
77.97929647001496, 0.07992329448461533, 0.08005400002002716
84.47680293372116, 0.07386773824691772, 0.07393378764390945
88.99394147939613, 0.07270906120538712, 0.07277458161115646
84.66839241968697, 0.07639958709478378, 0.07634958624839783
79.7239479294858, 0.07905387878417969, 0.07911403477191925
82.69266422618091, 0.07987222075462341, 0.07998661696910858
80.89802185604798, 0.07807638496160507, 0.07817389070987701
82.24105236966297, 0.08188769966363907, 0.08208644390106201
90.26310869612746, 0.07697950303554535, 0.07723981142044067
81.13253079053212, 0.06974904984235764, 0.06984783709049225
88.04475507214185, 0.06553823500871658, 0.06561104208230972
80.07504962087276, 0.052093617618083954, 0.05203957483172417
79.48618316803483, 0.05846600979566574, 0.05823759362101555
73.29457865506944, 0.05527530238032341, 0.0551375076174736
73.65011958920725, 0.052967369556427, 0.0527341328561306
75.67781361986904, 0.0543319396674633, 0.05425771325826645
75.23002112460419, 0.05848122760653496, 0.05843691527843475
78.13795274874221, 0.058892872184515, 0.058737050741910934
76.43746716206125, 0.06122640520334244, 0.06106863170862198
70.5325331854366, 0.06091980263590813, 0.06079483777284622
73.49485062978216, 0.06442883610725403, 0.0641632154583931
71.59424341481133, 0.06227041408419609, 0.06193700060248375
76.37117703578497, 0.06358887255191803, 0.06320853531360626
78.0264794809007, 0.06851055473089218, 0.06856036186218262
85.0440363093149, 0.05704517662525177, 0.056885868310928345
65.88430782465545, 0.05652288720011711, 0.056296221911907196
78.54716422418828, 0.06428966671228409, 0.06397566199302673
72.24330769242674, 0.08060736209154129, 0.0802459716796875
74.31577356511718, 0.06905948370695114, 0.06852655857801437
56.690517579102846, 0.07309608161449432, 0.07265760004520416
78.09930602233025, 0.06823717057704926, 0.06807941198348999
70.65570368163074, 0.06722979992628098, 0.06703335046768188
71.87502610389458, 0.07279171794652939, 0.07262451946735382
67.59770618320054, 0.08291201293468475, 0.08265165984630585
67.55860108716722, 0.09706997871398926, 0.0967150554060936
55.53112638478725, 0.09820323437452316, 0.0975952073931694
64.05523918656382, 0.09214716404676437, 0.09157109260559082
88.15629872829898, 0.07944905757904053, 0.07932944595813751
73.76889074018463, 0.07446011155843735, 0.07474010437726974
71.64328473868419, 0.07150235772132874, 0.0713980495929718
69.81232257910106, 0.07038134336471558, 0.07037518918514252
69.72371319864952, 0.07996205985546112, 0.07954377681016922
69.56740998917724, 0.07949067652225494, 0.07878834009170532
69.19204939762975, 0.07621809095144272, 0.07553336024284363
81.13897434101197, 0.07315394282341003, 0.07275830209255219
78.87074960192143, 0.07261558622121811, 0.07248474657535553
83.39336106970761, 0.07679333537817001, 0.07687905430793762
81.43639405658544, 0.08146403729915619, 0.08121629059314728
80.4440438493442, 0.101467065513134, 0.10126664489507675
78.27061667111312, 0.10562336444854736, 0.10513376444578171
82.13347723977802, 0.10450427234172821, 0.10381168127059937
93.71416950706826, 0.09653699398040771, 0.09640281647443771
87.5269038633377, 0.09299236536026001, 0.09320966899394989
83.4975910204181, 0.09656377881765366, 0.09699074923992157
74.02449257879255, 0.10017858445644379, 0.10022877156734467
66.26297307707658, 0.1043362244963646, 0.10426293313503265
85.93941598620513, 0.09898523986339569, 0.09861095994710922
68.22699823747834, 0.09259133040904999, 0.09196706861257553
76.30851775972474, 0.08411719650030136, 0.0836636945605278
73.28791982058206, 0.0821465253829956, 0.0818546786904335
72.36445139780555, 0.08410995453596115, 0.08397205919027328
69.57695980720582, 0.08496467769145966, 0.08499204367399216
86.17865385868234, 0.09214675426483154, 0.0923360139131546
83.87420263554694, 0.09289656579494476, 0.09292376041412354
82.89923185389321, 0.09599800407886505, 0.09569802135229111
90.39724970621306, 0.0961437076330185, 0.09627028554677963
80.5872782903442, 0.09272309392690659, 0.09284105151891708
74.12937481399659, 0.09305538982152939, 0.09302330017089844
75.42685821284115, 0.09170830249786377, 0.0918193906545639
64.6945270953115, 0.09004553407430649, 0.09002166241407394
82.18225013500471, 0.09308808296918869, 0.09304981678724289
77.74459592222172, 0.10364514589309692, 0.10328513383865356
80.03751307286478, 0.10382535308599472, 0.1036805734038353
72.91221424066255, 0.10183536261320114, 0.10184021294116974
81.36938574594089, 0.10165306180715561, 0.1018037497997284
76.23578869222285, 0.10286098718643188, 0.1031661331653595
70.67631864727761, 0.11602648347616196, 0.11631646752357483
80.58777331357574, 0.11797873675823212, 0.1180950254201889
78.5085239719573, 0.12495999038219452, 0.12499473989009857
89.3948049043812, 0.12591271102428436, 0.12616172432899475
92.08934191193195, 0.12565752863883972, 0.1259060800075531
79.71617418397003, 0.12141647189855576, 0.12170910835266113
86.58516815645578, 0.12193731963634491, 0.1221359595656395
77.4975178131523, 0.12849533557891846, 0.12877510488033295
83.76618771927912, 0.12599164247512817, 0.12627939879894257
86.76666121854358, 0.12907056510448456, 0.1293298304080963
83.98607484051587, 0.122867152094841, 0.12333124130964279
90.71599529587151, 0.11724799871444702, 0.11764749139547348
92.54114065193829, 0.1194314956665039, 0.11989179253578186
78.08538885517653, 0.11216583102941513, 0.11242085695266724
86.01174247361054, 0.10817062854766846, 0.10848437994718552
84.45558124238474, 0.10490622371435165, 0.10516216605901718
84.07661102513738, 0.10279621183872223, 0.10313516855239868
89.53007584899346, 0.10123404860496521, 0.10145656764507294
94.0408723649294, 0.09817393869161606, 0.09842439740896225
79.24462170189778, 0.09576215595006943, 0.09588208049535751
86.01016600334773, 0.09043753147125244, 0.09050436317920685
86.81945374436009, 0.08577647805213928, 0.08589153736829758
76.79343904761814, 0.08316443115472794, 0.08327274024486542
88.16996933306179, 0.080958791077137, 0.08106580376625061
87.03166741849465, 0.08171190321445465, 0.0820579081773758
89.32054337648368, 0.08091656118631363, 0.08113459497690201
81.05761587288131, 0.0828041359782219, 0.08294623345136642
92.87126034140637, 0.08990645408630371, 0.089891716837883
76.34128559069426, 0.09134011715650558, 0.09120713174343109
79.33746439667249, 0.0763557180762291, 0.07637392729520798
85.90660739016724, 0.0741456151008606, 0.07451307773590088
86.11934702909207, 0.0772002786397934, 0.07776520401239395
90.47678643079813, 0.07881547510623932, 0.0794859230518341
79.86959562106345, 0.08062656223773956, 0.080753855407238
66.8363703351005, 0.0850895345211029, 0.08489277213811874
74.73455201331596, 0.08323217183351517, 0.08321681618690491
72.65227242583538, 0.077477365732193, 0.07749531418085098
75.57374292974706, 0.08089840412139893, 0.08098382502794266
96.94764801348519, 0.08716662973165512, 0.0877780169248581
80.54391080690283, 0.08826898038387299, 0.08862026035785675
75.67828239654682, 0.08089929819107056, 0.08099949359893799
86.14118127132718, 0.08931855857372284, 0.08905699104070663
63.162132392157034, 0.0772140622138977, 0.07694630324840546
63.81810654177331, 0.07183495163917542, 0.07175054401159286
81.75312801715809, 0.06700680404901505, 0.06691621243953705
86.97715696393267, 0.06579693406820297, 0.06603656709194183
78.71970925870481, 0.06685219705104828, 0.06700142472982407
73.17672834364407, 0.0726572722196579, 0.07253154367208481
64.74703549272415, 0.08915017545223236, 0.08908472955226898
76.42487427260741, 0.08224602043628693, 0.08207814395427704
67.13224605050856, 0.07124634832143784, 0.07107415050268173
78.58849144641829, 0.08320688456296921, 0.08321763575077057
74.44713805002182, 0.07869787514209747, 0.07897390425205231
58.4152261611473, 0.07792859524488449, 0.0781577080488205
80.5930186123451, 0.0830266922712326, 0.08287852257490158
61.532694130890185, 0.084846630692482, 0.08482499420642853
76.73392694120032, 0.08366280794143677, 0.08354705572128296
68.44821931995588, 0.07768996804952621, 0.07741503417491913
59.99266892711427, 0.0766843855381012, 0.07650808990001678
69.2836684957628, 0.0776209756731987, 0.07749161124229431
75.6011007867326, 0.07601151615381241, 0.07595472782850266
65.69533773653174, 0.0905633196234703, 0.0904829129576683
73.01457232080948, 0.0984753668308258, 0.09859482944011688
64.84119767686111, 0.08873023837804794, 0.08851505815982819
72.01405709552985, 0.08447696268558502, 0.08416362851858139
65.42129010707735, 0.08503486961126328, 0.08485531061887741
73.06168924546527, 0.07663073390722275, 0.07688917964696884
77.26713993707054, 0.07676684856414795, 0.07699164748191833
73.69901795714912, 0.09294169396162033, 0.09291011095046997
71.86157909119994, 0.09299305081367493, 0.09279453009366989
69.30905476098192, 0.0803317204117775, 0.08045761287212372
74.66410128274072, 0.08118961751461029, 0.08141649514436722
70.85564735601567, 0.07637499272823334, 0.0762590616941452
79.37688420018932, 0.06442379206418991, 0.06448868662118912
83.39646679484648, 0.06129198521375656, 0.06125295162200928
77.59304580069725, 0.08183874189853668, 0.08185151219367981
74.96795661680721, 0.07665746659040451, 0.07681026309728622
86.32116314517708, 0.05686070770025253, 0.05714985728263855
89.1727941066787, 0.05957154184579849, 0.059738390147686005
89.1235310439951, 0.05976202338933945, 0.06004008650779724
85.07008534335863, 0.05702384561300278, 0.057200126349925995
74.3739583629769, 0.06143531948328018, 0.06147604435682297
77.9411028716343, 0.08260394632816315, 0.08268097043037415
76.71843718002957, 0.08038818836212158, 0.08039910346269608
84.20797472000478, 0.07706238329410553, 0.07722694426774979
73.31065339039826, 0.07779638469219208, 0.07787847518920898
76.14726023785819, 0.07096964120864868, 0.07108502089977264
88.97675776423206, 0.05685339495539665, 0.057078778743743896
84.58937663915863, 0.054853808134794235, 0.05511577054858208
75.4889955221848, 0.07069365680217743, 0.07079093158245087
93.16535054923813, 0.06252013146877289, 0.06281311810016632
85.4695412526046, 0.05772620439529419, 0.05798579752445221
79.55472852933435, 0.05674847215414047, 0.056705132126808167
84.83650157448115, 0.048575252294540405, 0.04872701317071915
97.60252191900844, 0.053603947162628174, 0.05384957790374756
89.14344092114695, 0.05279531329870224, 0.05302078276872635
87.7416123433348, 0.06623498350381851, 0.0664624273777008
85.39902801100385, 0.06065375730395317, 0.061044227331876755
86.57526403469726, 0.04673057049512863, 0.04695595055818558
88.07201741629497, 0.04786090552806854, 0.047962069511413574
83.56499527854994, 0.04538937658071518, 0.04577852413058281
90.06653238072911, 0.048587169498205185, 0.04903750121593475
97.4510318384252, 0.05207474157214165, 0.052393071353435516
89.78517358543445, 0.07128169387578964, 0.07167088240385056
93.90377184324231, 0.06912810355424881, 0.06941838562488556
90.7040830114849, 0.059885215014219284, 0.060057323426008224
93.82177911351533, 0.05627372860908508, 0.056546520441770554
89.46650878683079, 0.04740414023399353, 0.047540321946144104
86.0377443832193, 0.04308281093835831, 0.043264299631118774
102.71951035797315, 0.04258313775062561, 0.04293351620435715
89.83037581948354, 0.055416300892829895, 0.05569128319621086
98.55223341449847, 0.06791745126247406, 0.06824418157339096
89.58942116854709, 0.06239758059382439, 0.06275435537099838
96.87393939540662, 0.04989541321992874, 0.05009765550494194
92.2861693115635, 0.044812463223934174, 0.04490978643298149
97.19237126865568, 0.044390659779310226, 0.04468763992190361
98.59398932453512, 0.04420776292681694, 0.04454217478632927
96.70124465606156, 0.05297567695379257, 0.053321197628974915
88.13482083519442, 0.056841056793928146, 0.05701979622244835
87.22318247905793, 0.04755768924951553, 0.04779139161109924
82.17888658132033, 0.035303421318531036, 0.03538348898291588
97.0465588335799, 0.03427537530660629, 0.034474536776542664
98.51993942272357, 0.03488531708717346, 0.03503233939409256
87.1225067397508, 0.03765954449772835, 0.037846747785806656
99.40340033348635, 0.053415697067976, 0.05363284796476364
82.58204737388546, 0.054544609040021896, 0.05470577999949455
96.12515206930915, 0.04279106855392456, 0.04316316172480583
93.05822327693456, 0.03599909693002701, 0.03618136793375015
87.76222677920238, 0.04566875100135803, 0.045834243297576904
100.54459017379519, 0.05078468471765518, 0.051057979464530945
93.81215023991025, 0.054069988429546356, 0.05424231290817261
89.90119032570284, 0.06269592046737671, 0.06302640587091446
94.54284825408425, 0.06569402664899826, 0.0659325122833252
90.83835095107851, 0.06335510313510895, 0.06363075226545334
82.79734510270868, 0.052507948130369186, 0.05249945446848869
82.71753791099556, 0.05284985154867172, 0.05281993746757507
87.41287516133379, 0.05391749367117882, 0.05401761829853058
86.91745044787925, 0.052790649235248566, 0.05314130336046219
90.56484983902911, 0.05600398778915405, 0.05626187473535538
88.44135154948194, 0.059226855635643005, 0.05959635227918625
87.56788326438837, 0.0530712753534317, 0.05338798463344574
76.55495084821852, 0.04981135576963425, 0.04995829984545708
81.12715430987619, 0.047530245035886765, 0.0477207712829113
100.83566224979892, 0.05017506331205368, 0.05037035793066025
86.60116434087072, 0.04662693664431572, 0.047152869403362274
86.99663114246795, 0.047876980155706406, 0.04816654324531555
79.40932525238453, 0.048264019191265106, 0.04859468340873718
78.49372821667136, 0.04763958975672722, 0.0479712188243866
78.12998497110289, 0.045973360538482666, 0.046049412339925766
84.10898342663124, 0.04484743997454643, 0.04481927677989006
88.2859458265841, 0.043927889317274094, 0.04425279423594475
105.69304666163535, 0.04140542820096016, 0.04179149121046066
77.73305517835647, 0.03890535235404968, 0.03921143338084221
76.9601954939954, 0.03789811581373215, 0.03822708502411842
81.75668144017224, 0.0367668941617012, 0.03721148520708084
84.02000593429833, 0.03770764172077179, 0.03791625797748566
82.66649449249182, 0.03462345153093338, 0.03469303250312805
106.87095937473894, 0.03664457052946091, 0.0375647246837616
96.83396520022875, 0.03206699714064598, 0.0327046737074852
91.06344146967699, 0.037004001438617706, 0.03743278980255127
71.81285465173148, 0.03155563399195671, 0.03180777281522751
79.72287025456498, 0.03234357759356499, 0.03254600986838341
85.18098654175336, 0.032554492354393005, 0.03294333815574646
74.26892071794782, 0.03640756011009216, 0.03645065426826477
90.3206088851397, 0.029211293905973434, 0.029759541153907776
82.42645878296456, 0.02845148742198944, 0.028679687529802322
97.25803388954786, 0.02857927605509758, 0.029125399887561798
81.65991922910389, 0.028895817697048187, 0.02915804833173752
76.78707656901923, 0.028412114828824997, 0.028906812891364098
76.19654962700488, 0.029017284512519836, 0.029249943792819977
88.33482075300118, 0.03049584850668907, 0.03048546239733696
89.3568206080394, 0.029299642890691757, 0.029916711151599884
98.18636289109074, 0.02970024012029171, 0.03044114261865616
95.18974718196581, 0.03307873010635376, 0.03359389305114746
102.33056910257676, 0.032635077834129333, 0.03283420950174332
83.12536318049196, 0.03570924699306488, 0.03597421944141388
74.62360916388127, 0.031365036964416504, 0.03145495802164078
84.89136207922232, 0.03072027489542961, 0.0307784304022789
89.33782579341005, 0.030622703954577446, 0.030852902680635452
93.25377414702797, 0.029656358063220978, 0.029844900593161583
90.68587462876397, 0.03457438200712204, 0.03487750142812729
95.12537112404009, 0.036466602236032486, 0.03680854290723801
87.97517259753776, 0.0345160998404026, 0.034839510917663574
87.82261760419642, 0.035375483334064484, 0.03553619235754013
89.068172669811, 0.033588919788599014, 0.03372405469417572
104.1693199786168, 0.0317617766559124, 0.031952887773513794
99.77808200585886, 0.034918881952762604, 0.035352833569049835
88.18469690931418, 0.04056238755583763, 0.040774524211883545
94.8111095019342, 0.04402446001768112, 0.044129349291324615
73.67628908480948, 0.04664071649312973, 0.046919744461774826
89.2513845243275, 0.04578199237585068, 0.045915018767118454
80.39458907338869, 0.041649989783763885, 0.04176906496286392
89.99590608699414, 0.03808845579624176, 0.03831394389271736
93.3156813839192, 0.03689928352832794, 0.03709565848112106
102.60541872845621, 0.036976173520088196, 0.03729422017931938
88.80948450735953, 0.03700943663716316, 0.037264131009578705
90.16279352237483, 0.042096417397260666, 0.04237869009375572
89.8756589232423, 0.04679042100906372, 0.04667096585035324
85.12996717715637, 0.041913971304893494, 0.041753917932510376
99.48330960640176, 0.04100567847490311, 0.041166167706251144
95.09321574773485, 0.047768108546733856, 0.04800046607851982
91.65901657056965, 0.05184939503669739, 0.052349865436553955
91.27456153398859, 0.0590975284576416, 0.05928811430931091
87.58674739243831, 0.06903038918972015, 0.06920601427555084
92.5277288360996, 0.07360392063856125, 0.07364360988140106
87.55897846526429, 0.07336367666721344, 0.07342419028282166
90.06434218309364, 0.06209614872932434, 0.062222760170698166
105.6114053851558, 0.06332363188266754, 0.06362505257129669
97.99842163498414, 0.07141946256160736, 0.07211368530988693
85.3293228578847, 0.06406790763139725, 0.06459995359182358
85.46878329427841, 0.07919034361839294, 0.07958166301250458
85.17418563856494, 0.08360671997070312, 0.08392980694770813
91.48666848047834, 0.0738694965839386, 0.07396237552165985
92.00186357701912, 0.0717204362154007, 0.07190338522195816
101.66990661909027, 0.08833962678909302, 0.0887535959482193
90.20166241862404, 0.08775348961353302, 0.08834055066108704
86.87539719099966, 0.0904904305934906, 0.09106765687465668
95.65736969776151, 0.10927274078130722, 0.10989640653133392
104.43289715720117, 0.12289880216121674, 0.12329548597335815
98.96825636954125, 0.11451785266399384, 0.11496007442474365
103.00900544533856, 0.09483741223812103, 0.09503097832202911
107.15612837395095, 0.10314987599849701, 0.10359609127044678
100.34550889558412, 0.1160845085978508, 0.11679284274578094
101.4846769672949, 0.12907996773719788, 0.12980131804943085
94.88224928782945, 0.1362341344356537, 0.13686539232730865
91.48869922527139, 0.14292247593402863, 0.14330124855041504
90.60797433794917, 0.10497379302978516, 0.10561871528625488
92.20227505646722, 0.08889400959014893, 0.08911824226379395
89.3784930510662, 0.09109615534543991, 0.09170456230640411
108.0159409670461, 0.09307949244976044, 0.09370239824056625
104.00869052338273, 0.10797777026891708, 0.10880997776985168
101.53542035585525, 0.13861295580863953, 0.13971830904483795
98.19435893070754, 0.1320842206478119, 0.13296295702457428
95.25572281692904, 0.11493229120969772, 0.11587971448898315
98.34691585509633, 0.11126091331243515, 0.11225782334804535
106.30328416628348, 0.10984264314174652, 0.11100596189498901
99.37531050685543, 0.13020843267440796, 0.13155120611190796
104.68155890682718, 0.1756957769393921, 0.17698107659816742
81.1308241855456, 0.2040141224861145, 0.20540285110473633
105.23819176592788, 0.17242078483104706, 0.17320775985717773
94.16693899260355, 0.15587542951107025, 0.15702369809150696
93.34084376716973, 0.148514986038208, 0.1494743824005127
101.4122976733313, 0.1449812650680542, 0.1463703215122223
110.47058196746295, 0.15900492668151855, 0.16067329049110413
102.6109076663631, 0.2085711658000946, 0.20975343883037567
104.49614837271658, 0.2373950481414795, 0.23887497186660767
88.98397147953102, 0.1946529597043991, 0.19589290022850037
96.27979551902976, 0.1770515739917755, 0.1780872642993927
93.1860477106112, 0.17869162559509277, 0.17960099875926971
100.08951663484315, 0.1388762891292572, 0.13984563946723938
90.82146265728915, 0.2039303034543991, 0.20501300692558289
101.55236212650135, 0.23748569190502167, 0.23853562772274017
94.45317555396221, 0.21738362312316895, 0.21827559173107147
93.13464193797464, 0.21130655705928802, 0.21222011744976044
80.35639406893341, 0.20915257930755615, 0.2100035548210144
81.86430343308245, 0.21505765616893768, 0.21588143706321716
89.24465071186758, 0.21161118149757385, 0.21265217661857605
91.23419675451667, 0.23343484103679657, 0.23415952920913696
86.45460243685264, 0.29656052589416504, 0.2975119948387146
90.43447140296833, 0.31465327739715576, 0.3157555162906647
91.704691260306, 0.269755095243454, 0.2706117331981659
93.2802294838982, 0.26840949058532715, 0.26925110816955566
80.3587998400243, 0.27090269327163696, 0.27164462208747864
84.6505372101755, 0.25743037462234497, 0.2582356333732605
86.04919901655958, 0.26637738943099976, 0.26733678579330444
76.25135994752736, 0.3183334767818451, 0.31898564100265503
93.3460230360429, 0.3115707337856293, 0.3121821880340576
82.33641813981477, 0.2962868809700012, 0.2971171438694
86.72613641666474, 0.2906580865383148, 0.29118606448173523
85.66926853306548, 0.2901007831096649, 0.29079753160476685
88.98404256736318, 0.30184030532836914, 0.3025919795036316
81.54400079330595, 0.32676342129707336, 0.3275254964828491
79.96671971003386, 0.37174010276794434, 0.372354120016098
84.45378803652154, 0.35284945368766785, 0.35340213775634766
79.94477088148022, 0.3479292392730713, 0.348580926656723
72.96723103830972, 0.35512977838516235, 0.3558102548122406
76.52988216375954, 0.3322741389274597, 0.33283841609954834
82.05650638905331, 0.33272263407707214, 0.33308690786361694
90.10788206792277, 0.34461313486099243, 0.34516000747680664
75.72641579678866, 0.39411982893943787, 0.3945799469947815
83.04661300627454, 0.38273191452026367, 0.38324087858200073
81.11674417555872, 0.35594186186790466, 0.3562558889389038
79.39543043112253, 0.33513984084129333, 0.33517488837242126
92.67137683845203, 0.33283525705337524, 0.3333371579647064
79.74502259081335, 0.3245263695716858, 0.32495415210723877
85.83303147413604, 0.3322274088859558, 0.3325919806957245
76.19293799341474, 0.36034804582595825, 0.3608269691467285
85.95419377651208, 0.3465861976146698, 0.34686097502708435
75.7285644714276, 0.35921621322631836, 0.3592333197593689
75.7820985351258, 0.3625396192073822, 0.36266979575157166
77.43176630034031, 0.3589661121368408, 0.35908374190330505
82.39763484577345, 0.33366286754608154, 0.3339361548423767
78.65626657306386, 0.3367385268211365, 0.33689841628074646
76.21551154429646, 0.3653660714626312, 0.36558064818382263
78.75491557432065, 0.36813339591026306, 0.36838898062705994
83.43882854237391, 0.3620895743370056, 0.3622184693813324
75.55363780984695, 0.35177525877952576, 0.3518680930137634
73.36288294142884, 0.33442896604537964, 0.33442389965057373
69.85411750523299, 0.3226276636123657, 0.32284101843833923
78.98646451667211, 0.32610881328582764, 0.3260648250579834
75.74562452041394, 0.32450878620147705, 0.32433775067329407
58.245649099594516, 0.3428651690483093, 0.34238824248313904
74.35434893341815, 0.3434031009674072, 0.34317952394485474
67.14620364355892, 0.33547958731651306, 0.3349287211894989
69.19542508415998, 0.31706374883651733, 0.31684809923171997
67.80986642945253, 0.3089604079723358, 0.30888769030570984
56.60680776951225, 0.3067392110824585, 0.30658841133117676
66.83424745779038, 0.29888713359832764, 0.29879701137542725
60.710246303925175, 0.30417948961257935, 0.30383965373039246
63.078192404955, 0.31173816323280334, 0.311094731092453
55.64515378601203, 0.31110668182373047, 0.31060469150543213
63.725073079363746, 0.3081609904766083, 0.3076949715614319
58.73772359601343, 0.30601584911346436, 0.3058057427406311
65.72295729456678, 0.317342072725296, 0.31680426001548767
50.38904247290553, 0.32048580050468445, 0.319933146238327
59.27129133963998, 0.3319973945617676, 0.33167243003845215
48.76220478589322, 0.3470107316970825, 0.34605324268341064
50.5422924838886, 0.3584151268005371, 0.3574705719947815
53.52745829575017, 0.3367728590965271, 0.3357357680797577
58.281660122681274, 0.3373790979385376, 0.33697545528411865
58.64059434937291, 0.33127015829086304, 0.33126556873321533
45.2438545854718, 0.34967041015625, 0.34918463230133057
61.8512865867175, 0.33449071645736694, 0.3342131972312927
54.06015213378516, 0.3353707492351532, 0.3348256051540375
47.551046619929316, 0.3370208442211151, 0.33613884449005127
47.268659085023444, 0.3098374903202057, 0.3089185953140259
62.14120854465779, 0.30466386675834656, 0.30414676666259766
64.84204094633417, 0.30291974544525146, 0.3022722601890564
57.653293577331546, 0.3119172751903534, 0.3114702105522156
50.292199291734285, 0.349888414144516, 0.34932899475097656
42.019927715896, 0.3321422338485718, 0.33116722106933594
53.23922043242051, 0.3200230598449707, 0.3188849985599518
59.880588607687976, 0.31111419200897217, 0.3100990653038025
51.31210755078302, 0.30511361360549927, 0.3044424057006836
46.31206525205868, 0.3053987920284271, 0.3049578368663788
49.53519770848271, 0.3232036828994751, 0.3224390149116516
45.69718986580083, 0.3447050452232361, 0.34377917647361755
51.43911115589986, 0.3282495141029358, 0.32719743251800537
46.70569479185679, 0.31494176387786865, 0.3140518367290497
53.731194130524095, 0.3063420355319977, 0.30498647689819336
61.508201450156285, 0.29346007108688354, 0.2930822968482971
56.6079121592965, 0.29685601592063904, 0.29631805419921875
49.474922083566064, 0.3291139602661133, 0.32940396666526794
51.44000647333156, 0.34212610125541687, 0.34170806407928467
45.482689140831916, 0.3359854221343994, 0.3355092406272888
51.88908541615579, 0.3273286819458008, 0.32603704929351807
47.677271004394896, 0.3068639934062958, 0.30521565675735474
49.67081098610417, 0.30023300647735596, 0.29953354597091675
52.51617500109552, 0.3105442523956299, 0.3094528615474701
40.79377778677273, 0.3354107737541199, 0.3349965512752533
54.533882733417244, 0.3566991984844208, 0.35641855001449585
48.76254085369942, 0.32957449555397034, 0.3284817934036255
58.88207158085414, 0.31123456358909607, 0.30973300337791443
56.766541042125226, 0.29161304235458374, 0.2903366684913635
59.865596264927284, 0.28722459077835083, 0.28623735904693604
59.53718962319377, 0.30238816142082214, 0.3015183210372925
61.483228917373516, 0.35876473784446716, 0.35790473222732544
58.16077019695658, 0.40900588035583496, 0.4086369276046753
53.59638851389488, 0.3507862091064453, 0.34975284337997437
57.84386452808355, 0.2850942015647888, 0.28363680839538574
51.3777006900209, 0.2861648201942444, 0.284673810005188
64.51968170662683, 0.2678335905075073, 0.2670574486255646
51.76757052215084, 0.27563929557800293, 0.2744865119457245
56.84767498765761, 0.3164030909538269, 0.3157913088798523
58.739401562561994, 0.3402280807495117, 0.3398462235927582
44.71493884776056, 0.29817062616348267, 0.2969675064086914
57.92025457760904, 0.28461307287216187, 0.28292787075042725
51.19483990914663, 0.27298757433891296, 0.2715942859649658
67.77345670363424, 0.2640906572341919, 0.2630861699581146
58.911494650849555, 0.26624637842178345, 0.26533758640289307
57.54288170632477, 0.30658185482025146, 0.30567795038223267
57.002576470183264, 0.3388969302177429, 0.33798980712890625
44.58967220908448, 0.31977221369743347, 0.3183727264404297
63.1869672394201, 0.3147560954093933, 0.3131900727748871
54.49344703653258, 0.2811696529388428, 0.2793344259262085
50.57218220456338, 0.2624853849411011, 0.26134467124938965
54.83803309353909, 0.2800806760787964, 0.27925077080726624
56.19793978850101, 0.3349926471710205, 0.33404168486595154
57.428897934373005, 0.36680030822753906, 0.3665592074394226
48.42167289476531, 0.35661423206329346, 0.35544830560684204
50.157952937780294, 0.2987588942050934, 0.2973480224609375
59.10541467350073, 0.2728385329246521, 0.27162814140319824
67.86901557677899, 0.27282997965812683, 0.27289319038391113
63.77314858209594, 0.2784189283847809, 0.27759823203086853
63.75190916802068, 0.3177124261856079, 0.3168480396270752
64.02464727307265, 0.3368556499481201, 0.33653658628463745
54.81003587871351, 0.2966141104698181, 0.29535460472106934
57.93033030996554, 0.2680513858795166, 0.2666727900505066
48.87329014834796, 0.25182315707206726, 0.25042060017585754
53.1341645011692, 0.23989753425121307, 0.2391902208328247
58.64754490322731, 0.25107598304748535, 0.2508104145526886
56.41035860668854, 0.2821807265281677, 0.28145134449005127
51.50239356500192, 0.32504528760910034, 0.32422569394111633
52.290953700560536, 0.3002510070800781, 0.2990919053554535
53.984456269775734, 0.2712658643722534, 0.2700548768043518
60.32638176285767, 0.2624426484107971, 0.261605829000473
66.34205304627511, 0.25044912099838257, 0.2500380277633667
59.91928889517457, 0.24439015984535217, 0.2438870370388031
55.64022682167638, 0.2504287362098694, 0.24940374493598938
53.501624459933375, 0.26531705260276794, 0.26477402448654175
56.979298335588176, 0.25721025466918945, 0.2560166120529175
58.01220487562452, 0.24077042937278748, 0.23963896930217743
61.96507094835557, 0.23063711822032928, 0.22928735613822937
64.1035949703485, 0.21755966544151306, 0.2177562713623047
67.42380618520329, 0.21528586745262146, 0.21549545228481293
74.94618022253096, 0.21882840991020203, 0.21824316680431366
65.03814786494664, 0.2305614948272705, 0.22992490231990814
51.95675115126495, 0.24433569610118866, 0.24317920207977295
64.37376166585621, 0.23687776923179626, 0.23571299016475677
60.50782935461903, 0.22985729575157166, 0.2284165620803833
56.008115252659046, 0.229650616645813, 0.22877447307109833
63.72769146097714, 0.22317612171173096, 0.2219051718711853
55.6881479824015, 0.21129171550273895, 0.210342139005661
68.5690339172871, 0.19551968574523926, 0.1948922574520111
69.14486406925877, 0.17835287749767303, 0.17807593941688538
62.75929231111937, 0.16646063327789307, 0.16548380255699158
80.54028679401068, 0.14771251380443573, 0.14781367778778076
75.78328754756376, 0.13851717114448547, 0.13829800486564636
69.91920698878246, 0.1255272924900055, 0.12550027668476105
62.822535455585765, 0.12761804461479187, 0.1269821673631668
60.41576009033738, 0.1215030699968338, 0.12107878178358078
66.11626626933818, 0.11705627292394638, 0.11622194945812225
64.92680792173968, 0.11372198164463043, 0.11274408549070358
62.385903130130814, 0.11568322032690048, 0.11501765251159668
80.64686898415138, 0.11951518058776855, 0.11943229287862778
71.5540588859135, 0.10337203741073608, 0.10255752503871918
71.36549751823263, 0.1001223549246788, 0.09988853335380554
64.13215866690183, 0.0985487550497055, 0.09824671596288681
73.27929775553159, 0.08835002034902573, 0.08776435256004333
64.68896447350895, 0.0889216959476471, 0.08842307329177856
77.31519279101394, 0.0818466916680336, 0.08156374841928482
78.32232122541629, 0.09068454802036285, 0.0903085470199585
62.038865941351226, 0.08809398859739304, 0.08707188069820404
71.93043113740538, 0.08992307633161545, 0.08946329355239868
64.47160829800106, 0.08637076616287231, 0.0857696384191513
65.2090800599894, 0.0865774154663086, 0.0860537439584732
65.7506251597183, 0.08443959802389145, 0.08393188565969467
76.07882790800014, 0.07900574058294296, 0.07870372384786606
78.32903850774574, 0.07660932838916779, 0.07615633308887482
69.03462318530205, 0.07096008956432343, 0.07076382637023926
73.41338785975285, 0.07829249650239944, 0.07803992182016373
67.02473075707675, 0.07315432280302048, 0.07286375015974045
73.03081723927959, 0.08250109106302261, 0.08206072449684143
73.75084949961189, 0.0807664692401886, 0.07988272607326508
73.64546077745557, 0.07786744832992554, 0.07727231085300446
62.44640766007009, 0.07644596695899963, 0.07595112174749374
75.90215556357555, 0.07321806252002716, 0.07296599447727203
71.84460354623775, 0.07079016417264938, 0.07043935358524323
69.86712883956622, 0.08991168439388275, 0.08961030095815659
74.19853069077232, 0.08878086507320404, 0.0881422907114029
70.71965371395493, 0.08816538751125336, 0.08741289377212524
71.08943220625075, 0.09091648459434509, 0.09027762711048126
75.62424766556585, 0.08578719943761826, 0.08525087684392929
68.46637526137587, 0.0846872478723526, 0.08449011296033859
78.15441363412039, 0.08749130368232727, 0.08712368458509445
80.48384869616471, 0.09653651714324951, 0.09648323059082031
73.4861719532988, 0.08431386202573776, 0.08382609486579895
66.01122751338362, 0.07302874326705933, 0.07227817922830582
70.0988822073064, 0.06713569164276123, 0.06692017614841461
74.61943502005725, 0.07686156034469604, 0.07669401168823242
78.75537954256355, 0.07700495421886444, 0.0767325758934021
77.98169348271978, 0.07231804728507996, 0.07227407395839691
80.86137736550101, 0.07139203697443008, 0.07144879549741745
70.13242736189089, 0.07913588732481003, 0.07868977636098862
79.73335356752035, 0.08139462769031525, 0.08107217401266098
69.76971390565079, 0.08075552433729172, 0.08059421926736832
72.32102657317245, 0.10202306509017944, 0.10170111060142517
85.75750571310836, 0.09869100898504257, 0.09876196086406708
83.10968849710457, 0.07939717173576355, 0.07972806692123413
73.72282395727278, 0.07635023444890976, 0.0763530358672142
71.92462594473864, 0.07839568704366684, 0.07820811867713928
74.93932645716107, 0.067039355635643, 0.06698720157146454
75.85742203808309, 0.06669530272483826, 0.06666761636734009
77.19986166266709, 0.07324482500553131, 0.0730762779712677
77.14224596489723, 0.06877587735652924, 0.06844130158424377
76.24118930591486, 0.06566549837589264, 0.06575631350278854
83.78844697340163, 0.07050915062427521, 0.0705513060092926
74.82573323392646, 0.06601710617542267, 0.06593247503042221
73.26896181770441, 0.06895147264003754, 0.0688595175743103
85.63943986529544, 0.06737543642520905, 0.06732654571533203
82.9451347409287, 0.07289797067642212, 0.07298397272825241
79.77143573652744, 0.07596993446350098, 0.07620000839233398
78.25611174495704, 0.07497914135456085, 0.07514415681362152
86.36933326363777, 0.07733044773340225, 0.07774175703525543
77.13859325948498, 0.07936011254787445, 0.07977067679166794
77.03703528866161, 0.07833223044872284, 0.0786072239279747
80.80560094177845, 0.0770309790968895, 0.07765796035528183
83.29146935427654, 0.0796479731798172, 0.07996311038732529
81.36150143183076, 0.0786219984292984, 0.07864052802324295
79.4286798440031, 0.07312750071287155, 0.07295602560043335
79.78093712936764, 0.08015437424182892, 0.08005809783935547
81.98913633214303, 0.08508807420730591, 0.08492815494537354
82.70802086429556, 0.088438980281353, 0.08841095864772797
88.00420617794185, 0.08066564798355103, 0.0805346816778183
82.40507507768416, 0.0844874307513237, 0.08452006429433823
88.90082472744155, 0.0903068333864212, 0.09030358493328094
85.409453664278, 0.09401747584342957, 0.0938870906829834
76.80424830382209, 0.09832219779491425, 0.09860745072364807
84.22816888557486, 0.0807294175028801, 0.08085677027702332
85.72690782226869, 0.08285017311573029, 0.08307000994682312
86.025990906149, 0.07348565012216568, 0.07351686805486679
88.11963839314147, 0.0746908038854599, 0.0748915821313858
81.38857338892353, 0.07513757050037384, 0.07494858652353287
80.54068321285304, 0.07695326954126358, 0.0767802745103836
81.45271454837268, 0.07967592775821686, 0.07973337918519974
85.27926243217334, 0.07775124162435532, 0.07794199883937836
83.51403047753793, 0.08195619285106659, 0.08199836313724518
89.53540298672591, 0.08500533550977707, 0.08506055921316147
83.25354442592267, 0.08860846608877182, 0.08842881768941879
81.04184935698999, 0.08679810166358948, 0.08658768981695175
74.7687473866925, 0.0887451022863388, 0.088384710252285
83.47231789897187, 0.09054174274206161, 0.09037703275680542
79.64591630247608, 0.09403720498085022, 0.0938878059387207
81.65433450569179, 0.1056751236319542, 0.10562950372695923
95.80424811012514, 0.1039261743426323, 0.10389590263366699
79.21316341263667, 0.09781578183174133, 0.09755189716815948
75.63962441408187, 0.10469047725200653, 0.10448162257671356
65.48878965353173, 0.11303824186325073, 0.1128082275390625
76.23675297109595, 0.14376245439052582, 0.14320330321788788
74.30495263864583, 0.13061290979385376, 0.13003773987293243
83.0935101875006, 0.11631371825933456, 0.11583151668310165
79.24518397036717, 0.11440218985080719, 0.11420956254005432
90.57356052098154, 0.11022807657718658, 0.11058306694030762
73.45228344635305, 0.11623292416334152, 0.11628203094005585
79.30022125287887, 0.1264791041612625, 0.12642335891723633
76.09414228813309, 0.12987017631530762, 0.12945333123207092
69.22695159156525, 0.13855119049549103, 0.13795433938503265
70.71586199189977, 0.13369181752204895, 0.1332719624042511
76.04481528847198, 0.12231121957302094, 0.1221691220998764
70.5811680281178, 0.11549075692892075, 0.11545674502849579
75.51231014937797, 0.11348378658294678, 0.11329161375761032
71.29418577717372, 0.12705759704113007, 0.12668278813362122
71.17350463153342, 0.14016921818256378, 0.13979780673980713
69.25360179983713, 0.12922316789627075, 0.12871243059635162
81.42707268088034, 0.14015750586986542, 0.1399673968553543
76.44030306100294, 0.1369667649269104, 0.1370125412940979
79.70509329389404, 0.13765960931777954, 0.1378699690103531
68.46717744826363, 0.13312283158302307, 0.13288691639900208
78.09554365847659, 0.14381298422813416, 0.14353829622268677
71.49418490807234, 0.1356726735830307, 0.13536648452281952
79.36912608499098, 0.13923464715480804, 0.1389787197113037
81.64591671311078, 0.1367516815662384, 0.13677959144115448
82.67471950522041, 0.13484962284564972, 0.1347007304430008
62.905550198869186, 0.12321820110082626, 0.12299664318561554
65.50034192053766, 0.128927081823349, 0.12844878435134888
80.77005407826863, 0.1428040862083435, 0.14238566160202026
71.68709436241751, 0.17461535334587097, 0.17393909394741058
82.83390471189622, 0.14886701107025146, 0.14803312718868256
62.90556170710114, 0.14408329129219055, 0.14373832941055298
56.2595193804806, 0.13978196680545807, 0.13945528864860535
75.87382177078157, 0.14799830317497253, 0.14751863479614258
72.63913770219513, 0.15967300534248352, 0.1593683809041977
64.69144454662779, 0.19980160892009735, 0.19963005185127258
68.40076632114045, 0.23118853569030762, 0.23077377676963806
56.754634579771455, 0.2252875417470932, 0.22429156303405762
59.6581423811171, 0.21751753985881805, 0.21711501479148865
84.82698557241278, 0.19945037364959717, 0.1995450258255005
69.66156490951941, 0.20425090193748474, 0.20479480922222137
76.22335731351602, 0.2197851538658142, 0.2202436774969101
77.80011183005998, 0.23377415537834167, 0.2341875284910202
64.9277278931959, 0.2295287847518921, 0.23004500567913055
72.8747763188722, 0.22975485026836395, 0.22968921065330505
71.73118420804363, 0.22828921675682068, 0.2281305491924286
83.00285683221404, 0.21507713198661804, 0.21523559093475342
69.39722477788736, 0.20358775556087494, 0.20396944880485535
97.9336353814217, 0.2110568732023239, 0.21167075634002686
92.00122541875601, 0.24109706282615662, 0.24142663180828094
74.82152064790824, 0.22681961953639984, 0.22742855548858643
75.4884311010573, 0.2082335203886032, 0.20841270685195923
76.90424681735064, 0.21106068789958954, 0.21128492057323456
76.44193836423499, 0.2010544240474701, 0.20123910903930664
81.29110264074095, 0.20816431939601898, 0.20834366977214813
77.59427927885187, 0.23488640785217285, 0.23528775572776794
73.62556259137425, 0.2664969563484192, 0.2667056918144226
86.21158434956135, 0.21339385211467743, 0.21331892907619476
80.66172547538025, 0.19802311062812805, 0.19815495610237122
72.49315208072585, 0.18790990114212036, 0.18790268898010254
81.4592173396264, 0.18249428272247314, 0.18251828849315643
80.55500851392425, 0.17029079794883728, 0.17035101354122162
82.02668802690869, 0.17484495043754578, 0.1751706302165985
78.6075454968585, 0.2032361477613449, 0.20341496169567108
86.10860277127837, 0.17880451679229736, 0.17892679572105408
75.23183999159359, 0.177493616938591, 0.1774902194738388
76.02242131217265, 0.17962849140167236, 0.17980389297008514
83.93156861142805, 0.18812724947929382, 0.18860077857971191
84.5477021026357, 0.18487471342086792, 0.18521259725093842
74.09561448438534, 0.1858309954404831, 0.18616697192192078
81.8609113885012, 0.18936893343925476, 0.18941140174865723
75.52637199292037, 0.17358452081680298, 0.1734503209590912
75.76915727161645, 0.1519247144460678, 0.15174925327301025
71.71983730572073, 0.145470529794693, 0.14534352719783783
84.49361985826128, 0.1455117017030716, 0.1459488868713379
84.9553725695406, 0.14235973358154297, 0.14288750290870667
69.89961061800817, 0.16121093928813934, 0.1616341471672058
79.77074428915691, 0.1620272696018219, 0.16198690235614777
68.69434352895026, 0.1353088617324829, 0.1353810429573059
75.69063325195681, 0.1376001238822937, 0.13740257918834686
69.19336643583507, 0.14249259233474731, 0.1423293650150299
90.73252028449457, 0.12886905670166016, 0.12941431999206543
90.07120050490506, 0.12741702795028687, 0.12791717052459717
87.87518413965188, 0.1464952677488327, 0.14699314534664154
82.54981026204914, 0.1355852335691452, 0.13582199811935425
73.70799847069469, 0.10966275632381439, 0.10950978845357895
76.25244721580069, 0.10666583478450775, 0.1064530611038208
93.31641408127909, 0.10768505185842514, 0.10775750875473022
94.18569711684397, 0.10231834650039673, 0.10278233140707016
82.24750875583428, 0.0961209386587143, 0.09664805978536606
83.20150322983237, 0.11185552179813385, 0.11220152676105499
95.53563294248623, 0.11781106889247894, 0.1181061863899231
77.81464298636948, 0.11228311061859131, 0.11235050857067108
62.08909671659698, 0.11222010105848312, 0.11209142208099365
70.05374826984855, 0.11712338775396347, 0.11722895503044128
76.94488129248485, 0.11918766796588898, 0.11946561932563782
73.92129687941464, 0.0970086008310318, 0.0972980409860611
74.44796932653406, 0.09575708210468292, 0.09611193835735321
88.47454633818269, 0.09873715043067932, 0.09891590476036072
77.9644800831069, 0.10220766067504883, 0.1024034172296524
72.6580755916656, 0.10754390060901642, 0.1073760911822319
71.01808457714151, 0.12207739800214767, 0.1219596415758133
82.49373040366233, 0.12025122344493866, 0.12025687098503113
81.13707075324166, 0.10642492771148682, 0.10677015781402588
69.00508826579971, 0.1073557585477829, 0.10751546919345856
77.82947641821788, 0.10355734825134277, 0.10356861352920532
79.391096042013, 0.09983616322278976, 0.09972222149372101
81.43023796801923, 0.10027848184108734, 0.10010474920272827
80.5726323782135, 0.11159990727901459, 0.11143572628498077
85.25761036876885, 0.10906170308589935, 0.10905387997627258
72.64355302074885, 0.10235913842916489, 0.10217931866645813
81.63898904855894, 0.10053085535764694, 0.10064207017421722
79.7227418357303, 0.09860783070325851, 0.09866790473461151
76.99537583200322, 0.08891430497169495, 0.08884349465370178
72.37392415545214, 0.08512696623802185, 0.08495835959911346
72.35209324258034, 0.09253483265638351, 0.09240256249904633
83.21629619455824, 0.08799368143081665, 0.08805522322654724
87.92082536122862, 0.08323930203914642, 0.08340293169021606
77.71129510178834, 0.08170823752880096, 0.08179505169391632
81.73450459021353, 0.08733441680669785, 0.0875476598739624
64.71156847267923, 0.09023374319076538, 0.09021534770727158
69.3678118661016, 0.08041498810052872, 0.0802159383893013
78.50204362786972, 0.07974873483181, 0.07962598651647568
79.66642079852112, 0.07078501582145691, 0.07089122384786606
79.31282583932453, 0.06649412214756012, 0.06686457246541977
80.17060563064601, 0.06547708809375763, 0.06557174026966095
78.04384688308348, 0.0686686635017395, 0.06873771548271179
91.27440066458126, 0.07461228221654892, 0.07499794661998749
77.10991009767717, 0.07395663112401962, 0.07400810718536377
76.35655553768466, 0.07251729816198349, 0.07263627648353577
72.52150928989143, 0.06706847250461578, 0.06711643934249878
83.67191676414492, 0.0628083348274231, 0.06288670748472214
83.96614743883556, 0.06007146090269089, 0.06005658954381943
74.03621122686735, 0.058629583567380905, 0.058873385190963745
79.55425798607384, 0.058168791234493256, 0.058212440460920334
80.27772938273493, 0.05911893770098686, 0.059280067682266235
75.73636084323205, 0.07009382545948029, 0.06989450752735138
81.9328186735076, 0.06515844166278839, 0.06497524678707123
78.05382521674849, 0.05796701833605766, 0.05835318565368652
87.01200876951275, 0.05057372897863388, 0.050695907324552536
83.88200193899131, 0.04817705973982811, 0.048332925885915756
90.00416065034085, 0.04678745195269585, 0.046992264688014984
78.60987784714655, 0.04504448175430298, 0.045047223567962646
76.39151191587709, 0.04544781893491745, 0.04536888003349304
90.30252150298797, 0.04095049947500229, 0.04120762646198273
88.37932588583347, 0.035810139030218124, 0.03620048984885216
89.52440675908154, 0.03592710942029953, 0.036268189549446106
93.00197443830749, 0.0365002304315567, 0.03701908513903618
81.56427322792308, 0.038749225437641144, 0.03922349214553833
87.36522631999101, 0.04123420640826225, 0.041383951902389526
82.63423427452202, 0.04493362829089165, 0.04505404829978943
86.4636641868539, 0.03747231140732765, 0.03778212144970894
83.50201296623868, 0.03492501378059387, 0.035367123782634735
94.12748825201973, 0.03450562059879303, 0.035260267555713654
94.42097159649539, 0.03411244601011276, 0.03459128364920616
93.52427450334953, 0.039617352187633514, 0.03992047160863876
91.83824326779903, 0.046739183366298676, 0.04723163694143295
79.50233236518494, 0.05820988118648529, 0.05837507173418999
81.82576714822736, 0.05788659304380417, 0.057923343032598495
80.93900531492305, 0.056289009749889374, 0.05638051778078079
80.76979804621993, 0.05325523018836975, 0.05381224676966667
75.0465619634371, 0.050783317536115646, 0.05138818547129631
82.01238368361042, 0.05668450519442558, 0.05731622502207756
88.81324394808162, 0.07284065335988998, 0.07330404222011566
80.50577149979033, 0.07068325579166412, 0.07054600119590759
77.41114185888537, 0.07093961536884308, 0.0711340680718422
68.63967528852338, 0.06827156990766525, 0.06832940876483917
80.44579273532109, 0.06372398883104324, 0.06387070566415787
82.40334466247704, 0.06217857450246811, 0.06260688602924347
81.40558930254528, 0.06398952007293701, 0.06479688733816147
77.30778555587976, 0.07395385205745697, 0.0743594691157341
73.49914440919112, 0.07303990423679352, 0.07293212413787842
74.91921656129836, 0.06969432532787323, 0.0695420652627945
75.19385076189967, 0.0670778751373291, 0.06714272499084473
81.51378738792339, 0.0653599351644516, 0.06580603867769241
77.18604451918549, 0.06586512923240662, 0.0662839263677597
70.81746287918624, 0.07228904962539673, 0.07252487540245056
79.96235503433763, 0.07999694347381592, 0.08023654669523239
70.56236807394501, 0.0745048075914383, 0.07416440546512604
71.15381211328659, 0.07459677010774612, 0.07426148653030396
69.98118362015794, 0.07150167226791382, 0.07148240506649017
78.96041304978475, 0.06972939521074295, 0.06960172951221466
71.3486496363134, 0.07807695865631104, 0.07826516032218933
80.37359001910944, 0.08145248144865036, 0.08172404766082764
71.93048681747015, 0.06951235979795456, 0.0694521814584732
68.95173869219032, 0.0683278888463974, 0.06807975471019745
77.19320052995353, 0.07226362824440002, 0.0719955712556839
74.26686642426102, 0.06958512961864471, 0.06960421800613403
81.5200405370844, 0.06486929953098297, 0.06501591205596924
81.54713058771306, 0.06482987850904465, 0.06485454738140106
74.2352386798107, 0.07954497635364532, 0.07933110743761063
65.426517466817, 0.08607902377843857, 0.08588340133428574
75.84714596002517, 0.0758017897605896, 0.07558983564376831
74.85856941942951, 0.07774199545383453, 0.07742185890674591
69.10475029055816, 0.07502689212560654, 0.0745057761669159
80.4030359543202, 0.06808886677026749, 0.06807922571897507
70.28826840969683, 0.06884822249412537, 0.06860850751399994
68.49550630674783, 0.07891392707824707, 0.0788397490978241
69.02739635619523, 0.07644301652908325, 0.07600671052932739
64.29789513070824, 0.07354195415973663, 0.07322007417678833
62.75223405434546, 0.07639337331056595, 0.07602500170469284
67.60099922745079, 0.07255635410547256, 0.07230010628700256
79.18328641984755, 0.07330833375453949, 0.07315345108509064
71.14517482164086, 0.0827275812625885, 0.08238121122121811
69.10425679695433, 0.07930728793144226, 0.07900015264749527
72.4523048325576, 0.07517381012439728, 0.07486972212791443
76.79404766196723, 0.07459043711423874, 0.07436030358076096
69.35902812197946, 0.07484720647335052, 0.07436057925224304
79.0716084914789, 0.08129424601793289, 0.08105631172657013
81.70773214238635, 0.08161497116088867, 0.08148127794265747
80.73823894079308, 0.09792842715978622, 0.0980425477027893
85.34480135185058, 0.12883391976356506, 0.12867459654808044
72.24801774622226, 0.11811860650777817, 0.11754222959280014
74.89536763575491, 0.11698006093502045, 0.11624976992607117
74.92712670402429, 0.10894647240638733, 0.10820596665143967
78.98304446902755, 0.11332795023918152, 0.11281673610210419
75.09672548637684, 0.1144353374838829, 0.11416032165288925
73.1249348050459, 0.11647944152355194, 0.11625465005636215
63.158169104755665, 0.13988825678825378, 0.13948306441307068
79.10316687458338, 0.1386142522096634, 0.13816401362419128
70.18618758621734, 0.12268982827663422, 0.12202930450439453
76.37800559708437, 0.11566352844238281, 0.1153169795870781
81.10373346835276, 0.12100758403539658, 0.12069845199584961
73.28422749923784, 0.12144692987203598, 0.12125490605831146
68.03517751889419, 0.10679197311401367, 0.10664772242307663
74.97684794629484, 0.10343573987483978, 0.10319288074970245
76.10048288890222, 0.10390940308570862, 0.10381194204092026
72.84314071561091, 0.10190248489379883, 0.10154517740011215
61.65428485763736, 0.09885822236537933, 0.09828126430511475
73.37849396665958, 0.10353852808475494, 0.10312096774578094
65.16963357129164, 0.10086735337972641, 0.10054951906204224
68.16382059290908, 0.09587126970291138, 0.09583912789821625
72.69477046496324, 0.09548847377300262, 0.09527437388896942
72.60399205005882, 0.10736057162284851, 0.107215516269207
67.22818579183432, 0.11361363530158997, 0.11332138627767563
72.61154670707909, 0.12183038890361786, 0.12140192091464996
80.37888623347159, 0.1268351525068283, 0.12660735845565796
81.41898838677857, 0.1267205774784088, 0.12680286169052124
82.45470376810985, 0.11778248846530914, 0.1177750825881958
76.85869159637807, 0.11406014859676361, 0.11414840817451477
82.50901560514022, 0.11760320514440536, 0.11759712547063828
75.66563301330504, 0.1187216266989708, 0.11843658983707428
62.14266866705881, 0.1189839243888855, 0.11855199933052063
87.32521609911534, 0.1263018250465393, 0.12641996145248413
66.47071435390328, 0.12117671221494675, 0.1211295947432518
78.34204978278136, 0.10857008397579193, 0.10868319869041443
77.19664668998597, 0.10604804009199142, 0.10634069889783859
80.12982853406443, 0.11295978724956512, 0.11307792365550995
73.15773783623403, 0.11472061276435852, 0.11458482593297958
93.0366702312243, 0.11086879670619965, 0.11092209815979004
73.80532032744817, 0.13360314071178436, 0.13328027725219727
64.96430812720392, 0.13484615087509155, 0.1342933028936386
92.83345792835088, 0.1217723935842514, 0.12179131805896759
89.5148061104882, 0.12435410916805267, 0.12440922111272812
77.83548886229052, 0.12924759089946747, 0.1292320042848587
76.03229625598348, 0.14135898649692535, 0.1413733959197998
71.27626164959487, 0.14119338989257812, 0.14124010503292084
83.16466715391655, 0.14732129871845245, 0.147311270236969
86.73169649828273, 0.1439352035522461, 0.1440860778093338
86.85781946020764, 0.1395634263753891, 0.1396096795797348
79.59775505419142, 0.13499562442302704, 0.1350354105234146
85.01081602303638, 0.13065984845161438, 0.1307908296585083
89.21026921629561, 0.13200034201145172, 0.13204221427440643
98.07065902502102, 0.12989121675491333, 0.13019666075706482
82.73362614097009, 0.1457667350769043, 0.14579904079437256
91.13681347223586, 0.15452218055725098, 0.15436825156211853
82.49355386721302, 0.14675739407539368, 0.1468120515346527
79.85156578985216, 0.16594086587429047, 0.16587351262569427
89.59831467180562, 0.17672668397426605, 0.17715148627758026
91.07737097637094, 0.17737309634685516, 0.1777866780757904
86.26205086870844, 0.17148415744304657, 0.17180249094963074
96.72321127247112, 0.18954554200172424, 0.1897781938314438
87.6710063190873, 0.1860945224761963, 0.18606862425804138
82.78451218386287, 0.16573041677474976, 0.16581396758556366
97.83285116675819, 0.15208882093429565, 0.15236839652061462
88.45736118587095, 0.1580720841884613, 0.1582929790019989
88.9979123500148, 0.15607915818691254, 0.15646103024482727
88.93310730103158, 0.1607239842414856, 0.1609227955341339
86.09242087553363, 0.16802018880844116, 0.16834363341331482
83.20473098090235, 0.15871596336364746, 0.15878048539161682
97.8815991150012, 0.1459675133228302, 0.1462852954864502
79.90104479137214, 0.14140765368938446, 0.1412675827741623
81.38205816212971, 0.13731904327869415, 0.13735616207122803
84.1971957646327, 0.14028701186180115, 0.1404178887605667
95.9727123542846, 0.15143606066703796, 0.15158285200595856
88.97701809997679, 0.1601811945438385, 0.1600920855998993
88.6529708273301, 0.15787255764007568, 0.15794864296913147
85.1042778106138, 0.1483759731054306, 0.1482861340045929
82.3204083147372, 0.14759445190429688, 0.1476353406906128
83.85849849569153, 0.1472158133983612, 0.14734363555908203
93.87822568011941, 0.14290720224380493, 0.14324408769607544
85.61496649324174, 0.15547224879264832, 0.15507160127162933
86.09303916411788, 0.16706806421279907, 0.1670944094657898
91.56506971986376, 0.17082320153713226, 0.17075225710868835
89.14384522812674, 0.16334640979766846, 0.16345936059951782
90.80126595058142, 0.14316731691360474, 0.14351651072502136
89.64359578931736, 0.1489291936159134, 0.14913301169872284
94.38005682288913, 0.1596473902463913, 0.16005051136016846
87.79410995278735, 0.1595517247915268, 0.16009634733200073
80.04921959910857, 0.16587303578853607, 0.16615931689739227
98.76553484577704, 0.15749123692512512, 0.15780705213546753
101.45055432450219, 0.1414213478565216, 0.141871839761734
90.21073370230684, 0.12935635447502136, 0.12956097722053528
86.18455372486453, 0.12705965340137482, 0.12735095620155334
88.21183653014381, 0.12167257070541382, 0.12183132022619247
95.43243710365599, 0.13063156604766846, 0.1309603601694107
90.65148025577476, 0.14791685342788696, 0.14791207015514374
94.713392862491, 0.16209152340888977, 0.16234514117240906
84.93940214801135, 0.1553109884262085, 0.15585464239120483
81.78014065068436, 0.14144733548164368, 0.14160488545894623
86.07560881358273, 0.12591904401779175, 0.12615421414375305
90.15242756383778, 0.12876193225383759, 0.12921814620494843
90.1014199578035, 0.13809484243392944, 0.13803733885288239
88.31604679038718, 0.15367303788661957, 0.1537339985370636
90.64910042190054, 0.1635090708732605, 0.16391286253929138
98.68433362287963, 0.16127827763557434, 0.1618364155292511
93.26546158010377, 0.13791829347610474, 0.13802838325500488
86.13981383984792, 0.1323452591896057, 0.13254094123840332
102.35819385718956, 0.13047873973846436, 0.13071531057357788
87.8376187049061, 0.1343616098165512, 0.13464415073394775
101.61269577435404, 0.13969175517559052, 0.13998237252235413
100.01597129691288, 0.14256152510643005, 0.1430138647556305
74.78712680640399, 0.13663175702095032, 0.13643628358840942
81.56846792756501, 0.14049282670021057, 0.1403292417526245
84.76081493282132, 0.1422351896762848, 0.1420339047908783
85.51630232424483, 0.1421508491039276, 0.14195269346237183
98.46052390201038, 0.14420679211616516, 0.14422190189361572
84.60321377088424, 0.1544181853532791, 0.15435463190078735
93.87482714243383, 0.15167924761772156, 0.15187843143939972
84.29738439909872, 0.14337681233882904, 0.14318448305130005
71.7105236595902, 0.1395866870880127, 0.1392642706632614
79.06877115942395, 0.13798971474170685, 0.13746872544288635
82.21969638807504, 0.13628694415092468, 0.13577114045619965
79.59908402123581, 0.13352330029010773, 0.13334988057613373
82.4334790767528, 0.13763605058193207, 0.13746687769889832
87.24984674351676, 0.1377611756324768, 0.13768747448921204
80.65008866545072, 0.13266757130622864, 0.13237464427947998
69.5960904590625, 0.131078839302063, 0.13052082061767578
80.17979119945888, 0.13154128193855286, 0.131181001663208
68.37885700574097, 0.12998102605342865, 0.12966462969779968
86.64909486221809, 0.12711083889007568, 0.12688195705413818
80.12209576734809, 0.12877210974693298, 0.12866273522377014
88.07698534201715, 0.13381502032279968, 0.13397353887557983
71.73758022522652, 0.1310979723930359, 0.13085944950580597
61.74519759346142, 0.12749889492988586, 0.12696093320846558
75.8817469603182, 0.1217513233423233, 0.12116797268390656
59.05895947709791, 0.11779024451971054, 0.11734718084335327
87.17271320520216, 0.10782056301832199, 0.10785448551177979
75.96798977483299, 0.09780782461166382, 0.09776806831359863
74.4764841564064, 0.09284355491399765, 0.09279157966375351
61.7810018612161, 0.1009611114859581, 0.1005563735961914
70.63433317361203, 0.11445202678442001, 0.11353989690542221
55.22260396028528, 0.10666874051094055, 0.10587602853775024
60.74262196383784, 0.10054334253072739, 0.09972207248210907
85.53419304386749, 0.09486429393291473, 0.09483363479375839
66.05131650768472, 0.09349721670150757, 0.09356385469436646
70.24989937313299, 0.09301541745662689, 0.09337251633405685
72.07197226077791, 0.10661695897579193, 0.10688617825508118
58.77000323974764, 0.111475870013237, 0.11120866239070892
55.24759259950769, 0.10667114704847336, 0.1060667559504509
68.34017286664515, 0.09619253128767014, 0.09539970010519028
75.73969514137079, 0.09081375598907471, 0.09182922542095184
76.45137055958206, 0.0906524658203125, 0.0912884771823883
65.304785720468, 0.09755437076091766, 0.09797577559947968
57.5929573235187, 0.08898230642080307, 0.08889051526784897
63.170314964904, 0.10356693714857101, 0.10339730232954025
68.6980567551513, 0.09385626763105392, 0.09335272014141083
67.87678511024534, 0.08931218087673187, 0.08909662812948227
82.47416542275275, 0.08814158290624619, 0.08785073459148407
83.78549564528586, 0.09934084117412567, 0.09925942867994308
64.20769299458325, 0.10331394523382187, 0.10377389192581177
74.88769331845714, 0.09598632901906967, 0.09657888859510422
71.11554266183312, 0.12053267657756805, 0.12084105610847473
78.6711087109061, 0.11118431389331818, 0.11124005168676376
72.33363416612151, 0.10383208096027374, 0.10354506224393845
72.1408606323242, 0.09923554956912994, 0.09958084672689438
66.567482329361, 0.11132817715406418, 0.11134237051010132
75.00838274985725, 0.11165320128202438, 0.11203515529632568
59.62796869725382, 0.10309992730617523, 0.10318084806203842
62.616782299967674, 0.12898874282836914, 0.12882940471172333
59.778281888202734, 0.11385496705770493, 0.11333203315734863
63.39902007334042, 0.1117197796702385, 0.11108322441577911
72.19858737595406, 0.11079786717891693, 0.11070141196250916
66.48068150866443, 0.11958041042089462, 0.1192622110247612
64.4885279432716, 0.11727529019117355, 0.11773692071437836
72.58556933111646, 0.1123688668012619, 0.11218305677175522
72.38048330509412, 0.12999552488327026, 0.12990766763687134
62.23651950332022, 0.1276765763759613, 0.1267435997724533
59.06871415315883, 0.12152469158172607, 0.12072840332984924
63.05597128129675, 0.11791491508483887, 0.11744370311498642
66.61646668261393, 0.12173344939947128, 0.12163504213094711
67.93230408011833, 0.12100912630558014, 0.1210680827498436
64.81611010095007, 0.12051644921302795, 0.12054552882909775
67.21625165368916, 0.13666701316833496, 0.13669471442699432
59.24964054848861, 0.142804354429245, 0.14205621182918549
73.7191630521767, 0.13205412030220032, 0.13119304180145264
55.67823678835786, 0.128240704536438, 0.12828461825847626
73.85968190613782, 0.1298813670873642, 0.12993136048316956
69.89009882144423, 0.12933939695358276, 0.1294264793395996
72.39955562084782, 0.12900303304195404, 0.12929397821426392
68.93682468825598, 0.13074001669883728, 0.1310518980026245
92.93009605763686, 0.13408178091049194, 0.1341802030801773
63.28698636114099, 0.13104908168315887, 0.1307327002286911
71.00649492704511, 0.13059133291244507, 0.13038501143455505
90.01992351213305, 0.13360156118869781, 0.1336653232574463
70.1430737495207, 0.1280651092529297, 0.12817996740341187
86.66374579823365, 0.1267966330051422, 0.12696847319602966
90.89547169358775, 0.12757384777069092, 0.1277533322572708
82.14837636655635, 0.13480456173419952, 0.13497555255889893
73.98782252213937, 0.13958428800106049, 0.13942204415798187
81.76481476799002, 0.137240469455719, 0.13704213500022888
69.51389925823356, 0.14111322164535522, 0.14143088459968567
73.88425234239315, 0.14053142070770264, 0.1408655047416687
77.53273198410149, 0.13454321026802063, 0.13466069102287292
76.66735816929156, 0.13997188210487366, 0.14002910256385803
74.28442127399623, 0.14193347096443176, 0.14181014895439148
72.90884147368567, 0.13130347430706024, 0.13100400567054749
71.31959757340958, 0.13501621782779694, 0.13467207551002502
67.65935979938362, 0.1337725967168808, 0.1333690583705902
73.78353558234171, 0.12584106624126434, 0.12554433941841125
73.18515884089398, 0.12397494167089462, 0.1237652599811554
82.0171745563792, 0.12860560417175293, 0.12867526710033417
76.29233689424338, 0.12082670629024506, 0.12079913914203644
67.22910803281032, 0.1179061233997345, 0.11768367141485214
82.63113424322698, 0.11798179149627686, 0.11768868565559387
83.14836387743608, 0.11992304027080536, 0.11986949294805527
79.60763580187027, 0.11849725246429443, 0.11823825538158417
70.89977184559699, 0.10966354608535767, 0.10930757969617844
82.01872034875863, 0.10611273348331451, 0.1060883030295372
78.4185838640824, 0.10601650178432465, 0.1058916375041008
75.868276086963, 0.11087321490049362, 0.11060043424367905
72.72279422682371, 0.10633077472448349, 0.10619489848613739
81.69834742073328, 0.11088170111179352, 0.11055367439985275
70.49653929645903, 0.10903067886829376, 0.10885626077651978
84.06825314357687, 0.10212527960538864, 0.10203861445188522
74.4616078084906, 0.10027440637350082, 0.10029920190572739
73.73091399512407, 0.10326167196035385, 0.10314517468214035
80.69078422241527, 0.10351146757602692, 0.10326206684112549
78.63324906664556, 0.10233750939369202, 0.10209299623966217
88.21779150337764, 0.10727586597204208, 0.10707388818264008
78.85006831568217, 0.10799824446439743, 0.10774625837802887
70.41781458199563, 0.11211349815130234, 0.11183290183544159
76.19699800020258, 0.11594288051128387, 0.11565669625997543
67.82934279900175, 0.1188456267118454, 0.11836981773376465
69.8362974568421, 0.12192772328853607, 0.1216806173324585
82.94350234369432, 0.1146719679236412, 0.1145438402891159
76.72063640383374, 0.11318975687026978, 0.11301424354314804
80.37559559337213, 0.11098699271678925, 0.11073137819766998
78.92198661321802, 0.11525412648916245, 0.11526313424110413
81.24741596833915, 0.1080748662352562, 0.10800095647573471
65.8998141864601, 0.10628475993871689, 0.10643043369054794
63.146188454688286, 0.10075978934764862, 0.10047118365764618
71.72979960202429, 0.09799027442932129, 0.0977330207824707
75.72965774163565, 0.10010461509227753, 0.09984390437602997
76.80165696723206, 0.10139437764883041, 0.10139940679073334
76.46188165936472, 0.10589644312858582, 0.10572448372840881
87.27366904212896, 0.09581753611564636, 0.09562572836875916
78.60087145528068, 0.09728807210922241, 0.09714388847351074
69.05522468045804, 0.09949027746915817, 0.09913592785596848
77.12265769903348, 0.09375433623790741, 0.09368233382701874
71.18467502775759, 0.0962790697813034, 0.09601470082998276
75.63977511808524, 0.10316261649131775, 0.10322242230176926
62.82756049810079, 0.11786540597677231, 0.11775162070989609
72.86530085571404, 0.11486196517944336, 0.114702008664608
69.63189119100088, 0.09531103819608688, 0.09506901353597641
71.14760889763517, 0.0895056426525116, 0.08929740637540817
83.90074410260304, 0.08495020866394043, 0.08501030504703522
74.80649194734697, 0.08423741906881332, 0.08422231674194336
87.3238947247228, 0.09525295346975327, 0.09534434974193573
78.7537639200879, 0.11095553636550903, 0.11099892854690552
64.53110222591418, 0.12264107167720795, 0.12261449545621872
66.81703475018394, 0.0994427427649498, 0.09915739297866821
70.72359911017783, 0.09840571880340576, 0.09808358550071716
81.74930884979291, 0.09596481174230576, 0.09603075683116913
95.33474383412194, 0.09335800260305405, 0.0933857411146164
98.4028893584957, 0.098466657102108, 0.09879879653453827
89.29308464653482, 0.12176823616027832, 0.1218823492527008
90.89418505987547, 0.16575497388839722, 0.1656448245048523
73.66404553513242, 0.13728974759578705, 0.13692593574523926
74.48632846906003, 0.11552511900663376, 0.11556144803762436
90.78402895902512, 0.10370682924985886, 0.10380148887634277
77.71085208764647, 0.10539859533309937, 0.10531990975141525
95.10264927005322, 0.11869841814041138, 0.11917369067668915
86.43006294074786, 0.14691248536109924, 0.14732350409030914
93.71713834226112, 0.14794373512268066, 0.14800649881362915
97.36187543640406, 0.1330101042985916, 0.13316982984542847
98.18600406503029, 0.12748585641384125, 0.1274511069059372
87.97712682377467, 0.11764685809612274, 0.11784464120864868
91.48018883491636, 0.10564296692609787, 0.10608910769224167
88.80016097827779, 0.11566026508808136, 0.11638399958610535
92.77751843854266, 0.12298794090747833, 0.12310253828763962
91.30407670480395, 0.146860271692276, 0.1469307243824005
102.46943127137115, 0.12336882203817368, 0.12363015115261078
95.74873002557993, 0.11842910945415497, 0.1188344955444336
87.78547721508204, 0.11693599075078964, 0.11715507507324219
103.10317258993028, 0.1170407235622406, 0.11742037534713745
101.94673242224698, 0.12944617867469788, 0.12977354228496552
101.86858686636457, 0.16434770822525024, 0.1646891087293625
108.02101176886279, 0.18288163840770721, 0.18314163386821747
101.35032534236838, 0.169037863612175, 0.16935577988624573
92.14446009640314, 0.16074983775615692, 0.16137844324111938
97.87811612836379, 0.14713239669799805, 0.14775192737579346
99.70589263812596, 0.1414351910352707, 0.14227166771888733
108.89742452262891, 0.14112472534179688, 0.1423935741186142
103.4528005343318, 0.16097435355186462, 0.1617320477962494
100.8376476745439, 0.1963006854057312, 0.1968902051448822
97.76541704077276, 0.18154101073741913, 0.18191349506378174
85.45877517222958, 0.17185011506080627, 0.17228513956069946
100.1240176837074, 0.15231284499168396, 0.15310147404670715
111.03023695308639, 0.15439704060554504, 0.1551096886396408
