0.12067393958568573, 0.06602422147989273, 0.12041507661342621
0.12641111016273499, 0.06676929444074631, 0.12712129950523376
0.13372746109962463, 0.0665789246559143, 0.14474992454051971
0.12769219279289246, 0.06207665801048279, 0.1341656744480133
0.1420113891363144, 0.06444292515516281, 0.15334784984588623
0.13847537338733673, 0.06381864100694656, 0.16501830518245697
0.13830330967903137, 0.07065200060606003, 0.1345502734184265
0.14218422770500183, 0.06585533171892166, 0.13917502760887146
0.15568110346794128, 0.06702377647161484, 0.1465335488319397
0.15616926550865173, 0.06374505162239075, 0.17960390448570251
0.15937331318855286, 0.06289812177419662, 0.15297484397888184
0.1626671552658081, 0.06824597716331482, 0.19729149341583252
0.18313011527061462, 0.06492026150226593, 0.21020589768886566
0.16720931231975555, 0.06860732287168503, 0.17594990134239197
0.16810189187526703, 0.06698402017354965, 0.16473951935768127
0.17073528468608856, 0.06906487792730331, 0.16951650381088257
0.17672502994537354, 0.06656458228826523, 0.19617310166358948
0.18149638175964355, 0.06809534132480621, 0.18434923887252808
0.1953582763671875, 0.06716439872980118, 0.2184021919965744
0.1918734759092331, 0.06922730058431625, 0.22613434493541718
0.19329825043678284, 0.06776677817106247, 0.19331137835979462
0.19888624548912048, 0.07067342847585678, 0.18653683364391327
0.19654910266399384, 0.07248631119728088, 0.1896430253982544
0.20067177712917328, 0.07022793591022491, 0.22707626223564148
0.20456942915916443, 0.06951149553060532, 0.20895487070083618
0.21394839882850647, 0.06644608080387115, 0.21858152747154236
0.23335960507392883, 0.0700627937912941, 0.24272361397743225
0.21703003346920013, 0.06978789716959, 0.2188432216644287
0.21433214843273163, 0.06943310052156448, 0.2106701135635376
0.210000678896904, 0.06908591091632843, 0.20428554713726044
0.21623367071151733, 0.06619062274694443, 0.2209606170654297
0.21923694014549255, 0.06912101060152054, 0.2042243480682373
0.23148588836193085, 0.06678741425275803, 0.22000253200531006
0.22945702075958252, 0.06542336195707321, 0.22370564937591553
0.22989842295646667, 0.06717135012149811, 0.21830904483795166
0.21850407123565674, 0.06731078028678894, 0.21232949197292328
0.22943943738937378, 0.06738979369401932, 0.20689186453819275
0.23205845057964325, 0.06375225633382797, 0.21248452365398407
0.24717800319194794, 0.06245044991374016, 0.21194255352020264
0.2397187054157257, 0.06442984193563461, 0.21935060620307922
0.2451421022415161, 0.06415955722332001, 0.23750880360603333
0.2501603066921234, 0.06427913904190063, 0.237808495759964
0.25782477855682373, 0.06755462288856506, 0.22607801854610443
0.24802011251449585, 0.06595372408628464, 0.23145464062690735
0.25503987073898315, 0.06568106263875961, 0.23801061511039734
0.2599462866783142, 0.06658270210027695, 0.24493049085140228
0.26421332359313965, 0.06522299349308014, 0.25228092074394226
0.28373193740844727, 0.06823260337114334, 0.27152347564697266
0.2753432095050812, 0.06960218399763107, 0.2648047208786011
0.27705782651901245, 0.0703558698296547, 0.2617195248603821
0.285859078168869, 0.07403760403394699, 0.26514095067977905
0.28784826397895813, 0.07372593879699707, 0.26714229583740234
0.28946197032928467, 0.07260670512914658, 0.2887656092643738
0.2918856739997864, 0.07681920379400253, 0.2883135676383972
0.30737245082855225, 0.07887088507413864, 0.2965165376663208
0.28657206892967224, 0.08118957281112671, 0.29326584935188293
0.2912902534008026, 0.08482153713703156, 0.2856101095676422
0.30017563700675964, 0.085079126060009, 0.2949863374233246
0.2993055582046509, 0.08234966546297073, 0.3048868179321289
0.3080483376979828, 0.08614347130060196, 0.3099345564842224
0.29826265573501587, 0.08555107563734055, 0.31140345335006714
0.30289310216903687, 0.08665415644645691, 0.3152308166027069
0.3107430934906006, 0.0871463343501091, 0.31479912996292114
0.3060016334056854, 0.08972177654504776, 0.29973018169403076
0.296861857175827, 0.09273393452167511, 0.2987315356731415
0.30318257212638855, 0.09146453440189362, 0.2891124486923218
0.31611043214797974, 0.09273023903369904, 0.3089962601661682
0.2968613803386688, 0.08977746218442917, 0.2946926951408386
0.3041268587112427, 0.09210671484470367, 0.29057154059410095
0.30659639835357666, 0.09536141902208328, 0.2837236821651459
0.2989976704120636, 0.09389814734458923, 0.26777464151382446
0.2955724596977234, 0.09530649334192276, 0.2641731798648834
0.29718416929244995, 0.0941435918211937, 0.2686510682106018
0.298470675945282, 0.09549273550510406, 0.2663995623588562
0.2930651307106018, 0.09588257223367691, 0.2765560746192932
0.2963489890098572, 0.09482651203870773, 0.2826974093914032
0.2952239215373993, 0.09649849683046341, 0.28377658128738403
0.30053457617759705, 0.09522239118814468, 0.27653968334198
0.29831957817077637, 0.0949455127120018, 0.2728440463542938
0.2959994673728943, 0.09416540712118149, 0.26962578296661377
0.28818750381469727, 0.09622802585363388, 0.29577523469924927
0.2976696491241455, 0.09240515530109406, 0.29269519448280334
0.3051508069038391, 0.09730029106140137, 0.29848024249076843
0.295083224773407, 0.09654151648283005, 0.29858264327049255
0.2860468029975891, 0.09567008912563324, 0.2790234088897705
0.2950444221496582, 0.09517417103052139, 0.27421730756759644
0.2893306314945221, 0.09866078943014145, 0.27723580598831177
0.2892363965511322, 0.0998799204826355, 0.2732914686203003
0.29597771167755127, 0.10269369930028915, 0.2746470868587494
0.31080377101898193, 0.1000693067908287, 0.2867743968963623
0.2889152467250824, 0.1010504886507988, 0.2785046100616455
0.2765578031539917, 0.10489334166049957, 0.2538456618785858
0.2809276580810547, 0.10917361080646515, 0.2428465336561203
0.27963507175445557, 0.10791901499032974, 0.2392076551914215
0.2677074372768402, 0.11019619554281235, 0.23647361993789673
0.2613612413406372, 0.11249518394470215, 0.23614823818206787
0.26771634817123413, 0.11560393869876862, 0.24357764422893524
0.26204031705856323, 0.11347707360982895, 0.24035140872001648
0.2594274580478668, 0.11736520379781723, 0.22581109404563904
0.25802168250083923, 0.11860299110412598, 0.22766563296318054
0.2584715783596039, 0.12309129536151886, 0.22698256373405457
0.2598649263381958, 0.1254068911075592, 0.22941255569458008
0.2555564343929291, 0.12754178047180176, 0.23421156406402588
0.26507794857025146, 0.12751366198062897, 0.23933999240398407
0.247687429189682, 0.13025958836078644, 0.23361484706401825
0.24502211809158325, 0.13398295640945435, 0.21858100593090057
0.231434166431427, 0.13780805468559265, 0.2102796733379364
0.2375688999891281, 0.1419122815132141, 0.20513808727264404
0.2359464168548584, 0.14756740629673004, 0.2027548849582672
0.2402646541595459, 0.14823012053966522, 0.21986955404281616
0.24318955838680267, 0.1506955772638321, 0.2402757704257965
0.25338563323020935, 0.15369239449501038, 0.22117465734481812
0.22827081382274628, 0.15752267837524414, 0.20350371301174164
0.22832517325878143, 0.16037379205226898, 0.20343522727489471
0.22874462604522705, 0.165265291929245, 0.19709782302379608
0.2346455156803131, 0.1701044738292694, 0.20548927783966064
0.23267333209514618, 0.17081032693386078, 0.21616214513778687
0.24662475287914276, 0.17307797074317932, 0.2328566014766693
0.24605593085289001, 0.17724721133708954, 0.21755796670913696
0.22467182576656342, 0.1812770813703537, 0.19659344851970673
0.22579418122768402, 0.1831059455871582, 0.18795952200889587
0.22759971022605896, 0.1872224360704422, 0.18499422073364258
0.22798949480056763, 0.19445377588272095, 0.1873675286769867
0.23172089457511902, 0.1948377937078476, 0.20570877194404602
0.22780320048332214, 0.1979241967201233, 0.22975455224514008
0.23643255233764648, 0.1994105726480484, 0.20711921155452728
0.2218974530696869, 0.20219989120960236, 0.18724381923675537
0.20954349637031555, 0.20732994377613068, 0.18131116032600403
0.2041197270154953, 0.21098028123378754, 0.17885753512382507
0.2211223840713501, 0.21072594821453094, 0.19082944095134735
0.22010628879070282, 0.21406856179237366, 0.20467329025268555
0.21512341499328613, 0.2126370668411255, 0.20453283190727234
0.22519627213478088, 0.21539925038814545, 0.19676265120506287
0.1989559382200241, 0.2201257199048996, 0.17566566169261932
0.2058059275150299, 0.21975171566009521, 0.1831473559141159
0.1947297900915146, 0.21925921738147736, 0.1723187267780304
0.1959419846534729, 0.22872869670391083, 0.16332188248634338
0.19612720608711243, 0.23135963082313538, 0.16319863498210907
0.19075517356395721, 0.23260954022407532, 0.16225787997245789
0.18112657964229584, 0.2297021448612213, 0.15886178612709045
0.18146692216396332, 0.23604349792003632, 0.14299306273460388
0.17671434581279755, 0.24242468178272247, 0.14421501755714417
0.17440900206565857, 0.24392001330852509, 0.1338578462600708
0.18541237711906433, 0.24798798561096191, 0.1442072093486786
0.16106539964675903, 0.2474079579114914, 0.14984293282032013
0.18323123455047607, 0.26108428835868835, 0.1714179962873459
0.16116350889205933, 0.2592023015022278, 0.13656847178936005
0.1653347611427307, 0.2605803310871124, 0.1166326254606247
0.15747755765914917, 0.2647411525249481, 0.13217850029468536
0.16833297908306122, 0.26698359847068787, 0.12907332181930542
0.17282526195049286, 0.2729712426662445, 0.14303115010261536
0.1968613564968109, 0.27427938580513, 0.1643117517232895
0.1876337230205536, 0.27441665530204773, 0.17512217164039612
0.17852458357810974, 0.2803812026977539, 0.15626567602157593
0.1690467894077301, 0.28169485926628113, 0.12850281596183777
0.17778301239013672, 0.2840591371059418, 0.12629322707653046
0.18040844798088074, 0.2860122323036194, 0.12828609347343445
0.19471745193004608, 0.2879367172718048, 0.15904265642166138
0.18840262293815613, 0.2908492982387543, 0.19425925612449646
0.2087303251028061, 0.2918209135532379, 0.21731655299663544
0.19986751675605774, 0.29126080870628357, 0.16234157979488373
0.2005750834941864, 0.2942865490913391, 0.1399407833814621
0.19270336627960205, 0.29490044713020325, 0.1372605562210083
0.18437373638153076, 0.2919445037841797, 0.1319882869720459
0.18670520186424255, 0.2961188852787018, 0.1584150791168213
0.21718357503414154, 0.2951624393463135, 0.1959584802389145
0.2017512321472168, 0.29122230410575867, 0.1965252161026001
0.20627900958061218, 0.2906630039215088, 0.17805874347686768
0.19051991403102875, 0.2896502614021301, 0.1527528464794159
0.1951744556427002, 0.2906755208969116, 0.15768566727638245
0.18812236189842224, 0.2902820408344269, 0.17230260372161865
0.20211660861968994, 0.2917118966579437, 0.17364096641540527
0.19657599925994873, 0.29066962003707886, 0.197626531124115
0.21440599858760834, 0.2907099723815918, 0.18351879715919495
0.1926165074110031, 0.2864759862422943, 0.16375604271888733
0.19084763526916504, 0.28828081488609314, 0.15184615552425385
0.18509714305400848, 0.287579745054245, 0.14690828323364258
0.18003037571907043, 0.2896769642829895, 0.14733687043190002
0.17975251376628876, 0.2884369492530823, 0.16799120604991913
0.19238433241844177, 0.28668448328971863, 0.18264321982860565
0.21020394563674927, 0.2875606417655945, 0.19653961062431335
0.1915685534477234, 0.2864331007003784, 0.17836838960647583
0.19931922852993011, 0.28468966484069824, 0.1618843972682953
0.19757550954818726, 0.2826400399208069, 0.1599709689617157
0.19599774479866028, 0.28518593311309814, 0.17847506701946259
0.20320743322372437, 0.2819335162639618, 0.195360004901886
0.19935914874076843, 0.2856045663356781, 0.2089775651693344
0.2131822109222412, 0.2834542691707611, 0.1956445872783661
0.19718244671821594, 0.2793690860271454, 0.17556962370872498
0.19815108180046082, 0.2768714427947998, 0.1808626502752304
0.18830087780952454, 0.2737625539302826, 0.1739179491996765
0.20391616225242615, 0.27224454283714294, 0.17211346328258514
0.1899350881576538, 0.26680317521095276, 0.17142686247825623
0.2030576914548874, 0.2662303149700165, 0.17630526423454285
0.19269567728042603, 0.2644147574901581, 0.1852710098028183
0.210560604929924, 0.2579691410064697, 0.1796143501996994
0.1820722222328186, 0.25755590200424194, 0.15840810537338257
0.18345555663108826, 0.2562130093574524, 0.1572418510913849
0.17469322681427002, 0.2511428892612457, 0.15571843087673187
0.1881961077451706, 0.24966518580913544, 0.1586982011795044
0.1903952807188034, 0.2501325011253357, 0.16439148783683777
0.1812434196472168, 0.24898171424865723, 0.17291724681854248
0.17672458291053772, 0.24552381038665771, 0.1502610445022583
0.1767699122428894, 0.24144211411476135, 0.14053282141685486
0.17900221049785614, 0.24332022666931152, 0.143269345164299
0.1693239063024521, 0.24076774716377258, 0.14592300355434418
0.18073248863220215, 0.2435014694929123, 0.18224696815013885
0.17630712687969208, 0.23619809746742249, 0.17279022932052612
0.18445822596549988, 0.23371367156505585, 0.15312111377716064
0.16962860524654388, 0.2325812578201294, 0.14784002304077148
0.1700228452682495, 0.23259542882442474, 0.1383851170539856
0.16234031319618225, 0.23232653737068176, 0.14139464497566223
0.17348472774028778, 0.23543182015419006, 0.14266657829284668
0.1724235713481903, 0.23216791450977325, 0.15026116371154785
0.17035886645317078, 0.2356746643781662, 0.15973994135856628
0.18870356678962708, 0.22951769828796387, 0.15772384405136108
0.17517220973968506, 0.22566692531108856, 0.15198296308517456
0.17369818687438965, 0.22585788369178772, 0.1464681476354599
0.169457346200943, 0.22639809548854828, 0.1437256634235382
0.16724596917629242, 0.22506900131702423, 0.15783534944057465
0.17240723967552185, 0.22606991231441498, 0.15257933735847473
0.17332908511161804, 0.223056361079216, 0.16087661683559418
0.17044684290885925, 0.22442594170570374, 0.16334794461727142
0.17075268924236298, 0.21951834857463837, 0.16371242702007294
0.17162516713142395, 0.21654219925403595, 0.17008022964000702
0.16577067971229553, 0.21540164947509766, 0.168512761592865
0.16532200574874878, 0.21586182713508606, 0.16250009834766388
0.1630496382713318, 0.21213586628437042, 0.15297125279903412
0.17204169929027557, 0.21767698228359222, 0.16211724281311035
0.17405657470226288, 0.2097202092409134, 0.15917657315731049
0.16072264313697815, 0.20636940002441406, 0.161446213722229
0.1632879078388214, 0.20641689002513885, 0.15661297738552094
0.17297184467315674, 0.19792602956295013, 0.16298450529575348
0.16040055453777313, 0.202464297413826, 0.15588173270225525
0.1508646458387375, 0.19644354283809662, 0.1369420886039734
0.1535438597202301, 0.19271503388881683, 0.14777307212352753
0.14222054183483124, 0.18811972439289093, 0.14664411544799805
0.13755163550376892, 0.18355751037597656, 0.1281454861164093
0.13677632808685303, 0.18052087724208832, 0.1421828269958496
0.1444903016090393, 0.17727704346179962, 0.13751664757728577
0.1359967291355133, 0.17764942348003387, 0.11432050168514252
0.13064976036548615, 0.17670947313308716, 0.11422636359930038
0.11533112823963165, 0.1748766452074051, 0.10765724629163742
0.10911121219396591, 0.17546828091144562, 0.10239987075328827
0.11665412038564682, 0.1712695062160492, 0.10770557820796967
0.11938872933387756, 0.17012475430965424, 0.11706199496984482
0.10246085375547409, 0.17272411286830902, 0.1085096150636673
0.12580184638500214, 0.16606338322162628, 0.110923171043396
0.10024183988571167, 0.16564393043518066, 0.10073958337306976
0.10220550745725632, 0.16945074498653412, 0.10363547503948212
0.09776309132575989, 0.16969913244247437, 0.10880618542432785
0.09444095939397812, 0.17370882630348206, 0.09498681128025055
0.09968960285186768, 0.16812948882579803, 0.11559876054525375
0.08526488393545151, 0.17121054232120514, 0.11450886726379395
0.0873776525259018, 0.1772780418395996, 0.09491290897130966
0.08783608675003052, 0.18381944298744202, 0.0974130630493164
0.0799800306558609, 0.18287967145442963, 0.08542072027921677
0.07776154577732086, 0.18625110387802124, 0.09077294170856476
0.07671093940734863, 0.18093053996562958, 0.08911379426717758
0.09002994000911713, 0.18641647696495056, 0.11009639501571655
0.07866325974464417, 0.1858147829771042, 0.09593382477760315
0.0844728872179985, 0.1853540688753128, 0.08334124088287354
0.09704254567623138, 0.19319158792495728, 0.08296426385641098
0.08003072440624237, 0.19013504683971405, 0.09245284646749496
0.07622752338647842, 0.19669608771800995, 0.09430813044309616
0.07781149446964264, 0.18818877637386322, 0.09142273664474487
0.09125973284244537, 0.18923553824424744, 0.12491928786039352
0.08967646211385727, 0.19016039371490479, 0.09956717491149902
0.08053646981716156, 0.19089893996715546, 0.08716908097267151
0.07967664301395416, 0.19584111869335175, 0.07659374922513962
0.07496626675128937, 0.19167141616344452, 0.07426883280277252
0.07977593690156937, 0.18921005725860596, 0.07279428839683533
0.07946085929870605, 0.18337534368038177, 0.07883681356906891
0.08711685985326767, 0.18890003859996796, 0.10763492435216904
0.0839357078075409, 0.18665620684623718, 0.10541152954101562
0.08615287393331528, 0.19064116477966309, 0.0966295599937439
0.08172398805618286, 0.1917300671339035, 0.09348338842391968
0.10102520883083344, 0.18260458111763, 0.10795760154724121
0.09522532671689987, 0.18268196284770966, 0.11128201335668564
0.09451538324356079, 0.18627296388149261, 0.11811915040016174
0.10280223190784454, 0.1819557249546051, 0.1391141414642334
0.09522807598114014, 0.18848171830177307, 0.1179901584982872
0.08622737973928452, 0.18939843773841858, 0.10389014333486557
0.08496439456939697, 0.19573000073432922, 0.10360828042030334
0.08008340001106262, 0.19331876933574677, 0.10714080184698105
0.08173467218875885, 0.19109214842319489, 0.1132684201002121
0.08444786071777344, 0.18825137615203857, 0.11628057807683945
0.0954475849866867, 0.1883682757616043, 0.1522010862827301
0.0949556827545166, 0.18813006579875946, 0.14885331690311432
0.08072565495967865, 0.1942836046218872, 0.1325000375509262
0.09098052978515625, 0.1919054388999939, 0.10410314798355103
0.08918984979391098, 0.19126905500888824, 0.096226766705513
0.08002537488937378, 0.18777282536029816, 0.08940725028514862
0.08597899973392487, 0.18773587048053741, 0.08215249329805374
0.0879613608121872, 0.18562345206737518, 0.0910375639796257
0.08651237934827805, 0.18497523665428162, 0.10251174867153168
0.09903059899806976, 0.18610523641109467, 0.10939568281173706
0.08216562122106552, 0.18324856460094452, 0.10069312900304794
0.08231549710035324, 0.18468065559864044, 0.1016910970211029
0.07494990527629852, 0.18320094048976898, 0.09969621151685715
0.0858917385339737, 0.18101616203784943, 0.1068229004740715
0.09235634654760361, 0.17609764635562897, 0.1110689640045166
0.08980421721935272, 0.17707835137844086, 0.11003369092941284
0.09162233769893646, 0.1760721057653427, 0.12806564569473267
0.09780758619308472, 0.17395637929439545, 0.12318017333745956
0.07674267888069153, 0.17620998620986938, 0.1094469353556633
0.10046161711215973, 0.17467255890369415, 0.10565205663442612
0.0847778171300888, 0.17176812887191772, 0.08940815180540085
0.08177917450666428, 0.1691080629825592, 0.0829046368598938
0.08929702639579773, 0.1736670285463333, 0.08392995595932007
0.08856692165136337, 0.16834436357021332, 0.09682393074035645
0.09472151845693588, 0.1702563762664795, 0.09946992248296738
0.08847348392009735, 0.16545315086841583, 0.07644402980804443
0.08753418922424316, 0.1668199747800827, 0.09508375823497772
0.09596040844917297, 0.1692931354045868, 0.0651576966047287
0.08799692243337631, 0.16593153774738312, 0.06971060484647751
0.08553691953420639, 0.16540442407131195, 0.0837196633219719
0.08431793749332428, 0.16694416105747223, 0.07272076606750488
0.08233305811882019, 0.16806280612945557, 0.08320369571447372
0.0872202217578888, 0.16727912425994873, 0.0824885368347168
0.09025830030441284, 0.16562798619270325, 0.08121275156736374
0.08410114049911499, 0.16453443467617035, 0.07824014127254486
0.10056480020284653, 0.16421745717525482, 0.0815395638346672
0.09850980341434479, 0.16404816508293152, 0.09329795837402344
0.09890221059322357, 0.1644030660390854, 0.08895862102508545
0.08798182010650635, 0.16272170841693878, 0.07960524410009384
0.08857785165309906, 0.16502295434474945, 0.08492016047239304
0.08576080203056335, 0.16128623485565186, 0.08509945869445801
0.08382229506969452, 0.1602182239294052, 0.07208357751369476
0.08843636512756348, 0.1588038206100464, 0.07149413228034973
0.08217506110668182, 0.1584206372499466, 0.060681313276290894
0.07990200817584991, 0.15770426392555237, 0.05423552915453911
0.08274111151695251, 0.1552494615316391, 0.06299658864736557
0.08523361384868622, 0.15152010321617126, 0.05753304809331894
0.07700323313474655, 0.14801833033561707, 0.05949195474386215
0.08079922944307327, 0.14802387356758118, 0.05877069756388664
0.07536736130714417, 0.14370055496692657, 0.06241225823760033
0.07435795664787292, 0.1391829550266266, 0.06330222636461258
0.07734664529561996, 0.13499455153942108, 0.05485100671648979
0.07459776103496552, 0.12988458573818207, 0.06134670600295067
0.07441791146993637, 0.12867651879787445, 0.06265399605035782
0.07369103282690048, 0.12285088747739792, 0.07042927294969559
0.08059532940387726, 0.1205441951751709, 0.06891010701656342
0.07599449157714844, 0.11744606494903564, 0.062218889594078064
0.0733058750629425, 0.12029632180929184, 0.05938027799129486
0.07094770669937134, 0.10858645290136337, 0.06219552084803581
0.07982192933559418, 0.10854542255401611, 0.1020866259932518
0.07767480611801147, 0.10281337797641754, 0.08494068682193756
0.08244597911834717, 0.09971190989017487, 0.09506607055664062
0.07711181044578552, 0.09917037934064865, 0.08152879774570465
0.08170746266841888, 0.09948384761810303, 0.07812842726707458
0.08289571106433868, 0.09748048335313797, 0.08218245208263397
0.08117939531803131, 0.09316827356815338, 0.07802935689687729
0.09438600391149521, 0.08913137763738632, 0.09371974319219589
0.0972985029220581, 0.08703375607728958, 0.10283446311950684
0.09105982631444931, 0.08897826075553894, 0.08682103455066681
0.08124847710132599, 0.0870501771569252, 0.0835515707731247
0.08131329715251923, 0.08426260203123093, 0.07816305011510849
0.07994937896728516, 0.0833115354180336, 0.07741158455610275
0.0828259214758873, 0.08342185616493225, 0.07128189504146576
0.08305299282073975, 0.08621014654636383, 0.08150999993085861
0.08872535079717636, 0.08074568957090378, 0.08907070010900497
0.08238762617111206, 0.08293741196393967, 0.07642027735710144
0.0860825702548027, 0.08006472885608673, 0.07518025487661362
0.08559748530387878, 0.08584688603878021, 0.07156658172607422
0.08938926458358765, 0.0821499153971672, 0.0755879208445549
0.09445296227931976, 0.07731477171182632, 0.07985319942235947
0.09748178720474243, 0.08031275123357773, 0.10730098187923431
0.09348966926336288, 0.08437191694974899, 0.1131969690322876
0.09637545049190521, 0.08204298466444016, 0.11024294793605804
0.1010204553604126, 0.07845205068588257, 0.10566481202840805
0.09812583774328232, 0.08033547550439835, 0.09753596782684326
0.09851192682981491, 0.08348273485898972, 0.10431560128927231
0.09879712760448456, 0.08270636945962906, 0.1028892993927002
0.10031213611364365, 0.07698407024145126, 0.1112990602850914
0.10082219541072845, 0.08048153668642044, 0.1057644635438919
0.1017574667930603, 0.08728919178247452, 0.1008874699473381
0.09518595784902573, 0.0845310240983963, 0.08782418817281723
0.0974062830209732, 0.08529891818761826, 0.08312748372554779
0.10313212126493454, 0.08355926722288132, 0.08434820175170898
0.10207973420619965, 0.08431020379066467, 0.08333596587181091
0.1057819128036499, 0.08528928458690643, 0.09110492467880249
0.10086655616760254, 0.08179377764463425, 0.09783362597227097
0.104416623711586, 0.08592362701892853, 0.11033619940280914
0.10632628202438354, 0.08611749857664108, 0.10871507227420807
0.10267376154661179, 0.08624880760908127, 0.09494286775588989
0.10713445395231247, 0.08597566187381744, 0.09647657722234726
0.10130485892295837, 0.0836670771241188, 0.09055434912443161
0.10656636953353882, 0.08279767632484436, 0.08551986515522003
0.10531143844127655, 0.08275391906499863, 0.09541045129299164
0.10918166488409042, 0.08846830576658249, 0.11469905078411102
0.11416568607091904, 0.08416012674570084, 0.11166246980428696
0.11026686429977417, 0.0862634927034378, 0.10305242240428925
0.11183865368366241, 0.08532711118459702, 0.10408033430576324
0.11683283746242523, 0.08472738415002823, 0.10834315419197083
0.11640401929616928, 0.08262389153242111, 0.12109029293060303
0.10991917550563812, 0.08566870540380478, 0.12793993949890137
0.11603578180074692, 0.0815621018409729, 0.1413649022579193
0.11824088543653488, 0.08481889218091965, 0.1397610604763031
0.11615194380283356, 0.08723976463079453, 0.13453727960586548
0.11576828360557556, 0.08760028332471848, 0.13062486052513123
0.11512517929077148, 0.08716889470815659, 0.12389974296092987
0.1254865974187851, 0.08326498419046402, 0.1479853093624115
0.12281487882137299, 0.0857171043753624, 0.13594691455364227
0.1205407902598381, 0.08772187680006027, 0.14215736091136932
0.11756742000579834, 0.08714122325181961, 0.1354037970304489
0.10833167284727097, 0.08651275187730789, 0.12386375665664673
0.12663660943508148, 0.08646632730960846, 0.12549641728401184
0.11106960475444794, 0.08849146217107773, 0.10914268344640732
0.11422616243362427, 0.08682452142238617, 0.10601043701171875
0.10743125528097153, 0.08522748202085495, 0.10755987465381622
0.11362874507904053, 0.08458640426397324, 0.11578985303640366
0.11084000766277313, 0.0855681449174881, 0.10879825800657272
0.1053011417388916, 0.08444985002279282, 0.09911029785871506
0.10516908019781113, 0.08462873101234436, 0.09494524449110031
0.11044333875179291, 0.0866580456495285, 0.0959966629743576
0.10101798176765442, 0.08524163067340851, 0.08083303272724152
0.10329984873533249, 0.08737286180257797, 0.0836300402879715
0.10102694481611252, 0.08463922888040543, 0.08812694996595383
0.09478111565113068, 0.08681581169366837, 0.08239781856536865
0.10360255837440491, 0.08576363325119019, 0.0903351828455925
0.10092318058013916, 0.0874655544757843, 0.10820573568344116
0.10583794116973877, 0.08585049211978912, 0.13848398625850677
0.09782116860151291, 0.08634113520383835, 0.11222293227910995
0.09278011322021484, 0.08529144525527954, 0.08580594509840012
0.09385202825069427, 0.08537085354328156, 0.07793945074081421
0.09123729914426804, 0.0847993791103363, 0.07656014710664749
0.08696144074201584, 0.08687969297170639, 0.08626098930835724
0.09907182306051254, 0.08637814223766327, 0.09525454044342041
0.0918148010969162, 0.08233761787414551, 0.11253377050161362
0.0901518166065216, 0.08308759331703186, 0.0970856100320816
0.08645504713058472, 0.07952933758497238, 0.0822993665933609
0.09330303966999054, 0.07902692258358002, 0.08399331569671631
0.09106211364269257, 0.08006832748651505, 0.08398483693599701
0.08822506666183472, 0.07697687298059464, 0.10377448052167892
0.1074318140745163, 0.07427415251731873, 0.12412393093109131
0.09203833341598511, 0.0774000808596611, 0.12788322567939758
0.09197783470153809, 0.07584710419178009, 0.0984281450510025
0.08961063623428345, 0.07714324444532394, 0.07189038395881653
0.07694289833307266, 0.07501758635044098, 0.0697484239935875
0.08813247084617615, 0.07710526138544083, 0.0724019929766655
0.09062736481428146, 0.07340031117200851, 0.08331902325153351
0.08376549184322357, 0.07608019560575485, 0.10613900423049927
0.08036158978939056, 0.07527764141559601, 0.11713065952062607
0.089846670627594, 0.07465127855539322, 0.09638800472021103
0.08262257277965546, 0.07506724447011948, 0.08907859027385712
0.08753197640180588, 0.0774993821978569, 0.10988302528858185
0.08861221373081207, 0.07453826069831848, 0.10383036732673645
0.07705454528331757, 0.07950384169816971, 0.10945098102092743
0.09056049585342407, 0.07873252034187317, 0.11949330568313599
0.09943877160549164, 0.0797009989619255, 0.11871540546417236
0.09048879146575928, 0.08244594931602478, 0.09604542702436447
0.08389483392238617, 0.08117273449897766, 0.09308617562055588
0.07697585225105286, 0.08191829174757004, 0.0975172147154808
0.08012238144874573, 0.08230909705162048, 0.08677896112203598
0.08151576668024063, 0.0841900035738945, 0.10392707586288452
0.1196649894118309, 0.08260854333639145, 0.13644134998321533
0.10547717660665512, 0.0830056443810463, 0.13886640965938568
0.0941089391708374, 0.08261016756296158, 0.09885632246732712
0.08910052478313446, 0.08090191334486008, 0.09873013943433762
0.08385820686817169, 0.08360007405281067, 0.09654703736305237
0.08918549865484238, 0.08286929875612259, 0.09069489687681198
0.08579342812299728, 0.08481582254171371, 0.09790307283401489
0.11550050973892212, 0.08352696150541306, 0.1370874047279358
0.11117981374263763, 0.08593764156103134, 0.1409679353237152
0.09773018211126328, 0.08723487704992294, 0.09591948986053467
0.08621197938919067, 0.08750192821025848, 0.09979124367237091
0.0899699330329895, 0.08996649831533432, 0.09060138463973999
0.0883815735578537, 0.09247215837240219, 0.06966276466846466
0.08203696459531784, 0.09421984106302261, 0.07878461480140686
0.09570790827274323, 0.09344647079706192, 0.1288282573223114
0.09992049634456635, 0.09653404355049133, 0.1163778156042099
0.08696617931127548, 0.09602169692516327, 0.06277976930141449
0.08826634287834167, 0.09735453128814697, 0.07294372469186783
0.08692791312932968, 0.09729384630918503, 0.06978186964988708
0.08507151901721954, 0.09666850417852402, 0.06361077725887299
0.08913104981184006, 0.09940098226070404, 0.07589755952358246
0.10589449852705002, 0.09760064631700516, 0.12272703647613525
0.10362248122692108, 0.09818069636821747, 0.12110837548971176
0.09697537124156952, 0.09681150317192078, 0.09333385527133942
0.09560628980398178, 0.10152168571949005, 0.09883042424917221
0.09414012730121613, 0.09905973076820374, 0.08800314366817474
0.08536326885223389, 0.09877436608076096, 0.06436939537525177
0.08895295113325119, 0.09989453852176666, 0.06738889962434769
0.09831541776657104, 0.09827630966901779, 0.11305870860815048
0.09557487070560455, 0.10094592720270157, 0.09283307194709778
0.08473851531744003, 0.1023227721452713, 0.07013700902462006
0.07927355170249939, 0.10408931970596313, 0.07169365882873535
0.09017624706029892, 0.10333448648452759, 0.06167694926261902
0.0797969177365303, 0.10329438745975494, 0.06121497601270676
0.08151797950267792, 0.10536196082830429, 0.06046672910451889
0.10526327788829803, 0.1057659387588501, 0.09788413345813751
0.09085944294929504, 0.10487332195043564, 0.08009026199579239
0.07726398855447769, 0.10871950536966324, 0.05289267748594284
0.0729503184556961, 0.10885274410247803, 0.06306876987218857
0.07582773268222809, 0.10759329050779343, 0.05415435880422592
0.07658326625823975, 0.10924994200468063, 0.05265412852168083
0.09397798776626587, 0.11083604395389557, 0.0615210197865963
0.08931957185268402, 0.1095302626490593, 0.10744597762823105
0.0764630138874054, 0.11347484588623047, 0.1124226450920105
0.07867497205734253, 0.11276757717132568, 0.06955364346504211
0.08532315492630005, 0.11586704105138779, 0.06738286465406418
0.0823124349117279, 0.11682921648025513, 0.05522337555885315
0.07045517861843109, 0.11509549617767334, 0.046995215117931366
0.07361073791980743, 0.11243416368961334, 0.04905276745557785
0.07991782575845718, 0.1140800341963768, 0.09017074108123779
0.07488641142845154, 0.11309357732534409, 0.12388183921575546
0.08023864775896072, 0.11152668297290802, 0.07019906491041183
0.08063151687383652, 0.11317755281925201, 0.05632385239005089
0.06923966854810715, 0.10995227098464966, 0.04958956688642502
0.0742633268237114, 0.10769474506378174, 0.04739375039935112
0.06604598462581635, 0.10680923610925674, 0.04698295518755913
0.07752634584903717, 0.10469479858875275, 0.06903249025344849
0.07963075488805771, 0.10433562099933624, 0.07900911569595337
0.07937045395374298, 0.10393249988555908, 0.052713971585035324
0.0654149204492569, 0.10283046215772629, 0.03892381489276886
0.06746505945920944, 0.10085173696279526, 0.039167147129774094
0.06531551480293274, 0.10037747770547867, 0.0355667769908905
0.07007892429828644, 0.10227381438016891, 0.04301649332046509
0.08591866493225098, 0.09946110844612122, 0.0803859531879425
0.07760682702064514, 0.09674926847219467, 0.08525100350379944
0.07190291583538055, 0.09838375449180603, 0.04677502438426018
0.07202266901731491, 0.0949048325419426, 0.03887168690562248
0.07291154563426971, 0.09202063083648682, 0.04969398304820061
0.07393896579742432, 0.09659034758806229, 0.05354008078575134
0.06929729878902435, 0.09462765604257584, 0.059201888740062714
0.07913979142904282, 0.09595991671085358, 0.0786387026309967
0.08258657902479172, 0.09061362594366074, 0.08505567163228989
0.07250592112541199, 0.09123474359512329, 0.07096534967422485
0.07198023796081543, 0.0927814468741417, 0.06160229444503784
0.07390205562114716, 0.09114323556423187, 0.07358519732952118
0.06273623555898666, 0.09250419586896896, 0.06509389728307724
0.06629719585180283, 0.09221138060092926, 0.06853945553302765
0.07469748705625534, 0.09253895282745361, 0.08363036811351776
0.08327625691890717, 0.09163730591535568, 0.09048037976026535
0.07509223371744156, 0.09127163141965866, 0.06683148443698883
0.06966042518615723, 0.08826493471860886, 0.058252375572919846
0.07166847586631775, 0.08508854359388351, 0.05860009416937828
0.06708064675331116, 0.08889471739530563, 0.056979551911354065
0.06160852313041687, 0.08772844076156616, 0.051523178815841675
0.06295228004455566, 0.08611693978309631, 0.057085976004600525
0.0668313056230545, 0.08881714195013046, 0.05565666779875755
0.0701892077922821, 0.08543621003627777, 0.05770699307322502
0.05954909324645996, 0.08452301472425461, 0.05169074982404709
0.060751773416996, 0.08498511463403702, 0.05187907814979553
0.06098579987883568, 0.08835017681121826, 0.04990922659635544
0.05936279147863388, 0.0853932574391365, 0.04881155118346214
0.05856318026781082, 0.08457335829734802, 0.047273360192775726
0.059614457190036774, 0.08928810060024261, 0.044119179248809814
0.06354597210884094, 0.08402105420827866, 0.04056677222251892
0.052653174847364426, 0.08661296218633652, 0.04006710648536682
0.054224543273448944, 0.086649090051651, 0.04605225473642349
0.047407619655132294, 0.0881294310092926, 0.04484958574175835
0.0469091534614563, 0.0898549035191536, 0.04167245328426361
0.048347070813179016, 0.08997262269258499, 0.04009545221924782
0.04912925511598587, 0.0894240140914917, 0.03838181495666504
0.05126257985830307, 0.08807412534952164, 0.03549618273973465
0.04676070064306259, 0.08848965167999268, 0.037361741065979004
0.05547867342829704, 0.08760832995176315, 0.04019954055547714
0.043294936418533325, 0.09039697796106339, 0.0337698720395565
0.04442068189382553, 0.09222321212291718, 0.029594827443361282
0.04295239597558975, 0.0961107686161995, 0.031321294605731964
0.042241424322128296, 0.0884457603096962, 0.031337738037109375
0.04067853093147278, 0.0856260359287262, 0.03155003488063812
0.0434262678027153, 0.0865689367055893, 0.03511693701148033
0.0458289198577404, 0.09068756550550461, 0.04231929033994675
0.05163963884115219, 0.09304111450910568, 0.03592897579073906
0.047182343900203705, 0.09350228309631348, 0.03148898482322693
0.045566435903310776, 0.08759279549121857, 0.038189955055713654
0.043884143233299255, 0.08932829648256302, 0.03364116698503494
0.04832439869642258, 0.08491193503141403, 0.04042544960975647
0.05016091465950012, 0.08642761409282684, 0.035469602793455124
0.04869651794433594, 0.08741940557956696, 0.037419892847537994
0.04198729246854782, 0.08600868284702301, 0.033671118319034576
0.04961266368627548, 0.08885505050420761, 0.03024703823029995
0.0484037809073925, 0.08906987309455872, 0.03190204128623009
0.0430767759680748, 0.09104416519403458, 0.03705628588795662
0.048653554171323776, 0.08969010412693024, 0.038215093314647675
0.05227139592170715, 0.08684448152780533, 0.04048379883170128
0.04426255077123642, 0.08817462623119354, 0.043955247849226
0.04061269015073776, 0.0897369384765625, 0.035322051495313644
0.04598197340965271, 0.09020362794399261, 0.03406841680407524
0.05201570317149162, 0.08819019049406052, 0.03754780441522598
0.04874533414840698, 0.0891791433095932, 0.041533373296260834
0.052259646356105804, 0.08450516313314438, 0.04983895644545555
0.050623588263988495, 0.08225081861019135, 0.056737981736660004
0.052053116261959076, 0.0833994597196579, 0.056688468903303146
0.050357550382614136, 0.08320729434490204, 0.04291505739092827
0.050364892929792404, 0.08581842482089996, 0.038570817559957504
0.0557139627635479, 0.08303071558475494, 0.03804684802889824
0.04964829608798027, 0.08137503266334534, 0.03948747739195824
0.05954376980662346, 0.07436483353376389, 0.050515543669462204
0.06662726402282715, 0.07596417516469955, 0.06743583083152771
0.06401084363460541, 0.07611029595136642, 0.05884988233447075
0.05951693281531334, 0.07981570810079575, 0.048683296889066696
0.0689609944820404, 0.08120138198137283, 0.04538034647703171
0.055203285068273544, 0.08113083988428116, 0.04697159677743912
0.0650382786989212, 0.07853173464536667, 0.05323944240808487
0.06641361117362976, 0.07732760161161423, 0.07110589742660522
0.07654650509357452, 0.0768136978149414, 0.0863225907087326
0.07946249097585678, 0.0775580182671547, 0.08085429668426514
0.07603181898593903, 0.07525544613599777, 0.0723319798707962
0.06461329758167267, 0.076680988073349, 0.06645925343036652
0.08322369307279587, 0.08112745732069016, 0.062156498432159424
0.0845014750957489, 0.08009514957666397, 0.06569786369800568
0.10126791894435883, 0.07550855726003647, 0.09469015896320343
0.13268564641475677, 0.07600121200084686, 0.1136227399110794
0.10124917328357697, 0.07399635016918182, 0.08615245670080185
0.09241582453250885, 0.07561173290014267, 0.08113550394773483
0.09019436687231064, 0.07589603960514069, 0.07771569490432739
0.10490648448467255, 0.07685776799917221, 0.08001905679702759
0.10710623860359192, 0.07784421741962433, 0.0902850478887558
0.14249974489212036, 0.07138384878635406, 0.12051241099834442
0.1406426727771759, 0.07040507346391678, 0.14774978160858154
0.14202748239040375, 0.0693177878856659, 0.13120980560779572
0.11862345039844513, 0.0679028257727623, 0.10458608716726303
0.12836159765720367, 0.06785552203655243, 0.10135283321142197
0.11518924683332443, 0.0681028962135315, 0.106196328997612
0.12443094700574875, 0.06545879691839218, 0.11013118922710419
0.1415759027004242, 0.06756075471639633, 0.12256111204624176
0.14510999619960785, 0.06966997683048248, 0.15733635425567627
0.13218551874160767, 0.07144448906183243, 0.10827698558568954
0.12457332015037537, 0.07085362821817398, 0.08876591920852661
0.126129150390625, 0.07590897381305695, 0.0912109836935997
0.1276789903640747, 0.07460420578718185, 0.08134153485298157
0.11772963404655457, 0.07342211902141571, 0.08963465690612793
0.15299992263317108, 0.07301083207130432, 0.13690662384033203
0.14325642585754395, 0.07400025427341461, 0.14858070015907288
0.15025609731674194, 0.07404273003339767, 0.12746961414813995
0.15422794222831726, 0.07633495330810547, 0.1118130087852478
0.15081679821014404, 0.0739540308713913, 0.10848216712474823
0.15827088057994843, 0.07326653599739075, 0.12317772954702377
0.15178734064102173, 0.07215353101491928, 0.15981276333332062
0.1715179681777954, 0.07014478743076324, 0.23692463338375092
0.18604402244091034, 0.06850165873765945, 0.1942274272441864
0.15387295186519623, 0.06911062449216843, 0.17092488706111908
0.167228102684021, 0.06809252500534058, 0.15205097198486328
0.18654674291610718, 0.06982996314764023, 0.14071717858314514
0.17854973673820496, 0.06830155849456787, 0.1422538459300995
0.19182932376861572, 0.06727714091539383, 0.17560303211212158
0.1840721070766449, 0.06728378683328629, 0.2467888444662094
0.21475347876548767, 0.06599454581737518, 0.2196207046508789
0.1932234764099121, 0.06396601349115372, 0.19275254011154175
0.19175919890403748, 0.06358256191015244, 0.19557808339595795
0.17556977272033691, 0.06319846957921982, 0.1312941014766693
0.1875961273908615, 0.06138785555958748, 0.1873840093612671
0.2200409173965454, 0.05972037464380264, 0.20328286290168762
0.21432900428771973, 0.058137036859989166, 0.20318996906280518
0.21475015580654144, 0.05718004330992699, 0.19387754797935486
0.21414761245250702, 0.056136276572942734, 0.195851132273674
0.2411383092403412, 0.05357760936021805, 0.22943025827407837
0.21352896094322205, 0.05362052842974663, 0.19108520448207855
0.21947768330574036, 0.05056134983897209, 0.20832082629203796
0.2386203408241272, 0.05096466466784477, 0.28564178943634033
0.26705402135849, 0.04798043891787529, 0.31634408235549927
0.2826204299926758, 0.048208560794591904, 0.27542054653167725
0.2657519280910492, 0.04698045179247856, 0.2846639156341553
0.24855896830558777, 0.04529372230172157, 0.27448171377182007
0.2486705482006073, 0.04586079344153404, 0.24051201343536377
0.23851776123046875, 0.0452226884663105, 0.23578469455242157
0.2818867564201355, 0.0447164885699749, 0.26469656825065613
0.30334919691085815, 0.04540884867310524, 0.32569199800491333
0.2967454195022583, 0.04581060633063316, 0.30111151933670044
0.2778704762458801, 0.04543719440698624, 0.29996007680892944
0.284839928150177, 0.0440136082470417, 0.3035585880279541
0.2825623154640198, 0.043783605098724365, 0.29222097992897034
0.29914674162864685, 0.043908026069402695, 0.3033466339111328
0.31473079323768616, 0.043803345412015915, 0.3314271569252014
0.30180227756500244, 0.045046865940093994, 0.3434446454048157
0.34517472982406616, 0.04441742226481438, 0.349762499332428
0.3415415287017822, 0.045844774693250656, 0.3718438148498535
0.3348252773284912, 0.04533291235566139, 0.34078097343444824
0.345196008682251, 0.04396385699510574, 0.3127010464668274
0.3264474868774414, 0.04676501080393791, 0.31224745512008667
0.34623998403549194, 0.04632244631648064, 0.3597678542137146
0.37508320808410645, 0.04543333128094673, 0.367830365896225
0.35750049352645874, 0.04490145668387413, 0.35342323780059814
0.34888261556625366, 0.04693497344851494, 0.3395717740058899
0.36231642961502075, 0.04614773020148277, 0.32399672269821167
0.32685691118240356, 0.04582512006163597, 0.29724201560020447
0.3335297107696533, 0.048647552728652954, 0.29490554332733154
0.3558386266231537, 0.04905983805656433, 0.3169029653072357
0.36881107091903687, 0.05298614129424095, 0.32567113637924194
0.3695882260799408, 0.05134257674217224, 0.3615855574607849
0.3897397220134735, 0.049963317811489105, 0.37309229373931885
0.39908894896507263, 0.05396127700805664, 0.34426289796829224
0.3593664765357971, 0.052932899445295334, 0.2974042296409607
0.35543474555015564, 0.056285303086042404, 0.29794609546661377
0.36236608028411865, 0.05521233752369881, 0.329471230506897
0.3797067105770111, 0.05546271428465843, 0.3843023180961609
0.360081285238266, 0.05990970879793167, 0.3731083869934082
0.37798938155174255, 0.05441777780652046, 0.3883262872695923
0.3808327615261078, 0.05830231308937073, 0.33406978845596313
0.34623488783836365, 0.05704221874475479, 0.29784083366394043
0.3372008800506592, 0.0657067522406578, 0.28961795568466187
0.3596208989620209, 0.06403843313455582, 0.3072676658630371
0.3469979763031006, 0.06786628067493439, 0.3416834771633148
0.3849940001964569, 0.06952299177646637, 0.35176849365234375
0.35620078444480896, 0.06856146454811096, 0.3321079909801483
0.368647038936615, 0.07327284663915634, 0.275006502866745
0.3213205933570862, 0.07372710853815079, 0.2724338173866272
0.33673474192619324, 0.07851489633321762, 0.2791326940059662
0.35738253593444824, 0.0885554850101471, 0.2910033166408539
0.32023781538009644, 0.09110859781503677, 0.2909924387931824
0.3394497036933899, 0.08556930720806122, 0.30188441276550293
0.3429102301597595, 0.09167011827230453, 0.3062377870082855
0.3422584533691406, 0.09137366712093353, 0.3007182478904724
0.3333444595336914, 0.09580450505018234, 0.28654801845550537
0.3424297571182251, 0.09620609134435654, 0.2971240282058716
0.33074963092803955, 0.09658988565206528, 0.3119772970676422
0.33712732791900635, 0.1015784740447998, 0.33573564887046814
0.3662368655204773, 0.10382427275180817, 0.36559242010116577
0.37130945920944214, 0.1148819848895073, 0.34099316596984863
0.3555762767791748, 0.11054719984531403, 0.3256668448448181
0.3519883155822754, 0.11676491796970367, 0.32699379324913025
0.32733166217803955, 0.11968822777271271, 0.3136898875236511
0.33591148257255554, 0.1237650141119957, 0.30866825580596924
0.3645193576812744, 0.12817345559597015, 0.3125331401824951
0.3779003620147705, 0.12654006481170654, 0.3203226327896118
0.3652521073818207, 0.12727583944797516, 0.32668858766555786
0.36317193508148193, 0.1272883266210556, 0.3220008611679077
0.3543539047241211, 0.1277284175157547, 0.30630558729171753
0.35295912623405457, 0.12597988545894623, 0.2979346513748169
0.3357279896736145, 0.1325625628232956, 0.3013685941696167
0.3805861473083496, 0.13073818385601044, 0.3720872402191162
0.3766353130340576, 0.13214798271656036, 0.3427935540676117
0.36178016662597656, 0.1290297657251358, 0.3211122155189514
0.35626181960105896, 0.1304914355278015, 0.3036097288131714
0.3642558455467224, 0.1343906968832016, 0.29954099655151367
0.3369181156158447, 0.1431543081998825, 0.2620958983898163
0.3346034288406372, 0.14369945228099823, 0.31292030215263367
0.35579729080200195, 0.15214768052101135, 0.3433198928833008
0.3809807300567627, 0.154348224401474, 0.3043730556964874
0.3504575490951538, 0.15576399862766266, 0.3167914152145386
0.346228688955307, 0.15478402376174927, 0.2950246334075928
0.32694679498672485, 0.15916094183921814, 0.28572219610214233
0.3328304886817932, 0.16812776029109955, 0.26617294549942017
0.33674532175064087, 0.17822980880737305, 0.3040141761302948
0.3471049666404724, 0.1798156499862671, 0.34708285331726074
0.3510744273662567, 0.1886756867170334, 0.3311939537525177
0.353371798992157, 0.17971107363700867, 0.307393342256546
0.35631999373435974, 0.1827455759048462, 0.29247963428497314
0.32752299308776855, 0.1892542541027069, 0.28194695711135864
0.34484004974365234, 0.18968312442302704, 0.2809959352016449
0.3576385974884033, 0.19573526084423065, 0.31840789318084717
0.35739845037460327, 0.19973374903202057, 0.37722206115722656
0.35526883602142334, 0.20001867413520813, 0.3705221116542816
0.3570043444633484, 0.20069830119609833, 0.308341383934021
0.35927635431289673, 0.2020980566740036, 0.2914313077926636
0.32712846994400024, 0.2096756249666214, 0.26966381072998047
0.34327220916748047, 0.21172776818275452, 0.2778703272342682
0.35923099517822266, 0.21596191823482513, 0.3447582423686981
0.33315524458885193, 0.22490441799163818, 0.4308415651321411
0.33118653297424316, 0.23156623542308807, 0.35159051418304443
0.34434837102890015, 0.2323346883058548, 0.32408857345581055
0.3199184536933899, 0.23654146492481232, 0.2772105634212494
0.294557124376297, 0.2387932538986206, 0.24105684459209442
0.31271278858184814, 0.25055983662605286, 0.2472800463438034
0.3276955783367157, 0.2516896426677704, 0.2822425365447998
0.35124096274375916, 0.26388540863990784, 0.33270931243896484
0.3319942355155945, 0.2686826288700104, 0.29436802864074707
0.3328407406806946, 0.2648369371891022, 0.26755642890930176
0.3327750563621521, 0.2638759911060333, 0.2537325322628021
0.3029867112636566, 0.27638840675354004, 0.2331424355506897
0.2989790737628937, 0.27960845828056335, 0.27184396982192993
0.32384100556373596, 0.2943037152290344, 0.32092520594596863
0.330134779214859, 0.292635440826416, 0.35222047567367554
0.3237385153770447, 0.29610687494277954, 0.32945120334625244
0.3191576600074768, 0.30007311701774597, 0.29859659075737
0.3088901937007904, 0.30760833621025085, 0.25863713026046753
0.28806614875793457, 0.3117018938064575, 0.24379973113536835
0.3040679395198822, 0.3252412676811218, 0.24623322486877441
0.3207409381866455, 0.32730594277381897, 0.28022414445877075
0.33007293939590454, 0.33572107553482056, 0.32776880264282227
0.3051910400390625, 0.33829158544540405, 0.30489009618759155
0.31574246287345886, 0.3399624526500702, 0.26758038997650146
0.30948665738105774, 0.33188289403915405, 0.2627788782119751
0.2985861897468567, 0.3380555808544159, 0.26320478320121765
0.28217679262161255, 0.3357173204421997, 0.2613564133644104
0.29067492485046387, 0.3421204686164856, 0.2718052566051483
0.3032105267047882, 0.3426252007484436, 0.31862741708755493
0.31180012226104736, 0.3418714702129364, 0.3028615713119507
0.2931517958641052, 0.3430109918117523, 0.25509315729141235
0.2710294723510742, 0.3335167169570923, 0.228286474943161
0.2660890519618988, 0.3503042161464691, 0.21930359303951263
0.2850871980190277, 0.34684690833091736, 0.23663252592086792
0.26720672845840454, 0.35089871287345886, 0.24433106184005737
0.28827404975891113, 0.36296024918556213, 0.3059023320674896
0.28898346424102783, 0.35118481516838074, 0.2981102466583252
0.2751961648464203, 0.35475143790245056, 0.26184678077697754
0.26004767417907715, 0.3491995930671692, 0.24715480208396912
0.2590915560722351, 0.3488878011703491, 0.24067366123199463
0.2583577632904053, 0.3501058518886566, 0.23698854446411133
0.27531692385673523, 0.35593852400779724, 0.22948531806468964
0.26619791984558105, 0.35902002453804016, 0.2505907714366913
0.26163601875305176, 0.3440898060798645, 0.24352994561195374
0.2532663941383362, 0.33949294686317444, 0.2223995178937912
0.2427273392677307, 0.3338744044303894, 0.21608416736125946
0.24197009205818176, 0.33706459403038025, 0.2117583155632019
0.2366122603416443, 0.34249886870384216, 0.20310938358306885
0.22554783523082733, 0.34153130650520325, 0.20708397030830383
0.2432013750076294, 0.33235403895378113, 0.22433626651763916
0.258313924074173, 0.33110687136650085, 0.2385338544845581
0.2527254819869995, 0.32506394386291504, 0.22311632335186005
0.24781642854213715, 0.3226030170917511, 0.2247070074081421
0.23443818092346191, 0.3255811631679535, 0.2359173595905304
0.23409020900726318, 0.33066973090171814, 0.23786787688732147
0.2212725132703781, 0.3371857702732086, 0.21125301718711853
0.20789074897766113, 0.33642736077308655, 0.19419991970062256
0.2018429934978485, 0.3347904086112976, 0.1667477935552597
0.18961338698863983, 0.3385387361049652, 0.15613125264644623
0.17792443931102753, 0.3357680141925812, 0.14400933682918549
0.16683880984783173, 0.33695557713508606, 0.14664459228515625
0.16663315892219543, 0.3392713665962219, 0.14318689703941345
0.15222632884979248, 0.33233925700187683, 0.13315877318382263
0.1509992480278015, 0.3496049642562866, 0.13354484736919403
0.14611753821372986, 0.34446340799331665, 0.13671013712882996
0.13816718757152557, 0.34812864661216736, 0.12968122959136963
0.13147056102752686, 0.3388976752758026, 0.13815796375274658
0.1427687257528305, 0.3388627767562866, 0.15238378942012787
0.1492106020450592, 0.34039419889450073, 0.13594356179237366
0.11892953515052795, 0.3384106159210205, 0.11498602479696274
0.10433872789144516, 0.3471926152706146, 0.08266380429267883
0.10928412526845932, 0.34786584973335266, 0.08574828505516052
0.10288375616073608, 0.3393188416957855, 0.07846324890851974
0.107639841735363, 0.3463045060634613, 0.09634999930858612
0.12374280393123627, 0.3479253649711609, 0.12896575033664703
0.11944132298231125, 0.34925422072410583, 0.12284193933010101
0.11359666287899017, 0.3430558145046234, 0.10760490596294403
0.10236205905675888, 0.3467281460762024, 0.09059655666351318
0.1110522672533989, 0.34575995802879333, 0.09753838181495667
0.10146191716194153, 0.3492649793624878, 0.09623320400714874
0.09650333970785141, 0.33722883462905884, 0.10241180658340454
0.0943240374326706, 0.3367418348789215, 0.10539579391479492
0.10591163486242294, 0.33510005474090576, 0.09809541702270508
0.09700282663106918, 0.33508244156837463, 0.0792963057756424
0.09024660289287567, 0.33632129430770874, 0.0729905515909195
0.09662745893001556, 0.3361766040325165, 0.07491043210029602
0.09548597037792206, 0.33822399377822876, 0.07661323249340057
0.08754651993513107, 0.3287343978881836, 0.08544975519180298
0.09578745067119598, 0.33086180686950684, 0.08795984089374542
0.09508740901947021, 0.334584504365921, 0.08697160333395004
0.08884122222661972, 0.3353549540042877, 0.09627220034599304
0.10772933810949326, 0.3467622697353363, 0.1288968175649643
0.10931297391653061, 0.34422221779823303, 0.13272689282894135
0.10063143074512482, 0.3417693078517914, 0.13366034626960754
0.09388651698827744, 0.3275468349456787, 0.11495982855558395
0.09038245677947998, 0.3327964246273041, 0.11478680372238159
0.08903931081295013, 0.33920902013778687, 0.10383749008178711
0.08570925891399384, 0.33522355556488037, 0.10505704581737518
0.08769990503787994, 0.3352831304073334, 0.10785289853811264
0.08840623497962952, 0.32687899470329285, 0.1055927500128746
0.07534831762313843, 0.33052435517311096, 0.07891978323459625
0.07977700233459473, 0.3260543644428253, 0.07791361212730408
0.07634530961513519, 0.322048157453537, 0.08828528970479965
0.09216007590293884, 0.321744441986084, 0.10114145278930664
0.08363062143325806, 0.31752052903175354, 0.08838090300559998
0.07234545052051544, 0.3159230351448059, 0.08993189036846161
0.08560459315776825, 0.3237910866737366, 0.1053447350859642
0.0773424431681633, 0.3101280629634857, 0.09818892180919647
0.08653458952903748, 0.3129304349422455, 0.10038553178310394
0.07572290301322937, 0.30703073740005493, 0.10562815517187119
0.08964487165212631, 0.3082880973815918, 0.10133813321590424
0.08848398923873901, 0.30800968408584595, 0.10266824811697006
0.08928009122610092, 0.31403684616088867, 0.10986854135990143
0.08441118896007538, 0.3078833818435669, 0.10488130897283554
0.06994577497243881, 0.3072925806045532, 0.0876728892326355
0.06950147449970245, 0.31035110354423523, 0.07508321106433868
0.07052391767501831, 0.29714876413345337, 0.0777709037065506
0.06821747124195099, 0.31866422295570374, 0.08976992219686508
0.0700787752866745, 0.3133781850337982, 0.07482852041721344
0.08202456682920456, 0.3028106689453125, 0.0934472605586052
0.0743170827627182, 0.30181393027305603, 0.08528967946767807
0.08003195375204086, 0.2989017367362976, 0.08790888637304306
0.07189381867647171, 0.2957099974155426, 0.08576726168394089
0.08054067194461823, 0.2900092303752899, 0.09684818238019943
0.08256928622722626, 0.29268741607666016, 0.11178839206695557
0.07952167093753815, 0.2959224581718445, 0.10652631521224976
0.08428838104009628, 0.2891627252101898, 0.10776969790458679
0.09105421602725983, 0.2857125699520111, 0.10029470920562744
0.0790075808763504, 0.28421300649642944, 0.09245432913303375
0.07692694664001465, 0.2795429229736328, 0.08792102336883545
0.08466460555791855, 0.2778278589248657, 0.09221045672893524
0.08503842353820801, 0.27929994463920593, 0.09202830493450165
0.08027619123458862, 0.27850866317749023, 0.08396866917610168
0.08393220603466034, 0.27301859855651855, 0.0813165009021759
0.09991272538900375, 0.27009743452072144, 0.0974561870098114
0.10254038870334625, 0.26733824610710144, 0.0974891185760498
0.08896894752979279, 0.2636597454547882, 0.08814706653356552
0.09597544372081757, 0.25886592268943787, 0.09196280688047409
0.08867667615413666, 0.261555939912796, 0.10438214242458344
0.09121422469615936, 0.2620798945426941, 0.10828107595443726
0.10800056159496307, 0.2603897750377655, 0.118178591132164
0.10149600356817245, 0.255296915769577, 0.08695292472839355
0.09750498831272125, 0.2489071935415268, 0.09150402247905731
0.09488533437252045, 0.24100522696971893, 0.07327313721179962
0.09807565808296204, 0.24404850602149963, 0.08128749579191208
0.09520193934440613, 0.24535910785198212, 0.08427874743938446
0.08818924427032471, 0.23894937336444855, 0.08784548938274384
0.09176187217235565, 0.24337568879127502, 0.08646269887685776
0.09873156249523163, 0.23690588772296906, 0.08224651217460632
0.1034100204706192, 0.23634664714336395, 0.09082826226949692
0.10904256999492645, 0.23311662673950195, 0.08985131233930588
0.10427668690681458, 0.23339979350566864, 0.08815129101276398
0.10651479661464691, 0.2260851114988327, 0.08540379256010056
0.10889929533004761, 0.22481341660022736, 0.08515845239162445
0.11116095632314682, 0.2151801586151123, 0.08630004525184631
0.10884648561477661, 0.21031144261360168, 0.09253959357738495
0.11216497421264648, 0.19995182752609253, 0.1111290454864502
0.11452893912792206, 0.19344130158424377, 0.10551180690526962
0.10908351838588715, 0.1831827610731125, 0.0950515866279602
0.11720556020736694, 0.17868748307228088, 0.10289361327886581
0.11675922572612762, 0.1688200980424881, 0.11208759993314743
0.13379070162773132, 0.16384068131446838, 0.1400456428527832
0.14599856734275818, 0.15796220302581787, 0.13822045922279358
0.12414713948965073, 0.14654101431369781, 0.12187585234642029
0.13006354868412018, 0.14213542640209198, 0.11358626931905746
0.11411304771900177, 0.1434614658355713, 0.10162144899368286
0.12297414243221283, 0.13457098603248596, 0.10926477611064911
0.1267825961112976, 0.12899617850780487, 0.11773320287466049
0.14216849207878113, 0.12885241210460663, 0.14119502902030945
0.1454678475856781, 0.12324394285678864, 0.14725618064403534
0.14924827218055725, 0.11861541122198105, 0.1486387550830841
0.13383135199546814, 0.12306225299835205, 0.1262427568435669
0.13159140944480896, 0.11444640159606934, 0.11074966192245483
0.12915757298469543, 0.11129146814346313, 0.10746144503355026
0.1244470477104187, 0.11661738157272339, 0.1132206916809082
0.13758400082588196, 0.10581731796264648, 0.1335543394088745
0.1566821038722992, 0.10520356893539429, 0.13009649515151978
0.15669584274291992, 0.10481876134872437, 0.145328551530838
0.15036872029304504, 0.1058347225189209, 0.1402978003025055
0.13885019719600677, 0.10721638053655624, 0.1340993046760559
0.14160753786563873, 0.10184929519891739, 0.1235790103673935
0.15122731029987335, 0.09539736062288284, 0.12733766436576843
0.15068647265434265, 0.09386559575796127, 0.1287723183631897
0.1617211401462555, 0.09339529275894165, 0.13896313309669495
0.15301251411437988, 0.09541996568441391, 0.13332073390483856
0.1519984006881714, 0.09391533583402634, 0.12775111198425293
0.14005665481090546, 0.09096530079841614, 0.11055652797222137
0.1623700112104416, 0.09309562295675278, 0.11694996058940887
0.14530417323112488, 0.09344031661748886, 0.13355986773967743
0.16404397785663605, 0.08863012492656708, 0.16939330101013184
0.16675549745559692, 0.09383736550807953, 0.14609870314598083
0.16935037076473236, 0.09458290785551071, 0.13807396590709686
0.15011265873908997, 0.09607259184122086, 0.13047611713409424
0.16196656227111816, 0.09395425021648407, 0.13691267371177673
0.18624362349510193, 0.09561129659414291, 0.14775842428207397
0.19514146447181702, 0.09086735546588898, 0.18740694224834442
0.203944131731987, 0.0908888503909111, 0.22560393810272217
0.19278669357299805, 0.08892621099948883, 0.2436302900314331
0.2057117521762848, 0.08645059913396835, 0.2394515872001648
0.21232037246227264, 0.0881892740726471, 0.21106843650341034
0.20314949750900269, 0.08345749229192734, 0.21672861278057098
0.19832825660705566, 0.08688446879386902, 0.22347573935985565
0.22266040742397308, 0.08409340679645538, 0.23460790514945984
0.24660253524780273, 0.08180184662342072, 0.24219267070293427
0.2202458679676056, 0.08055964857339859, 0.23716840147972107
0.22148388624191284, 0.08168121427297592, 0.23758815228939056
0.21313533186912537, 0.08201500028371811, 0.2210468053817749
0.20278678834438324, 0.08305682986974716, 0.20390254259109497
0.19779598712921143, 0.08416786044836044, 0.19194146990776062
0.21414946019649506, 0.08260107040405273, 0.2117661088705063
0.21402011811733246, 0.08252336829900742, 0.20375379920005798
0.20980799198150635, 0.0799013078212738, 0.20192870497703552
0.20501285791397095, 0.0825916975736618, 0.2114163339138031
0.1950298547744751, 0.08113770931959152, 0.20010635256767273
0.1999572515487671, 0.0797005295753479, 0.2073376476764679
0.22281980514526367, 0.07895666360855103, 0.23033694922924042
0.2208167165517807, 0.0787457525730133, 0.2528357207775116
0.20843800902366638, 0.07755853980779648, 0.19616755843162537
0.20867612957954407, 0.07600035518407822, 0.19345001876354218
0.19307462871074677, 0.07412012666463852, 0.18954424560070038
0.2034216821193695, 0.07457879930734634, 0.1718016266822815
0.19675621390342712, 0.07618903368711472, 0.170028954744339
0.19829463958740234, 0.07745476812124252, 0.15256524085998535
0.18504774570465088, 0.07972873747348785, 0.17740672826766968
0.1767147034406662, 0.08085843175649643, 0.17368821799755096
0.18997913599014282, 0.07897473126649857, 0.1820891797542572
0.192452073097229, 0.08284708112478256, 0.19630444049835205
0.1949988454580307, 0.08137230575084686, 0.18921735882759094
0.1956709921360016, 0.082088403403759, 0.1871749609708786
0.19177448749542236, 0.08018326014280319, 0.1812758892774582
0.19505146145820618, 0.08225148171186447, 0.19427059590816498
0.1820116490125656, 0.0805075392127037, 0.17255239188671112
0.16614221036434174, 0.08296654373407364, 0.14638450741767883
0.17193767428398132, 0.08287765830755234, 0.14454850554466248
0.15505117177963257, 0.08653106540441513, 0.14503014087677002
0.15642020106315613, 0.08680550009012222, 0.1456766128540039
0.15595890581607819, 0.0886053815484047, 0.13305142521858215
0.15425711870193481, 0.0900813490152359, 0.13372080028057098
0.15443532168865204, 0.09098181873559952, 0.1475171595811844
0.1466212123632431, 0.09656798094511032, 0.13749191164970398
0.15108084678649902, 0.08825890719890594, 0.1512884646654129
0.14815768599510193, 0.08969958871603012, 0.13285082578659058
0.14585837721824646, 0.09189489483833313, 0.1197214126586914
0.1445397585630417, 0.09170369058847427, 0.12887290120124817
0.1496683657169342, 0.09038031846284866, 0.13938474655151367
0.12490040063858032, 0.09063106030225754, 0.11041919887065887
0.12455951422452927, 0.09238271415233612, 0.12249740958213806
0.1511429399251938, 0.09566368162631989, 0.13949179649353027
0.12021120637655258, 0.09273224323987961, 0.11145909875631332
0.11639159917831421, 0.0983835756778717, 0.08753310143947601
0.11584095656871796, 0.09950312227010727, 0.09016277641057968
0.12202292680740356, 0.10054273903369904, 0.10254665464162827
0.12546005845069885, 0.10075414180755615, 0.11497460305690765
0.11118748039007187, 0.10472571104764938, 0.12366239726543427
0.12082765996456146, 0.10608470439910889, 0.13656112551689148
0.1201358437538147, 0.10438244789838791, 0.12465798854827881
0.10272622108459473, 0.10602886974811554, 0.09773101657629013
0.11341991275548935, 0.1112666055560112, 0.10373620688915253
0.1157865971326828, 0.11434729397296906, 0.09877308458089828
0.11878746747970581, 0.11412053555250168, 0.10113408416509628
0.11661135405302048, 0.11706172674894333, 0.11348038911819458
0.11881142854690552, 0.11981115490198135, 0.13015487790107727
0.10831254720687866, 0.12023799866437912, 0.11828607320785522
0.11819960176944733, 0.12017036974430084, 0.11265850067138672
0.10191619396209717, 0.1251075714826584, 0.10781987756490707
0.10926686227321625, 0.12723271548748016, 0.11352421343326569
0.10655581951141357, 0.12556014955043793, 0.10463468730449677
0.11680170148611069, 0.13268356025218964, 0.11847283691167831
0.1062871664762497, 0.1328735202550888, 0.14233416318893433
0.11557327955961227, 0.1309351772069931, 0.12758900225162506
0.09461675584316254, 0.129176527261734, 0.1038399487733841
0.09781914949417114, 0.13120971620082855, 0.09311504662036896
0.09763136506080627, 0.1365223228931427, 0.08909538388252258
0.09651025384664536, 0.13934651017189026, 0.09346433728933334
0.10382843017578125, 0.1370219886302948, 0.09732469171285629
0.09515839070081711, 0.1342160701751709, 0.10891091823577881
0.09022857248783112, 0.13460968434810638, 0.10417628288269043
0.08228732645511627, 0.13685649633407593, 0.08606602251529694
0.08310624212026596, 0.1401972621679306, 0.08470224589109421
0.08327136933803558, 0.1387820988893509, 0.09793633222579956
0.08599160611629486, 0.14156202971935272, 0.08741295337677002
0.08561579883098602, 0.14237606525421143, 0.09927868843078613
0.09689915180206299, 0.14677929878234863, 0.11278986930847168
0.07401781529188156, 0.1416822224855423, 0.08352228999137878
0.06750337779521942, 0.14392469823360443, 0.07754978537559509
0.07418006658554077, 0.14804737269878387, 0.08976450562477112
0.07465522736310959, 0.1491815596818924, 0.09389760345220566
0.07448349893093109, 0.14789120852947235, 0.0877486988902092
0.07528749108314514, 0.15067556500434875, 0.08761084079742432
0.07422041893005371, 0.1527896672487259, 0.09060623496770859
0.06794381141662598, 0.1511712521314621, 0.07346653938293457
0.05932793766260147, 0.15568915009498596, 0.06577079743146896
0.0602433979511261, 0.1621761918067932, 0.06675811111927032
0.06244903802871704, 0.1625794619321823, 0.09569579362869263
0.056764982640743256, 0.1729348748922348, 0.06591202318668365
0.055704519152641296, 0.17301492393016815, 0.06775350123643875
0.0589667484164238, 0.18102523684501648, 0.08378992974758148
0.05901646614074707, 0.18125668168067932, 0.06923788040876389
0.057134710252285004, 0.19105203449726105, 0.0656762421131134
0.05645161494612694, 0.19777129590511322, 0.06524403393268585
0.05427918955683708, 0.19625286757946014, 0.06364709883928299
0.05211987346410751, 0.20640988647937775, 0.05829205363988876
0.05668865144252777, 0.21215131878852844, 0.05908858776092529
0.048708751797676086, 0.2042873352766037, 0.06642519682645798
0.0501461923122406, 0.20505638420581818, 0.05236996337771416
0.04414822906255722, 0.20098698139190674, 0.04872550815343857
0.045056313276290894, 0.20660224556922913, 0.04908865690231323
0.04629331827163696, 0.20823724567890167, 0.05446673929691315
0.046251341700553894, 0.2042168378829956, 0.04691615328192711
0.06395670771598816, 0.20051558315753937, 0.06512513756752014
0.07150118798017502, 0.1971207857131958, 0.07230182737112045
0.044848471879959106, 0.2026924192905426, 0.044322993606328964
0.04290633648633957, 0.20413915812969208, 0.04319223016500473
0.042250216007232666, 0.2081531584262848, 0.04544491693377495
0.04286815971136093, 0.20131675899028778, 0.05308493599295616
0.04867676645517349, 0.20268726348876953, 0.04735521972179413
0.06437881290912628, 0.2082173079252243, 0.05893214792013168
0.05278802663087845, 0.19936536252498627, 0.08056550472974777
0.0633792132139206, 0.2005661576986313, 0.06734725087881088
0.05408036708831787, 0.20395834743976593, 0.05965828523039818
0.05379200726747513, 0.19712214171886444, 0.06095263361930847
0.05126677453517914, 0.19518862664699554, 0.06272899359464645
0.05799871310591698, 0.18716029822826385, 0.06240733712911606
0.06109168380498886, 0.18778610229492188, 0.08759152889251709
0.07985175400972366, 0.18679796159267426, 0.08651983737945557
0.07415808737277985, 0.1864262968301773, 0.07741773128509521
0.08489647507667542, 0.1826506108045578, 0.0671478807926178
0.06653831899166107, 0.18382799625396729, 0.06537576764822006
0.07142305374145508, 0.18095044791698456, 0.06198388338088989
0.07146339118480682, 0.17981545627117157, 0.06133682653307915
0.07517915219068527, 0.17839562892913818, 0.07224631309509277
0.0879637822508812, 0.172248974442482, 0.08048561960458755
0.08605989068746567, 0.1710091382265091, 0.07143117487430573
0.07527483999729156, 0.16631314158439636, 0.06559038162231445
0.07289731502532959, 0.16246531903743744, 0.07017433643341064
0.08039607107639313, 0.15867367386817932, 0.06204288825392723
0.07863449305295944, 0.1529592126607895, 0.06674513220787048
0.07687429338693619, 0.152927428483963, 0.09418673813343048
0.10451836884021759, 0.14763492345809937, 0.09063323587179184
0.08415906131267548, 0.14963313937187195, 0.07579827308654785
0.07759412378072739, 0.14356230199337006, 0.06920693069696426
0.07507633417844772, 0.14116542041301727, 0.06887301802635193
0.07306786626577377, 0.1390819251537323, 0.0675845667719841
0.07610271871089935, 0.13723358511924744, 0.07775284349918365
0.0764758437871933, 0.1397038847208023, 0.079679474234581
0.08354862034320831, 0.13193859159946442, 0.07664759457111359
0.08150666952133179, 0.12876588106155396, 0.0757095068693161
0.07439614832401276, 0.12652844190597534, 0.07993569225072861
0.08230646699666977, 0.12088104337453842, 0.08377530425786972
0.0761653333902359, 0.11926481872797012, 0.07097899168729782
0.07205581665039062, 0.12175752967596054, 0.07492135465145111
0.0947989821434021, 0.1249869242310524, 0.09063193202018738
0.08018811047077179, 0.11919442564249039, 0.08115223795175552
0.0828036293387413, 0.1132391020655632, 0.0762944296002388
0.0711027979850769, 0.11352606117725372, 0.07457011938095093
0.07387057691812515, 0.1117829903960228, 0.068201944231987
0.07334636896848679, 0.11391904205083847, 0.060338448733091354
0.09063049405813217, 0.11181654036045074, 0.08110439777374268
0.08616726845502853, 0.11032871156930923, 0.08577907085418701
0.08584966510534286, 0.1113986000418663, 0.07873961329460144
0.0794428288936615, 0.10746224969625473, 0.07505647838115692
0.07415978610515594, 0.10565685480833054, 0.0742025226354599
0.08008058369159698, 0.10720638185739517, 0.07773469388484955
0.07535593211650848, 0.10848423093557358, 0.07118341326713562
0.08605742454528809, 0.10958319157361984, 0.07933029532432556
0.08368198573589325, 0.10500844568014145, 0.0820644199848175
0.078702911734581, 0.10310306400060654, 0.07760729640722275
0.08202841877937317, 0.1052517294883728, 0.07357002049684525
0.08161789178848267, 0.10402759164571762, 0.08216068893671036
0.08119309693574905, 0.10076891630887985, 0.08085829019546509
0.0846387967467308, 0.09840153157711029, 0.09027999639511108
0.09318970143795013, 0.101834237575531, 0.13040003180503845
0.10731850564479828, 0.09715339541435242, 0.13870999217033386
0.11235541105270386, 0.09443975985050201, 0.13359567523002625
0.10036230087280273, 0.09181611984968185, 0.11953465640544891
0.1177467554807663, 0.08752205967903137, 0.13204064965248108
0.11193835735321045, 0.08570891618728638, 0.14452211558818817
0.10055714845657349, 0.08584966510534286, 0.1223544180393219
0.10946105420589447, 0.08619772642850876, 0.15093135833740234
0.12064450979232788, 0.08696703612804413, 0.1512453556060791
0.10791055858135223, 0.0845697820186615, 0.13257044553756714
0.10825925320386887, 0.0820411667227745, 0.11890193074941635
0.11171909421682358, 0.07748911529779434, 0.13506393134593964
0.10878168046474457, 0.07943344116210938, 0.14564678072929382
0.09987384080886841, 0.07669320702552795, 0.12890209257602692
0.10023379325866699, 0.07691431790590286, 0.10903018712997437
0.09778054803609848, 0.07792596518993378, 0.11190517991781235
0.103752002120018, 0.07357770204544067, 0.10563638061285019
0.09902483224868774, 0.07008983939886093, 0.1026967316865921
0.10388258099555969, 0.06907808035612106, 0.11208413541316986
0.11327467858791351, 0.06662001460790634, 0.1134113073348999
0.09161877632141113, 0.06430360674858093, 0.10886213183403015
0.0933447927236557, 0.06373147666454315, 0.09920971095561981
0.10777480900287628, 0.06256264448165894, 0.11358427256345749
0.10446779429912567, 0.061676859855651855, 0.1167493462562561
0.10862594097852707, 0.06041262298822403, 0.12956662476062775
0.11691991984844208, 0.057663172483444214, 0.14398783445358276
0.12612420320510864, 0.05964021757245064, 0.1544155478477478
0.13298308849334717, 0.059037674218416214, 0.1288854330778122
0.10658697783946991, 0.056553568691015244, 0.11887197196483612
0.10886186361312866, 0.057628192007541656, 0.12242011725902557
0.10089661926031113, 0.05673077702522278, 0.12021327018737793
0.10675250738859177, 0.05249924212694168, 0.11639830470085144
0.12298395484685898, 0.051721762865781784, 0.13815510272979736
0.12375741451978683, 0.04894565790891647, 0.14240926504135132
0.128643199801445, 0.0526111014187336, 0.12473484128713608
0.11308036744594574, 0.048866935074329376, 0.10919611155986786
0.11255556344985962, 0.05247822031378746, 0.11789148300886154
0.10560717433691025, 0.0499260239303112, 0.11102232336997986
0.10320459306240082, 0.048904936760663986, 0.11636582016944885
0.12447391450405121, 0.04640749841928482, 0.1394895762205124
0.13199231028556824, 0.04860493913292885, 0.1508779525756836
0.11104156076908112, 0.0516526885330677, 0.13787521421909332
0.12084849178791046, 0.05288293585181236, 0.14297160506248474
0.12215642631053925, 0.05234634503722191, 0.14107075333595276
0.1236514300107956, 0.05309115722775459, 0.1493859887123108
0.12513367831707, 0.049680233001708984, 0.14198876917362213
0.15016186237335205, 0.05492935702204704, 0.15954238176345825
0.1502002775669098, 0.051916856318712234, 0.16497521102428436
0.13718819618225098, 0.058245133608579636, 0.15501496195793152
0.11659615486860275, 0.05873960256576538, 0.14801084995269775
0.1433805674314499, 0.06413375586271286, 0.1556265950202942
0.13184034824371338, 0.06711425632238388, 0.13922744989395142
0.13848575949668884, 0.06312115490436554, 0.13648465275764465
0.1550670713186264, 0.06550069153308868, 0.17717838287353516
0.16348062455654144, 0.06701502948999405, 0.18695662915706635
0.15898610651493073, 0.06968695670366287, 0.16674964129924774
0.15081076323986053, 0.07222362607717514, 0.18771639466285706
0.1637832373380661, 0.07296498864889145, 0.18355661630630493
0.16636553406715393, 0.07570842653512955, 0.18908946216106415
0.16489863395690918, 0.07313015311956406, 0.18423312902450562
0.19546788930892944, 0.07277213037014008, 0.2328539788722992
0.1934862732887268, 0.0769004374742508, 0.23302631080150604
0.19684657454490662, 0.07612431794404984, 0.1983623504638672
0.1652248650789261, 0.0771162211894989, 0.1712702512741089
0.17058944702148438, 0.07767155021429062, 0.17726588249206543
0.17664901912212372, 0.07443051040172577, 0.167459174990654
0.17362385988235474, 0.07641732692718506, 0.17276737093925476
0.1869078129529953, 0.07593679428100586, 0.19030515849590302
0.18543803691864014, 0.07523631304502487, 0.18647828698158264
0.16659776866436005, 0.08078434318304062, 0.16412630677223206
0.15762004256248474, 0.07898719608783722, 0.15515771508216858
0.16180622577667236, 0.07811141759157181, 0.1498272716999054
0.15451106429100037, 0.07687324285507202, 0.1490798443555832
0.1615997552871704, 0.0770355612039566, 0.1563621312379837
0.18221567571163177, 0.07744085043668747, 0.1837908923625946
0.17600570619106293, 0.07628132402896881, 0.1889498233795166
0.16990821063518524, 0.0792098119854927, 0.167064368724823
0.16333702206611633, 0.07763276994228363, 0.16497041285037994
0.1534465253353119, 0.07776191085577011, 0.1607215702533722
0.1550900936126709, 0.07840631157159805, 0.15101982653141022
0.16567878425121307, 0.07774894684553146, 0.1639847755432129
0.16827547550201416, 0.07826574891805649, 0.18401384353637695
0.18053758144378662, 0.07893238216638565, 0.19885456562042236
0.16158056259155273, 0.07786522060632706, 0.1911557912826538
0.1558973789215088, 0.07990541309118271, 0.15764398872852325
0.1591830551624298, 0.07956109195947647, 0.15842173993587494
0.15274053812026978, 0.07789582014083862, 0.17587602138519287
0.1699725091457367, 0.07781969755887985, 0.16819503903388977
0.16589626669883728, 0.07666926831007004, 0.18007569015026093
0.1776914894580841, 0.07736758142709732, 0.17716436088085175
0.16596448421478271, 0.07943549007177353, 0.16607606410980225
0.1422940343618393, 0.07986777275800705, 0.13545939326286316
0.1415862739086151, 0.08035773038864136, 0.12755197286605835
0.13318349421024323, 0.08066776394844055, 0.1212000697851181
0.14228138327598572, 0.07991620153188705, 0.12309162318706512
0.15689246356487274, 0.08048143237829208, 0.1572169065475464
0.18039000034332275, 0.08285019546747208, 0.1839844286441803
0.16955646872520447, 0.0852975845336914, 0.17680953443050385
0.14954982697963715, 0.08479370921850204, 0.14141857624053955
0.14299985766410828, 0.0865318700671196, 0.12277567386627197
0.1294620931148529, 0.08846252411603928, 0.12162719666957855
0.1395399272441864, 0.09380495548248291, 0.12845449149608612
0.1473947912454605, 0.09315773099660873, 0.16541002690792084
0.16290728747844696, 0.0985150933265686, 0.19720932841300964
0.19310323894023895, 0.10405301302671432, 0.18686674535274506
0.15134559571743011, 0.10270025581121445, 0.14998900890350342
0.14408016204833984, 0.10544457286596298, 0.13846077024936676
0.1329347938299179, 0.10576386749744415, 0.1369217336177826
0.13814851641654968, 0.10603996366262436, 0.1336761713027954
0.14429473876953125, 0.10578715801239014, 0.1425771266222
0.1349281519651413, 0.10624456405639648, 0.15376852452754974
0.14250460267066956, 0.10574598610401154, 0.14843669533729553
0.14093410968780518, 0.10524287074804306, 0.14598330855369568
0.1483108401298523, 0.10593392699956894, 0.14126968383789062
0.1439276933670044, 0.10301448404788971, 0.13851016759872437
0.1422766149044037, 0.1024143323302269, 0.1413601189851761
0.15213793516159058, 0.10284747183322906, 0.15912392735481262
0.15951624512672424, 0.09971687942743301, 0.1595364212989807
0.15222296118736267, 0.09858369082212448, 0.14921632409095764
0.14187227189540863, 0.1004435196518898, 0.13989654183387756
0.14494341611862183, 0.10082972049713135, 0.13663028180599213
0.14155365526676178, 0.1045771986246109, 0.13870716094970703
0.13295255601406097, 0.10614832490682602, 0.1364852488040924
0.1493653506040573, 0.10703692585229874, 0.1439596712589264
0.14211222529411316, 0.10618772357702255, 0.1476183384656906
0.14361658692359924, 0.10642683506011963, 0.1368192881345749
0.1370779573917389, 0.10750485956668854, 0.1308603733778
0.13787667453289032, 0.10947536677122116, 0.13411572575569153
0.13274121284484863, 0.1086011454463005, 0.13415038585662842
0.1330919712781906, 0.11651084572076797, 0.12827631831169128
0.1434004157781601, 0.11238103359937668, 0.14199845492839813
0.1391569972038269, 0.11699878424406052, 0.14212696254253387
0.12691166996955872, 0.11180455982685089, 0.11437082290649414
0.12364725768566132, 0.11329323053359985, 0.12432493269443512
0.11308964341878891, 0.1089031919836998, 0.11315809935331345
0.1145474910736084, 0.11014284193515778, 0.12035461515188217
0.11297734826803207, 0.11524654924869537, 0.10356920957565308
0.10439741611480713, 0.11339264363050461, 0.10891421884298325
0.0951194316148758, 0.11288770288228989, 0.11646310985088348
0.10054302215576172, 0.11154420673847198, 0.10110827535390854
0.12206220626831055, 0.11360236257314682, 0.1622508317232132
0.10359984636306763, 0.11560644954442978, 0.10442090034484863
0.10567925870418549, 0.11968715488910675, 0.10005249083042145
0.09392856061458588, 0.12311051040887833, 0.0951794683933258
0.0955781564116478, 0.12504099309444427, 0.10350161045789719
0.09809591621160507, 0.13072673976421356, 0.10647618025541306
0.09414460510015488, 0.12929320335388184, 0.09494094550609589
0.09533550590276718, 0.1284438967704773, 0.1038595661520958
0.08996152877807617, 0.1274481862783432, 0.09625032544136047
0.09702100604772568, 0.13764934241771698, 0.09218206256628036
0.0957375094294548, 0.1410837024450302, 0.09173335880041122
0.09770694375038147, 0.14609675109386444, 0.11411019414663315
0.10690464079380035, 0.14259035885334015, 0.1325015127658844
0.09275706112384796, 0.14184288680553436, 0.09201445430517197
0.1064404547214508, 0.14434830844402313, 0.12320637702941895
0.09467542171478271, 0.14530770480632782, 0.10296996682882309
0.09228416532278061, 0.15647204220294952, 0.09429433941841125
0.0955391526222229, 0.16721978783607483, 0.09107999503612518
0.11116091907024384, 0.16606248915195465, 0.12037776410579681
0.10867270082235336, 0.1643574833869934, 0.14020951092243195
0.0967365950345993, 0.16879093647003174, 0.10681036114692688
0.10229649394750595, 0.1725093424320221, 0.11571045964956284
0.10446427762508392, 0.16736768186092377, 0.10889240354299545
0.10124891251325607, 0.17444293200969696, 0.11043920367956161
0.10190808773040771, 0.17192773520946503, 0.10280410945415497
0.11351560056209564, 0.17399635910987854, 0.1183093935251236
0.11314518749713898, 0.17020142078399658, 0.1293157935142517
0.10756515711545944, 0.1651250123977661, 0.10735879838466644
0.11552368104457855, 0.16023747622966766, 0.14247921109199524
0.11056660115718842, 0.16179685294628143, 0.12168064713478088
0.11398643255233765, 0.1607161909341812, 0.11580827087163925
0.11092472076416016, 0.1665070503950119, 0.11372318118810654
0.11955839395523071, 0.16298548877239227, 0.13067303597927094
0.11777245998382568, 0.15622694790363312, 0.13157139718532562
0.1123807430267334, 0.15692752599716187, 0.10952182859182358
0.12330176681280136, 0.16118547320365906, 0.12718209624290466
0.12269385904073715, 0.15658323466777802, 0.13117185235023499
0.11584975570440292, 0.16272017359733582, 0.1257009506225586
0.11741948127746582, 0.16672910749912262, 0.11701299995183945
0.13019166886806488, 0.16818775236606598, 0.1260921061038971
0.12201325595378876, 0.16014520823955536, 0.12934935092926025
0.12057077884674072, 0.1643006056547165, 0.12890660762786865
0.14125937223434448, 0.15963611006736755, 0.1390983611345291
0.13999375700950623, 0.15981148183345795, 0.14318428933620453
0.12350090593099594, 0.1611904352903366, 0.13771721720695496
0.12279646098613739, 0.16293135285377502, 0.1348915994167328
0.12488793581724167, 0.1641002595424652, 0.13928554952144623
0.12081436812877655, 0.16179682314395905, 0.14031755924224854
0.13125602900981903, 0.15632115304470062, 0.14703205227851868
0.12159033864736557, 0.15274634957313538, 0.13916811347007751
0.1242714375257492, 0.15034078061580658, 0.14290577173233032
0.126723051071167, 0.14935894310474396, 0.1376647800207138
0.12532806396484375, 0.14961789548397064, 0.13752780854701996
0.12417014688253403, 0.14968445897102356, 0.1418754756450653
0.12589775025844574, 0.14809811115264893, 0.1315743774175644
0.12328964471817017, 0.1464006006717682, 0.13248775899410248
0.12218289077281952, 0.14190445840358734, 0.13152433931827545
0.12768660485744476, 0.140980526804924, 0.14065751433372498
0.13049054145812988, 0.1450054943561554, 0.14840281009674072
0.12398284673690796, 0.1466599553823471, 0.15081891417503357
0.13775305449962616, 0.14843948185443878, 0.14508186280727386
0.13205769658088684, 0.15235428512096405, 0.14532099664211273
0.12778106331825256, 0.1491483449935913, 0.1457327902317047
0.12757164239883423, 0.1438630372285843, 0.1526278555393219
0.1304554045200348, 0.144257053732872, 0.14741842448711395
0.12812769412994385, 0.14578238129615784, 0.13937494158744812
0.12720954418182373, 0.14398561418056488, 0.14489345252513885
0.1272362768650055, 0.1450762003660202, 0.14203660190105438
0.12196211516857147, 0.14473609626293182, 0.13141049444675446
0.11668571084737778, 0.1426941603422165, 0.13039937615394592
0.11866886913776398, 0.13793082535266876, 0.13431812822818756
0.11676650494337082, 0.13861897587776184, 0.12433918565511703
0.11250557005405426, 0.14209263026714325, 0.13033561408519745
0.1232464611530304, 0.1417675018310547, 0.12851127982139587
0.11438652127981186, 0.1449613720178604, 0.12343233823776245
0.1127995103597641, 0.14637237787246704, 0.12044762074947357
0.10313575714826584, 0.1422213912010193, 0.1108400821685791
0.10269718617200851, 0.1426880657672882, 0.10924827307462692
0.10546189546585083, 0.14247098565101624, 0.10877768695354462
0.1162022203207016, 0.13976411521434784, 0.12578994035720825
0.11249139159917831, 0.14278391003608704, 0.1207953691482544
0.10707717388868332, 0.14053447544574738, 0.11783124506473541
0.09889146685600281, 0.14021062850952148, 0.11143229901790619
0.10006492584943771, 0.1394241750240326, 0.10758181661367416
0.09894760698080063, 0.1349094808101654, 0.11493867635726929
0.10041796416044235, 0.13733915984630585, 0.10980316251516342
0.11110349744558334, 0.13639889657497406, 0.11434503644704819
0.10290427505970001, 0.13303732872009277, 0.10776668787002563
0.10521140694618225, 0.1331741213798523, 0.11040520668029785
0.10608924925327301, 0.133064866065979, 0.11455228179693222
0.10581805557012558, 0.1282309591770172, 0.11714088171720505
0.10989924520254135, 0.12659160792827606, 0.12158384174108505
0.1218813806772232, 0.12500247359275818, 0.12633667886257172
0.128279447555542, 0.11923601478338242, 0.1318441927433014
0.11075885593891144, 0.11780840158462524, 0.11792733520269394
0.11537826061248779, 0.11584816128015518, 0.11120551824569702
0.10696181654930115, 0.11401867866516113, 0.10799771547317505
0.11574007570743561, 0.10919398069381714, 0.1083754450082779
0.1115904301404953, 0.10758831351995468, 0.10481636226177216
0.10175970196723938, 0.10770238935947418, 0.10917987674474716
0.1134461760520935, 0.10303131490945816, 0.10341309010982513
0.10677897185087204, 0.10390515625476837, 0.1004955992102623
0.09781165421009064, 0.09984277933835983, 0.10007127374410629
0.09885811060667038, 0.09844988584518433, 0.09944944083690643
0.10294487327337265, 0.09725678712129593, 0.10001169145107269
0.09288576245307922, 0.09585685282945633, 0.10162201523780823
0.09760843217372894, 0.09424745291471481, 0.09923314303159714
0.10257180035114288, 0.0946461483836174, 0.1022719144821167
0.09500514715909958, 0.09639467298984528, 0.0970870777964592
0.0922856479883194, 0.09484995156526566, 0.09900254011154175
0.09355252981185913, 0.09487352520227432, 0.09997275471687317
0.09598430246114731, 0.09259835630655289, 0.1219276636838913
0.10342830419540405, 0.09436389803886414, 0.12153060734272003
0.0978466272354126, 0.0970986858010292, 0.10052002966403961
0.09886340796947479, 0.09601985663175583, 0.09664909541606903
0.09810422360897064, 0.0965195894241333, 0.09086138010025024
0.0904453843832016, 0.09897947311401367, 0.08485350012779236
0.08882328122854233, 0.10044101625680923, 0.08718021959066391
0.09277509897947311, 0.09760409593582153, 0.10575462877750397
0.13288968801498413, 0.09732840210199356, 0.12939471006393433
0.1209316998720169, 0.09667711704969406, 0.10751742124557495
0.10673578828573227, 0.10184632986783981, 0.11721816658973694
0.09677433967590332, 0.10305141657590866, 0.10650112479925156
0.09693670272827148, 0.10434996336698532, 0.09836651384830475
0.10751672089099884, 0.10357344150543213, 0.10261429846286774
0.12952175736427307, 0.10739456862211227, 0.12275588512420654
0.1348322629928589, 0.10622163116931915, 0.17858514189720154
0.11796873062849045, 0.10771840810775757, 0.15359625220298767
0.11644397675991058, 0.10969280451536179, 0.13380414247512817
0.10877387970685959, 0.11106816679239273, 0.1160261482000351
0.10158663243055344, 0.10926132649183273, 0.11694349348545074
0.10581356287002563, 0.11233421415090561, 0.11965449899435043
0.12414346635341644, 0.11489950865507126, 0.1354215443134308
0.12505494058132172, 0.11215545237064362, 0.16121438145637512
0.13278810679912567, 0.11351078748703003, 0.14923244714736938
0.12917262315750122, 0.11537694185972214, 0.14041796326637268
0.1225024089217186, 0.12012330442667007, 0.1260366141796112
0.11593538522720337, 0.11417409032583237, 0.1089581847190857
0.12254248559474945, 0.11857616156339645, 0.11805688589811325
0.11665337532758713, 0.11893267929553986, 0.12744882702827454
0.13545599579811096, 0.12054689228534698, 0.16815029084682465
0.12814730405807495, 0.11985272169113159, 0.1430467665195465
0.1279933750629425, 0.11785238236188889, 0.14617674052715302
0.14459900557994843, 0.12276922911405563, 0.1287306547164917
0.11728231608867645, 0.11985361576080322, 0.12374882400035858
0.11894077062606812, 0.12047727406024933, 0.13390743732452393
0.13601914048194885, 0.12259991466999054, 0.15825346112251282
0.15215879678726196, 0.12471544742584229, 0.21982984244823456
0.14729806780815125, 0.12384797632694244, 0.19980643689632416
0.18834349513053894, 0.12288322299718857, 0.19303864240646362
0.14614039659500122, 0.12092176824808121, 0.1681055724620819
0.12734943628311157, 0.12045954912900925, 0.1451454758644104
0.14595477283000946, 0.12172537297010422, 0.13793209195137024
0.15185999870300293, 0.12159834057092667, 0.15556657314300537
0.192717045545578, 0.12167113274335861, 0.21445131301879883
0.1861131191253662, 0.12090494483709335, 0.20362794399261475
0.18015293776988983, 0.12239573150873184, 0.19375914335250854
0.1522325724363327, 0.12342957407236099, 0.1628188192844391
0.15729273855686188, 0.123654305934906, 0.15677443146705627
