0.028824210166931152
-0.001783996820449829
0.005940675735473633
-0.024954259395599365
0.003976911306381226
0.012968212366104126
0.03119117021560669
-0.0005724430084228516
-0.011213719844818115
-0.02264559268951416
0.008705943822860718
0.0036476552486419678
0.025593221187591553
0.08091151714324951
-0.02246144413948059
0.038792550563812256
-0.013511985540390015
-0.01958143711090088
0.0131949782371521
-0.011295050382614136
-0.004106253385543823
-0.01704266667366028
0.009072065353393555
-0.046828269958496094
0.02006077766418457
0.005298703908920288
-0.015522778034210205
0.008564680814743042
-0.016294360160827637
0.014502346515655518
-0.005997002124786377
0.022197812795639038
-0.001468747854232788
0.02053934335708618
-0.0019166171550750732
-0.010297149419784546
-0.007443562150001526
-0.011571675539016724
0.003688231110572815
-0.022501856088638306
-6.531178951263428e-05
0.010753989219665527
0.01110917329788208
-0.005261257290840149
0.0015765130519866943
0.010029971599578857
0.013439327478408813
-0.004731044173240662
-0.0006400942802429199
0.010173588991165161
0.0065000057220458984
0.003988578915596008
0.0015734732151031494
-0.02328506112098694
-0.0055121928453445435
0.009513527154922485
0.00061798095703125
-0.004416123032569885
0.004035085439682007
0.00777783989906311
0.01415322721004486
0.003637447953224182
0.014231368899345398
-0.02069862186908722
0.008118346333503723
-0.006461441516876221
-0.011627182364463806
0.009851008653640747
0.0032016634941101074
-0.013905853033065796
-0.008536174893379211
0.0031489133834838867
0.008845791220664978
-0.01426173746585846
-0.002205789089202881
-0.008089765906333923
-0.004831627011299133
0.007449939846992493
-0.010990545153617859
-0.01011030375957489
0.015766292810440063
0.02419111132621765
0.00011056661605834961
0.040796950459480286
-0.0006106197834014893
-0.05626288056373596
-0.018600672483444214
0.018618226051330566
-0.011821210384368896
0.012729078531265259
0.01985025405883789
-0.011900216341018677
0.021739155054092407
0.025095850229263306
0.011967480182647705
-0.009184062480926514
0.004425644874572754
-0.01319575309753418
0.0004290640354156494
0.005974709987640381
0.0024056732654571533
0.019698351621627808
-0.003170013427734375
0.02572569251060486
0.0032577216625213623
-0.021157145500183105
0.01834680140018463
-0.011947721242904663
0.008028179407119751
0.0038417577743530273
-0.006364226341247559
0.01362311840057373
0.005857139825820923
0.0033962130546569824
0.0139445960521698
0.03264753520488739
-0.023438096046447754
0.002129971981048584
-0.025819599628448486
-0.03181979060173035
0.004580169916152954
-0.01704469323158264
0.005226045846939087
0.00579601526260376
0.02415427565574646
-0.010413438081741333
0.009961247444152832
-0.001455068588256836
0.018341392278671265
0.007616817951202393
0.009883075952529907
-0.023659050464630127
-0.021142184734344482
0.040982991456985474
-0.0009623169898986816
-0.015062183141708374
-0.004533201456069946
-0.010349005460739136
-0.020571976900100708
-0.001108705997467041
-0.027622491121292114
0.009561270475387573
-0.01015421748161316
-0.0007666647434234619
-0.00467267632484436
-0.010644465684890747
-0.004205226898193359
0.013918191194534302
0.008450061082839966
-0.0007522106170654297
-0.02863171696662903
-0.00811833143234253
-0.0035154223442077637
-0.02910536527633667
0.019616425037384033
0.028498083353042603
0.06313800811767578
-0.010912120342254639
0.028097987174987793
-0.020934104919433594
0.049725472927093506
0.016711890697479248
-0.009745240211486816
-0.008658766746520996
-0.014217913150787354
-0.0746874213218689
-0.02177608013153076
0.03192716836929321
0.0067459940910339355
0.03538966178894043
0.012195765972137451
-0.04038923978805542
0.0047838687896728516
0.00017130374908447266
-0.005280554294586182
0.014868497848510742
-0.011892557144165039
-0.01591092348098755
0.06841576099395752
-0.0022132396697998047
0.018792688846588135
0.006257832050323486
0.0517193078994751
-0.025885164737701416
0.01421046257019043
-0.04515296220779419
0.021895945072174072
-0.011851310729980469
-0.0013270974159240723
-0.005438446998596191
-0.004856407642364502
-0.03265106678009033
-0.014451384544372559
-0.054709672927856445
0.02278292179107666
0.01626265048980713
-0.027996957302093506
0.039586007595062256
0.01278752088546753
0.012027502059936523
-0.03490471839904785
-0.02581077814102173
-0.0024577081203460693
-0.002591639757156372
-0.014468282461166382
0.028757154941558838
-0.011572986841201782
-0.015673458576202393
-0.004165351390838623
0.027378380298614502
-0.05647397041320801
0.019000709056854248
-0.03682827949523926
-0.017375975847244263
-0.010406821966171265
0.013210207223892212
-0.04173347353935242
-0.0027660727500915527
-0.006467312574386597
-0.007712960243225098
0.010335654020309448
-0.004718959331512451
-0.009192615747451782
-0.03282707929611206
-0.0044068992137908936
-0.010181933641433716
0.014406904578208923
0.0016444027423858643
0.013934165239334106
-0.012900978326797485
-0.006175428628921509
-0.005173832178115845
-0.013425752520561218
0.013685151934623718
0.030550524592399597
-0.016101837158203125
-0.01904277503490448
0.011329680681228638
0.004575014114379883
0.021273255348205566
-0.07706987857818604
0.0867774486541748
-0.023806095123291016
0.03822258114814758
-0.07928737998008728
-0.007521837949752808
0.017071574926376343
-0.002241849899291992
-0.0074783265590667725
0.011730164289474487
0.012958496809005737
-0.025204181671142578
-0.018246501684188843
0.04498255252838135
0.008421182632446289
-0.014463841915130615
-0.018635809421539307
0.0099087655544281
-0.0074912309646606445
0.008091390132904053
-0.04330819845199585
0.024341732263565063
0.004399657249450684
-0.01373070478439331
-0.005787074565887451
0.0014141201972961426
0.015023231506347656
0.022249698638916016
-0.004613727331161499
0.032978326082229614
0.012038856744766235
0.018603891134262085
0.01447230577468872
0.00032719969749450684
-0.016573548316955566
0.01771870255470276
0.0033128559589385986
0.0027052760124206543
-0.037491172552108765
0.03022107481956482
-0.006329149007797241
0.031179219484329224
0.06056508421897888
0.014872997999191284
0.012637615203857422
0.0072174072265625
-0.006160706281661987
-0.015060126781463623
0.005639612674713135
-0.005613565444946289
0.015494972467422485
-0.007257282733917236
-0.007305353879928589
-0.010854840278625488
0.005350053310394287
-0.00958755612373352
-0.00173187255859375
-0.005278199911117554
0.02232220768928528
0.008210957050323486
-0.011150240898132324
-0.00526118278503418
-0.004626482725143433
-0.0026165544986724854
-0.020044296979904175
-0.0023842453956604004
-0.009553760290145874
0.006492480635643005
-0.022356152534484863
-0.012676209211349487
0.03753885626792908
-0.006742238998413086
-0.0021347999572753906
0.003052353858947754
-0.023207038640975952
-0.009722784161567688
-0.0006337463855743408
-0.005292713642120361
0.00014519691467285156
-0.006592929363250732
-0.03393147885799408
-0.012546107172966003
-0.038369521498680115
0.04280701279640198
0.00917157530784607
0.016157835721969604
0.03987690806388855
0.026829808950424194
-0.0024704039096832275
-0.006839483976364136
0.02458205819129944
-0.016911208629608154
0.012476205825805664
-0.007989645004272461
0.028174221515655518
0.00589144229888916
0.01213538646697998
0.027405917644500732
0.019835352897644043
-0.005093395709991455
0.001198500394821167
0.014774978160858154
0.02135598659515381
0.0024680495262145996
-0.009006410837173462
-0.02107703685760498
-0.010200530290603638
0.04816356301307678
-0.018098115921020508
-0.0047348737716674805
0.02946186065673828
-0.0183466374874115
0.00839143991470337
0.005182474851608276
-0.0366860032081604
0.020123064517974854
-0.021207883954048157
0.00829555094242096
-0.01578366756439209
-0.01807314157485962
-0.015031993389129639
-0.007655799388885498
-0.02947363257408142
0.02129407227039337
0.005357146263122559
-0.005721628665924072
0.019658774137496948
0.038552165031433105
0.010410994291305542
-0.029007628560066223
0.005028054118156433
-0.0033426284790039062
-0.028765320777893066
-0.02977868914604187
0.07147559523582458
0.010194063186645508
-0.007339298725128174
0.012365847826004028
0.04222431778907776
0.0009684264659881592
-0.004859507083892822
-0.0006313621997833252
0.030330151319503784
-0.007457137107849121
-0.037525177001953125
0.006268113851547241
0.00655701756477356
0.022931814193725586
-0.007124155759811401
-0.005827575922012329
0.0006544888019561768
-0.011975884437561035
-0.0143221914768219
-0.008199930191040039
-0.014384269714355469
-0.012133240699768066
-0.007996633648872375
-0.009437397122383118
0.003636479377746582
0.014750868082046509
-0.016706466674804688
0.020243912935256958
0.010779887437820435
-0.01237758994102478
0.018658846616744995
0.017631173133850098
-0.02576163411140442
-0.02123507857322693
-0.027762770652770996
-0.003698378801345825
0.008808225393295288
0.02820199728012085
0.005338221788406372
-0.008407175540924072
0.01162615418434143
0.024942845106124878
-0.003589808940887451
0.001147925853729248
-0.005838051438331604
0.011364385485649109
-0.005261167883872986
-0.014020800590515137
0.012731745839118958
-0.011983051896095276
-0.0025393813848495483
-0.010261625051498413
0.021908551454544067
-0.0030679404735565186
0.005183756351470947
0.00860951840877533
0.006045833230018616
-0.025581032037734985
0.008419722318649292
0.00044684112071990967
-0.0034279227256774902
0.0005401074886322021
-0.0031352639198303223
-0.030987530946731567
-0.01941239833831787
-0.0021480023860931396
0.015241771936416626
-0.0016454905271530151
0.007968097925186157
0.002530500292778015
0.011870458722114563
0.009319812059402466
0.013686731457710266
0.009371310472488403
-0.008265107870101929
-0.005741909146308899
-0.01921124756336212
0.017033874988555908
-0.0004469156265258789
-0.00247994065284729
-0.00024071335792541504
-0.003946468234062195
0.006096169352531433
-0.01475604623556137
0.002046063542366028
-0.007349096238613129
0.0030813664197921753
-0.01210261881351471
-0.00560346245765686
-0.0022041648626327515
-0.003869101405143738
-0.0036435723304748535
0.0018611103296279907
-0.020638883113861084
-0.013304367661476135
0.009832590818405151
0.018429026007652283
0.02473863959312439
-0.0387609601020813
0.0004963576793670654
-0.005842119455337524
0.007912516593933105
0.003793179988861084
-0.009813636541366577
0.003081083297729492
0.014519959688186646
-0.03273056447505951
-0.00810137391090393
-0.030480876564979553
-0.016170591115951538
-0.01827499270439148
1.2516975402832031e-05
-0.007411330938339233
0.0030749142169952393
-0.020482629537582397
0.0074059367179870605
-0.004740118980407715
-0.02462625503540039
-0.0004787445068359375
0.003143712878227234
-0.008385658264160156
-0.0034661591053009033
-0.0087510347366333
0.0002078413963317871
0.012578576803207397
0.007987618446350098
0.005355283617973328
-0.0055747926235198975
0.0054474323987960815
-0.0031578242778778076
0.019320443272590637
0.011691495776176453
-0.01605914533138275
-0.005981534719467163
0.00844484567642212
-0.018193677067756653
-0.0007560998201370239
0.01083478331565857
0.00647696852684021
0.007412910461425781
-0.00394110381603241
0.01718418300151825
0.002522766590118408
-0.01734764873981476
-0.014234185218811035
-0.030863791704177856
0.02780824899673462
-0.00195428729057312
-0.01951807737350464
0.010994970798492432
0.008706390857696533
-0.004186064004898071
-0.0027642548084259033
0.011320501565933228
0.005897969007492065
-0.019895195960998535
0.001555323600769043
0.01787373423576355
0.00011548399925231934
-0.03635147213935852
-0.01487189531326294
-0.004379451274871826
0.009061187505722046
-0.0005889534950256348
0.023571491241455078
0.01448523998260498
-0.010375812649726868
-0.0034241080284118652
-0.00422920286655426
0.017725616693496704
0.007511064410209656
-0.012903094291687012
-0.006669402122497559
-0.003449156880378723
-0.03172934055328369
-0.006106585264205933
0.005254030227661133
0.02673959732055664
0.004241511225700378
0.0030777305364608765
-0.01230350136756897
0.01008141040802002
-0.005066618323326111
-0.011769264936447144
-0.004942730069160461
0.013920113444328308
-0.009844303131103516
0.02802366018295288
0.002528548240661621
-8.559226989746094e-05
0.006892979145050049
0.0035857856273651123
-0.007571950554847717
-0.00042532384395599365
-0.00346587598323822
0.009427249431610107
0.005831241607666016
-0.003815777599811554
0.0012922883033752441
-0.00565376877784729
0.00154847651720047
0.0026140213012695312
-0.0029520243406295776
-0.00028596818447113037
0.0004675537347793579
0.013118647038936615
-0.005038261413574219
-0.007093802094459534
0.011931546032428741
-0.0055399090051651
-0.006052300333976746
0.0004960000514984131
0.013068243861198425
0.01687285304069519
0.026803113520145416
-0.0018439143896102905
0.0021937787532806396
-0.009865492582321167
0.015942156314849854
0.006157740950584412
0.0075411200523376465
-0.0018184781074523926
-0.0184878408908844
-0.03169259428977966
-0.018122494220733643
-0.01580090820789337
0.0016303807497024536
-0.01034727692604065
0.01864597201347351
-0.018378615379333496
-0.005502074956893921
0.009797796607017517
-0.006880521774291992
0.003452986478805542
0.011228367686271667
0.015255913138389587
0.02106417715549469
0.0187503844499588
0.005303606390953064
-0.0031670033931732178
0.006640896201133728
-0.014684796333312988
0.0024014264345169067
-0.003280460834503174
0.0030132532119750977
0.0025942623615264893
0.0034549832344055176
-0.01194407045841217
-0.004567161202430725
0.011683642864227295
0.00596281886100769
-0.008408710360527039
0.011089757084846497
-0.015839114785194397
-0.011983916163444519
0.015808507800102234
-0.022222980856895447
-0.0067736804485321045
-0.005082666873931885
0.004667609930038452
0.009262487292289734
-0.0021725744009017944
0.002437606453895569
-0.016464486718177795
-0.005374819040298462
-0.02356371283531189
0.004315674304962158
-0.0017828643321990967
-0.010837331414222717
-0.004966437816619873
-0.027899056673049927
-0.006166175007820129
0.003802552819252014
-0.008805513381958008
0.008354485034942627
0.015298217535018921
-0.01184035837650299
0.0006149709224700928
-0.0008319616317749023
-0.010918766260147095
-0.009370505809783936
-0.008841663599014282
0.030064016580581665
-0.004145205020904541
0.026384860277175903
0.0028294622898101807
0.005725443363189697
0.010578319430351257
-0.006229013204574585
0.010009169578552246
-8.979439735412598e-05
0.0012049674987792969
-0.003637462854385376
-0.0010130107402801514
0.010152548551559448
0.018575459718704224
-0.014960289001464844
-0.02402624487876892
0.02580961585044861
0.006524324417114258
-0.0082368403673172
0.0013651102781295776
0.013838589191436768
-0.00993606448173523
0.01607590913772583
0.0009246766567230225
0.0001927018165588379
0.006838351488113403
-0.0006641298532485962
-0.009749531745910645
-0.00039076805114746094
0.006899058818817139
-0.01970881223678589
0.023353755474090576
0.009249240159988403
-0.027698785066604614
0.03394916653633118
0.00021731853485107422
0.00010827183723449707
-0.001925647258758545
0.029172271490097046
-0.024503082036972046
-0.017468124628067017
0.0032993555068969727
0.018565356731414795
0.017357230186462402
-0.007578074932098389
0.04432415962219238
0.020601272583007812
0.0015907883644104004
-0.038680970668792725
0.0038736164569854736
-0.02619066834449768
0.018707871437072754
-0.0047591328620910645
0.004187583923339844
0.00784754753112793
0.008745193481445312
0.013679981231689453
-0.01964828372001648
-0.02827376127243042
-0.02083110809326172
0.004305779933929443
0.002715468406677246
-0.007097303867340088
0.0033040642738342285
0.0056292712688446045
0.0019740164279937744
-0.006154507398605347
0.014602571725845337
0.021500438451766968
0.0009710192680358887
0.02419567108154297
-0.013728320598602295
-0.036129653453826904
-0.024260103702545166
0.007436811923980713
0.014690399169921875
0.007688343524932861
0.004735738039016724
-0.0016925930976867676
-0.016420483589172363
0.009069234132766724
-0.018564164638519287
0.012526452541351318
0.027336984872817993
-0.0035154223442077637
0.023159801959991455
-0.020722150802612305
0.014524698257446289
-0.009159505367279053
-0.01253652572631836
-0.013965517282485962
0.04158172011375427
-0.03456035256385803
0.013622879981994629
0.005509376525878906
-0.01229587197303772
-0.01181831955909729
0.008899122476577759
0.002510577440261841
0.009495764970779419
-0.0039698779582977295
-0.004920005798339844
-0.02162310481071472
0.0005979537963867188
0.012277930974960327
0.014028996229171753
-0.02367749810218811
-0.008146971464157104
-0.005631208419799805
-0.011773794889450073
0.04424211382865906
0.008969992399215698
-0.030840754508972168
-0.021213576197624207
0.018082454800605774
-0.005928128957748413
0.023529529571533203
-0.02593560516834259
-0.002720266580581665
0.01636102795600891
-0.011249542236328125
-0.015199705958366394
-0.018353894352912903
-0.006590008735656738
-0.004914999008178711
0.008459120988845825
-0.05243381857872009
-0.003174126148223877
-0.006544321775436401
-0.010705113410949707
0.022451579570770264
0.008699744939804077
0.03617042303085327
0.004317164421081543
-0.026446431875228882
0.00884389877319336
0.00608295202255249
0.0008004903793334961
0.018172740936279297
-0.011361688375473022
-0.0028020143508911133
0.002087801694869995
-0.0009529292583465576
-0.017440974712371826
-0.008848041296005249
0.0002525746822357178
0.0013508200645446777
0.014861196279525757
-0.0027916431427001953
0.02706502377986908
0.02075730264186859
0.0007829219102859497
0.01855108141899109
0.014785811305046082
-0.021191418170928955
-0.01147015392780304
-0.006221354007720947
0.009923577308654785
0.00795811414718628
-0.0227830708026886
-0.015264034271240234
0.013179361820220947
-0.01290901005268097
0.02992941439151764
0.04300045967102051
0.020032793283462524
-0.0015627741813659668
-0.031777411699295044
-0.018242552876472473
-0.006363213062286377
-0.0035396814346313477
-0.010687023401260376
-0.047271519899368286
-0.03812982141971588
0.004388570785522461
0.006673753261566162
0.006459057331085205
-0.01049765944480896
-0.005268484354019165
0.009507417678833008
-0.0014346539974212646
-0.008129328489303589
0.01990652084350586
0.015397220849990845
-0.024313002824783325
-0.00786563754081726
-0.008073389530181885
0.012864768505096436
-0.005495727062225342
0.003991127014160156
0.024677425622940063
-0.036836326122283936
0.022912532091140747
0.0035140514373779297
-0.012061327695846558
-0.0010446906089782715
-0.027154594659805298
0.03597657382488251
0.004532188177108765
-0.011874675750732422
0.0024629533290863037
0.012909308075904846
0.009481623768806458
-0.01949344575405121
-0.01376892626285553
0.013805180788040161
-0.008674845099449158
0.0039804428815841675
0.016144290566444397
-0.016234830021858215
0.0029246360063552856
0.010443925857543945
0.015498876571655273
0.011921212077140808
0.0060837119817733765
-0.0011349320411682129
-0.004479259252548218
0.0014675259590148926
-0.030742838978767395
-0.01677660644054413
0.021026775240898132
-0.04207640886306763
-0.012804687023162842
0.0045169442892074585
0.013895183801651001
0.012102663516998291
0.006101459264755249
-0.016083121299743652
-0.01237410306930542
-0.011503636837005615
-0.005883544683456421
0.00945824384689331
0.003703296184539795
0.0009782910346984863
0.005360305309295654
0.010859668254852295
0.010170340538024902
-0.006605282425880432
0.001000910997390747
0.02751484513282776
-0.0018890798091888428
0.0061468034982681274
-0.0045864880084991455
-0.011923268437385559
-0.006972447037696838
-0.0008646249771118164
-0.009433314204216003
0.0011596232652664185
0.002482801675796509
-0.023272603750228882
0.005245417356491089
0.0016343891620635986
-0.03983035683631897
-0.01168590784072876
0.028366059064865112
0.0214788019657135
-0.03653174638748169
-0.001535564661026001
0.002528160810470581
0.01653262972831726
-0.01918676495552063
0.032832592725753784
-0.030728399753570557
0.020221412181854248
0.009057819843292236
-0.024694383144378662
-0.028884470462799072
0.03821206092834473
-0.009346365928649902
-0.005311369895935059
-0.006057679653167725
-0.023550570011138916
-0.022511541843414307
-0.012430429458618164
-0.003729403018951416
-0.004674315452575684
0.012210547924041748
-0.005509793758392334
-7.981061935424805e-05
0.010993242263793945
-0.014146655797958374
-0.02807679772377014
0.008773595094680786
-0.005701810121536255
0.0011885762214660645
-0.00023114681243896484
0.001162499189376831
-0.0015603899955749512
-0.02543315291404724
0.007204964756965637
0.0011930018663406372
0.008580908179283142
-0.0011793673038482666
0.004962146282196045
-0.022512465715408325
-0.0015040338039398193
0.0048649609088897705
-0.008794158697128296
0.015759587287902832
0.0040416419506073
0.011026263236999512
-0.014729350805282593
-0.0009711384773254395
0.016133248805999756
-0.007997244596481323
-0.002584099769592285
-0.011945456266403198
0.0063593387603759766
-0.002923518419265747
0.012682467699050903
0.006114691495895386
-0.003877490758895874
0.0041179656982421875
-0.018841326236724854
-0.014373302459716797
0.01426379382610321
0.006958320736885071
-0.014690279960632324
0.011703357100486755
-0.011534169316291809
-0.00943426787853241
0.0017714351415634155
0.002524837851524353
-0.008155226707458496
0.0008964091539382935
-0.017636843025684357
-0.009444095194339752
-0.007531523704528809
0.0017340481281280518
-0.00816395878791809
0.007423669099807739
-0.0039252787828445435
0.005588158965110779
0.0013584941625595093
-0.013300374150276184
-0.007553458213806152
0.0014245659112930298
-0.006893768906593323
0.0010602623224258423
0.008990183472633362
0.0017327666282653809
-0.022509366273880005
-0.0196535587310791
-0.0089799165725708
-0.017545074224472046
0.006650835275650024
-0.024816453456878662
0.007042497396469116
-0.00624123215675354
0.007477074861526489
-0.02146625518798828
-0.002811521291732788
0.0019866228103637695
-0.006638973951339722
-0.024890542030334473
0.001174628734588623
-0.008060693740844727
-0.03875768184661865
0.019786834716796875
-0.019589215517044067
0.0018231868743896484
0.0028596818447113037
0.020066171884536743
0.01866200566291809
-0.018815115094184875
0.01413552463054657
0.008654803037643433
-0.01314440369606018
-0.002354741096496582
-0.006588935852050781
-0.0012965500354766846
0.003124907612800598
-0.002138957381248474
-0.010691255331039429
-0.01919269561767578
0.0017076581716537476
-0.0024506300687789917
0.011430516839027405
3.699958324432373e-05
-0.0021987855434417725
-0.0018298327922821045
0.00031375885009765625
-0.008496478199958801
-0.0040498822927474976
-0.0059600770473480225
-0.01257343590259552
0.017429500818252563
0.016929805278778076
0.029295429587364197
0.015980273485183716
0.013884007930755615
-0.005643337965011597
-0.015160590410232544
0.013697713613510132
0.003247499465942383
-0.007335662841796875
-0.013714522123336792
0.0019032955169677734
0.028705745935440063
0.009244173765182495
0.013928532600402832
-0.010101020336151123
-0.006222337484359741
-0.014256536960601807
-0.01630312204360962
-0.010016024112701416
-0.014879986643791199
0.0198163241147995
-0.022330403327941895
-0.0034973174333572388
-0.022144153714179993
0.009817898273468018
0.025651276111602783
0.040760815143585205
-0.024920374155044556
-0.010053843259811401
0.0007004439830780029
-0.030482858419418335
0.0028816163539886475
-0.008191853761672974
-0.016897648572921753
0.011134982109069824
0.012916386127471924
0.0031881332397460938
-0.007098466157913208
-0.016987383365631104
0.048675358295440674
-0.009450078010559082
0.04408586025238037
0.0233536958694458
-0.004609644412994385
0.04792630672454834
0.003770887851715088
0.0029619336128234863
-0.02180534601211548
-0.021264076232910156
0.022895514965057373
-0.018487095832824707
0.03458750247955322
-0.003780066967010498
0.008191406726837158
0.052200138568878174
0.019883334636688232
0.026171565055847168
0.007354438304901123
0.026400208473205566
-0.01867532730102539
-3.999471664428711e-05
0.011344730854034424
0.005990892648696899
0.0031359195709228516
0.0035544633865356445
-0.03500470519065857
-0.012383460998535156
-0.0066609978675842285
0.02080678939819336
0.004552274942398071
-0.004396498203277588
-0.007526129484176636
0.0035976767539978027
0.007727101445198059
-0.003325343132019043
0.011083409190177917
-0.011246591806411743
-0.027114957571029663
0.004533633589744568
-0.02962978184223175
-0.010105997323989868
-0.013618871569633484
0.015142038464546204
-0.012371882796287537
0.00024703145027160645
-0.004981666803359985
0.015764862298965454
-0.002866894006729126
-0.021315157413482666
0.01476016640663147
0.0032826364040374756
0.015177786350250244
0.03783583641052246
-0.0020965933799743652
-0.030187129974365234
0.011805117130279541
-0.009698987007141113
-0.0032007694244384766
0.01387643814086914
0.024349987506866455
-0.0018041133880615234
0.00586777925491333
0.019977688789367676
0.004305660724639893
0.01477670669555664
-0.00995934009552002
0.01110827922821045
0.007064342498779297
0.01016998291015625
-0.006352543830871582
0.00279158353805542
-0.015539437532424927
0.016430526971817017
-0.009423643350601196
-0.002142876386642456
-0.0033628344535827637
-0.02858060598373413
-0.007097721099853516
0.008782148361206055
0.08214139938354492
0.021045446395874023
-0.03309503197669983
0.02081167697906494
-0.02707698941230774
0.016273438930511475
0.0005896985530853271
0.0005639195442199707
0.03624561429023743
0.0033126473426818848
0.005767196416854858
0.01934760808944702
0.031138181686401367
-0.009629964828491211
0.007479548454284668
-0.011718273162841797
-0.019369393587112427
-0.0015791058540344238
-0.0008227527141571045
0.006004601716995239
0.004989326000213623
-0.0008524060249328613
0.007549673318862915
-0.009723812341690063
-0.0019350051879882812
-0.03942680358886719
-0.04611337184906006
-0.04467421770095825
-0.05671119689941406
-0.02923351526260376
-0.07361194491386414
-0.026929527521133423
0.02752619981765747
-0.016169190406799316
-0.02904525399208069
0.010278671979904175
0.003665834665298462
0.015896528959274292
0.003487229347229004
0.015352249145507812
-0.024721354246139526
-0.008612245321273804
0.03492337465286255
-0.008866876363754272
-0.0234757661819458
-0.0007565617561340332
0.014893829822540283
0.00916251540184021
0.015219837427139282
0.03477409482002258
-0.04910898208618164
0.029449433088302612
-0.009332835674285889
0.011505365371704102
0.008217573165893555
-0.012983143329620361
-0.006867498159408569
0.031199127435684204
-0.000156402587890625
0.011035382747650146
-0.0055249035358428955
-0.004891306161880493
-0.008977770805358887
0.03042811155319214
-0.006498664617538452
-0.015133768320083618
0.020333677530288696
0.016990244388580322
0.010617822408676147
0.001926332712173462
0.006717413663864136
-0.017187684774398804
0.004964560270309448
-0.039709120988845825
-0.03264020383358002
-0.029974177479743958
0.007697314023971558
0.011125877499580383
-0.0027747154235839844
-0.026500210165977478
-0.019479483366012573
-0.008585751056671143
0.0028269439935684204
0.0009504556655883789
0.020733490586280823
0.024682819843292236
-0.01852327585220337
-0.012356162071228027
-0.027097448706626892
0.00014445185661315918
-0.003828272223472595
-0.005777999758720398
0.010302454233169556
-4.4718384742736816e-05
0.0035421252250671387
0.019486203789711
0.002775058150291443
-0.004957452416419983
0.016238823533058167
-0.010544657707214355
-0.03293846547603607
-0.0038593709468841553
0.0020906180143356323
0.00037488341331481934
-0.01853787899017334
-0.009228378534317017
-0.0041033923625946045
-0.006026029586791992
0.0025506317615509033
0.0014736354351043701
-0.00015003979206085205
-0.01955796778202057
-0.005103200674057007
0.0051119327545166016
0.0031788498163223267
0.018010661005973816
0.04843144118785858
-0.023203715682029724
-0.0029762685298919678
-0.017684221267700195
-0.0053178369998931885
-0.015091806650161743
-0.031832218170166016
-0.019364356994628906
-0.056679487228393555
-0.0016111135482788086
-0.046732187271118164
-0.052799105644226074
0.052527666091918945
0.0075037479400634766
-0.020157575607299805
0.0039130449295043945
-0.043628573417663574
-0.019255518913269043
-0.021301627159118652
0.048087358474731445
0.008583903312683105
0.048905372619628906
0.045262277126312256
-0.0008116960525512695
-0.018664777278900146
-0.025707662105560303
0.014222562313079834
0.004439234733581543
0.00949251651763916
0.001301407814025879
-0.02349114418029785
0.004720032215118408
-0.03061586618423462
-0.004868149757385254
0.011006712913513184
0.00861048698425293
-0.011837363243103027
-0.025277256965637207
0.034434616565704346
-0.04016321897506714
0.07804244756698608
-0.00784832239151001
-0.03651273250579834
0.013726294040679932
0.008283346891403198
0.01190328598022461
-0.02524513006210327
0.00903397798538208
0.0029378533363342285
0.012187659740447998
-0.012600183486938477
-0.025935888290405273
0.007592946290969849
0.022984951734542847
-0.00131148099899292
0.02858823537826538
-0.029157370328903198
0.008436799049377441
-0.017427831888198853
-0.02881777286529541
0.00493893027305603
-0.004411786794662476
0.04357442259788513
0.002320021390914917
0.01547190546989441
-0.02818438410758972
-0.00225105881690979
-0.019350111484527588
0.012202292680740356
0.021379917860031128
0.02554696798324585
-0.002811253070831299
-0.029858946800231934
0.04207688570022583
6.449222564697266e-05
-0.002200871706008911
0.003932863473892212
-0.029080241918563843
-0.0021848082542419434
0.027931034564971924
0.03762692213058472
0.018416225910186768
0.009368181228637695
0.012075424194335938
-0.010208666324615479
-0.03596019744873047
0.018186569213867188
-0.03291010856628418
-0.02199941873550415
-0.018883466720581055
0.0036762356758117676
-0.015207171440124512
0.0070757269859313965
-0.01555284857749939
-0.004043906927108765
0.010773956775665283
-0.007621824741363525
-0.013455092906951904
0.001267850399017334
-0.023513615131378174
-0.002794802188873291
0.008573025465011597
-0.018988579511642456
0.021373599767684937
-0.0011540055274963379
0.00014385581016540527
-0.02070939540863037
-0.005480155348777771
-0.022181719541549683
0.005431190133094788
-0.00046800076961517334
-0.009330227971076965
0.001420930027961731
0.0021988898515701294
-0.01285254955291748
0.006045982241630554
0.006602227687835693
-0.00689031183719635
0.0029318034648895264
0.018449798226356506
-0.006719157099723816
-0.01398363709449768
0.01082862913608551
0.0027100294828414917
0.024502336978912354
0.00633789598941803
0.034928321838378906
-0.053617268800735474
-0.008366316556930542
-0.010779976844787598
-0.004062235355377197
-0.009907156229019165
-0.01601657271385193
0.013003021478652954
-0.002488076686859131
0.010080963373184204
0.0011387169361114502
0.01983928680419922
0.00813719630241394
0.021990299224853516
0.02506732940673828
-0.030497580766677856
-0.01679268479347229
0.0038293302059173584
0.009836167097091675
-0.006576657295227051
-0.010022997856140137
0.003723829984664917
0.010396867990493774
0.006940364837646484
-0.008373498916625977
-0.026349246501922607
-0.04300713539123535
-0.015105605125427246
-0.0031800270080566406
0.01751050353050232
0.012117788195610046
0.024006545543670654
-0.0007669180631637573
0.010405808687210083
-0.014908969402313232
-0.026483207941055298
0.01010999083518982
-0.0003167688846588135
-0.036136358976364136
0.0024206936359405518
0.023590445518493652
0.013816028833389282
-0.02052101492881775
-0.011789888143539429
-0.018446356058120728
0.0031422078609466553
0.0052336156368255615
0.0035704374313354492
0.0034945905208587646
0.021727874875068665
0.008405610918998718
0.008555173873901367
-0.0017114877700805664
0.0011290907859802246
0.0011116862297058105
0.03977009654045105
-0.007112681865692139
0.0042648762464523315
0.02048233151435852
-0.010084331035614014
-0.007311493158340454
0.008607476949691772
-0.007028311491012573
0.0007307827472686768
-0.0031556785106658936
0.006616175174713135
-0.009691089391708374
-0.005318939685821533
0.0024944543838500977
0.005417168140411377
0.04435831308364868
-0.045916736125946045
0.03860968351364136
-0.023919343948364258
0.020125627517700195
0.023638427257537842
0.024072110652923584
-0.0070871710777282715
0.01052558422088623
0.011852920055389404
0.03562253713607788
0.0019083619117736816
0.018807649612426758
-0.015491902828216553
0.00906437635421753
-0.0045365989208221436
0.01169702410697937
-0.005433201789855957
-0.01737523078918457
0.021200448274612427
-0.02944663166999817
0.01001197099685669
0.0009506046772003174
0.024028629064559937
-0.0021413564682006836
0.030447781085968018
0.00373038649559021
0.0170058012008667
0.02074006199836731
-0.0205000638961792
0.016237273812294006
-0.02524934709072113
-0.0006807893514633179
-0.031379327178001404
-0.005384624004364014
0.0007347762584686279
-0.04555249214172363
0.013172566890716553
-0.00430944561958313
-0.021203666925430298
0.006433546543121338
0.003866642713546753
0.008649468421936035
-0.020604461431503296
-0.010071128606796265
-0.008121341466903687
-0.02767893671989441
0.0019888579845428467
0.04679304361343384
-0.0031222403049468994
-0.023886919021606445
-0.0035331249237060547
-0.02929621934890747
-0.01446610689163208
-0.015047520399093628
-0.009737104177474976
0.025484085083007812
-0.023228347301483154
-0.021026402711868286
0.012606590986251831
0.026147395372390747
-0.013215214014053345
0.003686875104904175
0.015512615442276001
-0.009757250547409058
0.024880915880203247
-0.03159645199775696
0.005685240030288696
-0.006253406405448914
-0.010486036539077759
0.0027531832456588745
-0.013232246041297913
-0.009458139538764954
-0.0018392056226730347
0.01361548900604248
-0.010765105485916138
-0.02830609679222107
-0.004352957010269165
0.005044758319854736
-0.009276747703552246
-0.02760276198387146
-0.003156810998916626
0.004170149564743042
0.005371779203414917
-0.008221834897994995
0.0031510591506958008
-0.007221013307571411
0.0003732144832611084
0.02029895782470703
0.0028751492500305176
0.0025690793991088867
0.0013761520385742188
-0.007835537195205688
-0.008375197649002075
-0.006916463375091553
-0.0058408379554748535
0.0038248002529144287
0.012152165174484253
-0.012522459030151367
0.0031049251556396484
0.04396611452102661
-0.006271809339523315
0.0010806024074554443
0.0014086663722991943
-0.011268645524978638
-0.00791141390800476
0.0024474263191223145
0.011046290397644043
0.017698973417282104
0.007864892482757568
-0.02930799126625061
0.009369134902954102
-0.017351895570755005
0.016784608364105225
0.014383599162101746
0.032352447509765625
-0.020413696765899658
0.00541040301322937
-0.0150698721408844
-0.015016719698905945
-0.0014180690050125122
-0.011994659900665283
0.018617600202560425
0.017983078956604004
-0.004950851202011108
0.02038756012916565
-0.0008755624294281006
-0.009451523423194885
0.011783301830291748
0.011774241924285889
-0.005432575941085815
0.014866739511489868
-0.003730475902557373
-0.0011717379093170166
0.007652103900909424
-0.0025419294834136963
0.002449542284011841
-0.024061128497123718
-0.004950344562530518
0.015863418579101562
0.005081042647361755
-0.009548366069793701
-0.018610313534736633
-0.006656378507614136
0.0013315677642822266
0.009148746728897095
0.011336058378219604
0.04410538077354431
-0.03429576754570007
0.0041390061378479
0.012917160987854004
-0.02135246992111206
-0.02917623519897461
0.003320366144180298
0.01322263479232788
-0.02385827898979187
-0.01827940344810486
-0.009181946516036987
-0.014546871185302734
0.024291962385177612
-0.0024000704288482666
0.025233685970306396
0.01444736123085022
0.016903549432754517
0.006759196519851685
-0.016198009252548218
0.002839982509613037
-0.00237312912940979
0.02140873670578003
-0.0012653470039367676
-0.015358805656433105
-0.004992365837097168
-0.029007554054260254
0.006129264831542969
0.07121241092681885
0.010521769523620605
-0.016929209232330322
-0.020604074001312256
0.0038090944290161133
-0.012548983097076416
-5.692243576049805e-05
-0.0028697848320007324
-0.03726851940155029
-0.012709975242614746
-0.01412898302078247
-0.01641261577606201
-0.02653336524963379
0.027077674865722656
0.007197678089141846
-0.018651068210601807
-0.01926267147064209
-0.018933117389678955
-0.01702982187271118
-0.019589483737945557
-0.028018593788146973
-0.015614926815032959
0.020666003227233887
0.025652647018432617
-0.03046742081642151
0.018521904945373535
-0.02155327796936035
-0.008048474788665771
-0.005124509334564209
-0.02651473879814148
-0.0052378177642822266
0.007327854633331299
0.04978460073471069
-0.022222399711608887
-0.0011333823204040527
-0.0010603070259094238
0.013611435890197754
-0.02205437421798706
0.01505059003829956
-0.003740549087524414
0.016043812036514282
-0.011973515152931213
-0.018810972571372986
-0.0038880854845046997
0.013641953468322754
-0.015470176935195923
-0.003190085291862488
-0.003765791654586792
0.010925590991973877
-0.0022573322057724
0.003413483500480652
-0.008882865309715271
0.014984652400016785
0.011935591697692871
-0.008747637271881104
0.0019478797912597656
-0.030740708112716675
-0.009524300694465637
-0.001465916633605957
-0.012143373489379883
-0.009548097848892212
0.011440187692642212
0.0024137794971466064
0.014936953783035278
0.023796498775482178
0.00023183226585388184
-0.05060392618179321
-0.018406331539154053
-0.02761375904083252
-0.026094555854797363
-0.0243261456489563
0.008140772581100464
0.015358835458755493
-0.0008255243301391602
0.023332595825195312
0.0023401975631713867
0.0228387713432312
0.02366963028907776
0.005476564168930054
0.007395923137664795
-0.020323574542999268
0.013697326183319092
0.01197272539138794
0.014814436435699463
0.01483088731765747
-0.03465422987937927
-0.0252629816532135
0.026628434658050537
-0.011601731181144714
0.017840564250946045
-0.004073232412338257
-0.007351815700531006
0.0078000277280807495
0.012830451130867004
0.0019385963678359985
-0.012542426586151123
-0.00010707974433898926
-0.009560108184814453
0.003824576735496521
-0.0025495290756225586
-0.0010337978601455688
0.010927319526672363
-0.00010128319263458252
-0.0031090080738067627
-0.002117469906806946
-0.005787685513496399
-0.03640742599964142
0.01582522690296173
-0.034388467669487
0.011027798056602478
0.032991498708724976
0.02293616533279419
-0.002440541982650757
0.0055970847606658936
0.0018416643142700195
0.0032300353050231934
-0.01982221007347107
0.008293300867080688
-0.017352283000946045
0.012356400489807129
0.015469133853912354
-0.02258637547492981
-0.014802008867263794
-0.0029986202716827393
-0.004085749387741089
-0.013524562120437622
0.0020547807216644287
0.011342763900756836
0.023153260350227356
0.014751046895980835
0.04239468276500702
0.022088780999183655
-0.010164529085159302
0.006264448165893555
-0.021845310926437378
-0.024160712957382202
0.03597152233123779
-0.009622693061828613
0.0099714994430542
-0.01457434892654419
0.010004401206970215
0.02315959334373474
-0.00427699089050293
-0.011159062385559082
0.01299673318862915
0.014507532119750977
-0.0008131265640258789
-0.030873194336891174
0.03075850009918213
0.02078820765018463
-0.01943935453891754
-0.003248170018196106
-0.005345135927200317
0.03569415211677551
-0.01133701205253601
-0.008599460124969482
-0.006526127457618713
-0.0327877551317215
-0.007665157318115234
0.038456469774246216
-0.030539914965629578
0.002290278673171997
-0.0026453137397766113
-0.033031970262527466
0.008084729313850403
-0.013908684253692627
0.0110645592212677
-0.04262995719909668
-0.019117772579193115
-0.007694065570831299
0.001409769058227539
0.03829526901245117
-0.03594571352005005
0.016187608242034912
-0.03163343667984009
-0.015101253986358643
-0.036584675312042236
0.038469910621643066
-0.018081188201904297
-0.05548030138015747
0.006248176097869873
0.024363577365875244
-0.029748916625976562
0.027460217475891113
0.021295785903930664
-0.036527395248413086
0.01216590404510498
-0.003162980079650879
-0.026517629623413086
0.06398117542266846
-0.024815797805786133
-0.0029790401458740234
-0.030762910842895508
-0.011198878288269043
0.0683521032333374
-0.0032608509063720703
0.018243789672851562
0.010178327560424805
0.023261189460754395
-0.0207366943359375
-0.021884799003601074
-0.007591605186462402
0.056911587715148926
0.06381559371948242
0.0788576602935791
-0.023491859436035156
0.022301554679870605
-0.04029989242553711
0.015040993690490723
-0.003506898880004883
-0.04511326551437378
0.0076784491539001465
-0.02961939573287964
0.014871597290039062
-0.03954249620437622
0.016914725303649902
-0.0004951357841491699
0.02903538942337036
-0.04029184579849243
-0.024985194206237793
-0.01865553855895996
0.0035945773124694824
0.002736032009124756
0.013487517833709717
0.005240827798843384
0.006862223148345947
0.011724501848220825
-0.012011140584945679
0.047493696212768555
-0.027217328548431396
0.0331043004989624
0.01191699504852295
-0.015766263008117676
0.009264171123504639
-0.016948163509368896
0.029514789581298828
-0.0007608532905578613
0.02095586061477661
0.06629377603530884
0.017938196659088135
0.007116496562957764
-0.05010133981704712
0.028890252113342285
-0.005759596824645996
-0.024414241313934326
-0.003883063793182373
-0.03995853662490845
0.002373933792114258
0.027228176593780518
-0.007595360279083252
-0.004181385040283203
-0.013348102569580078
-0.019385337829589844
0.018967390060424805
0.012740075588226318
0.02526313066482544
-0.04987955093383789
-0.015156388282775879
-0.011163532733917236
-0.08040487766265869
-0.03937995433807373
0.007023513317108154
-0.04473450779914856
0.011581510305404663
0.006467461585998535
0.02403828501701355
0.016538023948669434
-0.06734561920166016
0.016916990280151367
-0.019996225833892822
-0.006139099597930908
-0.006698250770568848
-0.038587212562561035
-0.016811013221740723
-0.00533449649810791
-0.0017491579055786133
-0.01582390069961548
-0.02393287420272827
-0.026688814163208008
0.006804704666137695
-0.02622169256210327
0.008818507194519043
-0.01790928840637207
0.02511906623840332
-0.002442657947540283
-0.02066558599472046
0.05127370357513428
0.02018195390701294
-0.027831673622131348
0.009123563766479492
0.0745154619216919
-0.0108109712600708
0.02384728193283081
-0.008012712001800537
0.03821003437042236
-0.02033686637878418
-0.018951117992401123
-0.03903776407241821
0.014509201049804688
-0.008341431617736816
-0.04029357433319092
-0.010153889656066895
-0.028876304626464844
0.025889813899993896
0.01523590087890625
-0.01022636890411377
-0.049061477184295654
-0.002795279026031494
0.007141828536987305
-0.018732666969299316
-0.005886554718017578
-0.021474242210388184
-0.022606730461120605
0.026838302612304688
0.002660393714904785
0.01749342679977417
0.0060713887214660645
0.006001532077789307
0.024326294660568237
-0.011483609676361084
0.009379684925079346
-0.02282780408859253
-0.0016120672225952148
-0.004829704761505127
0.00784747302532196
-0.004461988806724548
0.012559503316879272
0.007752403616905212
-0.0047483742237091064
0.023483484983444214
0.034230172634124756
-0.023172318935394287
0.014205336570739746
0.005919128656387329
-0.013812035322189331
0.0025384128093719482
0.002781122922897339
0.033917397260665894
-0.008326202630996704
-0.0031588077545166016
0.019998222589492798
-0.0008200109004974365
-0.020484954118728638
0.008724033832550049
0.012793213129043579
-0.024595975875854492
-0.02444225549697876
0.004920989274978638
-0.01881006360054016
-0.02208605408668518
0.013737469911575317
-0.026767849922180176
-0.00707581639289856
0.006224989891052246
0.04568186402320862
0.035346269607543945
0.006154000759124756
0.000326007604598999
0.02230072021484375
0.002257704734802246
-0.01620638370513916
0.006435573101043701
0.016751110553741455
-0.06719088554382324
0.03130614757537842
0.0004304051399230957
0.0366748571395874
0.0011820793151855469
-0.010035872459411621
0.02501964569091797
-0.009716808795928955
0.012932956218719482
-0.004568338394165039
-0.015127182006835938
0.010179102420806885
-0.014592349529266357
0.00401681661605835
-0.0681646466255188
-0.03041088581085205
0.040428996086120605
0.023379147052764893
0.018249601125717163
-0.01294785737991333
0.01622670888900757
0.008026301860809326
-0.021704167127609253
0.014277070760726929
-0.005794107913970947
-0.01120498776435852
-0.006610453128814697
0.020507901906967163
-0.007586002349853516
0.01103222370147705
-0.01060602068901062
-0.011022701859474182
-0.011066615581512451
-0.012297004461288452
0.010268628597259521
-0.00337943434715271
-0.0026361197233200073
0.010783016681671143
-0.016998812556266785
-0.006922662258148193
0.004087790846824646
-0.027950063347816467
0.0009871870279312134
0.00549827516078949
-0.007027715444564819
0.0024152398109436035
0.009155027568340302
0.006374940276145935
-0.0035591572523117065
-0.002035796642303467
-0.01637595146894455
0.0015818625688552856
0.013912707567214966
-0.005752593278884888
-0.002762630581855774
0.000491902232170105
0.023291081190109253
-0.002543017268180847
0.0007767975330352783
-0.019634604454040527
0.006493926048278809
0.00348818302154541
0.007557332515716553
0.03433999419212341
-0.005854934453964233
-0.017956048250198364
0.0016039013862609863
0.00337827205657959
-0.007105231285095215
0.009909898042678833
0.021736562252044678
-0.015563905239105225
-0.02987825870513916
0.0002053678035736084
0.0068003833293914795
-0.006285995244979858
0.0015198886394500732
0.030603140592575073
-0.0060731470584869385
0.007323205471038818
0.007905453443527222
0.0009755194187164307
-0.020558476448059082
-0.018675416707992554
0.0073423683643341064
-0.023730307817459106
0.01071968674659729
0.01350933313369751
-0.014674067497253418
-0.02134045958518982
0.03571724891662598
-0.010532945394515991
0.0010630935430526733
0.015443414449691772
6.128847599029541e-05
0.001977875828742981
0.010760098695755005
0.010545551776885986
0.014910265803337097
-0.003003641963005066
0.0002618134021759033
-0.0007901936769485474
0.006607048213481903
-0.01456288993358612
-0.0005359724164009094
0.006973721086978912
0.00042441487312316895
0.02052617073059082
-0.006064005196094513
-0.010251179337501526
0.0014859586954116821
-0.002170741558074951
0.01374886929988861
0.011021926999092102
-0.006583720445632935
-0.00641264021396637
-0.02637067437171936
-0.019784778356552124
-0.01420140266418457
0.008789807558059692
0.0022937506437301636
-0.016134947538375854
-0.01810339093208313
0.006023004651069641
-0.007831484079360962
-0.013821318745613098
-0.029722213745117188
0.003753364086151123
0.006761670112609863
0.003610670566558838
0.0084322988986969
0.021086156368255615
-0.02041761577129364
-0.018993616104125977
-0.005836844444274902
-0.0054756104946136475
0.006921321153640747
0.006610184907913208
-0.010601252317428589
0.003795832395553589
0.024233341217041016
-0.008524954319000244
0.04320076107978821
0.0036508142948150635
-0.007499337196350098
-0.028770148754119873
0.006905287504196167
0.0036601722240448
0.01613059639930725
0.030868083238601685
0.024664759635925293
0.03489971160888672
0.02632981538772583
-0.0049211978912353516
-0.0005970895290374756
-0.02689376473426819
0.04121604561805725
-0.017473042011260986
0.032431960105895996
0.01875215768814087
-0.012282252311706543
-0.002855151891708374
-0.0004507601261138916
0.01719111204147339
0.0004485398530960083
0.02103102207183838
-0.005762159824371338
0.012865126132965088
-0.014976948499679565
0.008477061986923218
0.02395451068878174
-0.011147171258926392
-0.004825949668884277
-0.011297851800918579
-0.015086233615875244
-0.0003891885280609131
-0.0014671683311462402
-0.012176692485809326
-0.021738648414611816
-0.004442960023880005
0.01841503381729126
0.01737329363822937
-0.02261975407600403
0.001868605613708496
0.0026339590549468994
0.03833472728729248
-0.009528636932373047
0.0067036449909210205
-0.006421327590942383
-0.00827673077583313
-0.0010847747325897217
0.016110509634017944
0.024834036827087402
0.01007959246635437
0.013398081064224243
-0.027449309825897217
-0.014696627855300903
-0.014567464590072632
0.004948943853378296
-0.0019836723804473877
-0.011548280715942383
-0.001127392053604126
-0.02172359824180603
0.0046395957469940186
0.00791090726852417
-0.01361653208732605
0.0019886791706085205
0.030706673860549927
-0.017340660095214844
0.012466102838516235
0.026519328355789185
-0.005901634693145752
0.011164307594299316
-0.01495853066444397
-0.028683364391326904
-0.00039136409759521484
-0.01292639970779419
0.012634098529815674
0.0027312040328979492
0.002250969409942627
0.022346973419189453
0.019497990608215332
-0.010273605585098267
0.01634395122528076
-0.033590853214263916
0.03934842348098755
0.0014085471630096436
-0.0003789067268371582
0.007682055234909058
0.017390847206115723
0.0075830817222595215
-0.002360522747039795
-0.015769362449645996
-0.0023880600929260254
0.013081461191177368
-0.006282597780227661
0.030837148427963257
0.0012909173965454102
0.06181672215461731
0.019196629524230957
0.012208104133605957
-0.021702438592910767
-0.017489194869995117
-0.013065040111541748
-0.00773070752620697
-0.01833358407020569
0.03150749206542969
0.025522172451019287
-0.012562066316604614
0.022833675146102905
-0.020701974630355835
-0.01489982008934021
0.003764718770980835
0.0008554160594940186
0.030385971069335938
0.026109427213668823
-0.026256322860717773
-0.015023291110992432
0.022331148386001587
0.01588335633277893
-0.002007603645324707
0.03352636098861694
0.047523558139801025
0.0026361048221588135
-0.030199378728866577
-0.013818025588989258
0.0004165470600128174
-0.0206717848777771
-0.016646772623062134
0.05331897735595703
-0.03054189682006836
-0.004636824131011963
0.023510992527008057
0.026853203773498535
0.015293627977371216
-0.05935052037239075
0.06452375650405884
-0.0553756058216095
0.016358762979507446
0.03841131925582886
-0.03161126375198364
0.038124293088912964
0.0038905441761016846
0.02061176300048828
0.011365294456481934
-0.014141768217086792
-0.022326767444610596
-0.026002973318099976
0.014770150184631348
-0.016605526208877563
0.04673495888710022
-0.023300737142562866
0.023857414722442627
0.03983461856842041
0.04778212308883667
-0.008902519941329956
0.012736886739730835
-0.017593085765838623
-0.02123883366584778
0.010114282369613647
0.024648994207382202
0.02534627914428711
0.013494729995727539
0.0007506012916564941
-0.005432546138763428
-0.00016865134239196777
0.02186673879623413
-0.036284297704696655
-0.01004752516746521
-0.0010898709297180176
-0.0010914504528045654
0.041658490896224976
0.0019753873348236084
0.0038890540599823
0.003167957067489624
-0.012217551469802856
-0.02384638786315918
-0.010962724685668945
0.0044980645179748535
0.0034014880657196045
0.001573711633682251
-0.00948023796081543
0.030210763216018677
-0.009634733200073242
-0.045265376567840576
-0.019571632146835327
0.04600301384925842
-0.01714426279067993
-0.008948028087615967
0.03347980976104736
0.012363642454147339
-0.012612372636795044
-0.04055953025817871
0.0030287504196166992
-0.03177988529205322
0.0017945170402526855
-0.0021765828132629395
0.007842957973480225
-0.005031764507293701
0.026587188243865967
0.013985991477966309
-0.009295642375946045
-0.017959237098693848
0.03545767068862915
-0.001709282398223877
-0.006270051002502441
0.011992216110229492
0.005909979343414307
0.023880720138549805
0.04958295822143555
-0.012322068214416504
0.10750430822372437
-0.031908243894577026
-0.029075324535369873
-0.053003281354904175
-0.00036138296127319336
-0.060054510831832886
0.01283496618270874
-0.016078025102615356
-0.025477349758148193
0.06094413995742798
-0.019277870655059814
0.006514072418212891
0.023571431636810303
0.012150794267654419
-0.00756680965423584
-0.01622048020362854
-0.00033396482467651367
-0.005588322877883911
-0.015055090188980103
-0.0031252801418304443
-0.02272781729698181
-0.011211097240447998
-0.002658158540725708
0.02435186505317688
0.009664773941040039
0.02481377124786377
0.018117398023605347
0.030975401401519775
0.04578143358230591
-0.013431787490844727
0.01879805326461792
-0.008455097675323486
-0.05102056264877319
-0.04197537899017334
0.009399831295013428
0.047866880893707275
-0.023005962371826172
0.029697179794311523
0.0018631815910339355
-0.005583584308624268
-0.012027978897094727
-0.001956760883331299
-0.006745696067810059
0.01758408546447754
0.008379638195037842
0.021375417709350586
-0.012738406658172607
-0.02462613582611084
-0.029196560382843018
0.02131447196006775
-0.04055541753768921
-0.07342115044593811
-0.0770728588104248
0.12191921472549438
-0.021585524082183838
-0.04086005687713623
-0.05094677209854126
0.037383079528808594
-0.03509557247161865
-0.0043721795082092285
-0.01430600881576538
-0.024585098028182983
0.0076722800731658936
-0.007440924644470215
0.0308876633644104
-0.03216707706451416
-0.0080660879611969
0.02148151397705078
0.036270081996917725
-0.006208628416061401
0.03207486867904663
0.028592348098754883
0.011312991380691528
0.018801867961883545
0.00495070219039917
0.018623441457748413
-0.0015410184860229492
0.032867640256881714
-0.016395479440689087
-0.027884304523468018
-0.0199812650680542
0.00021690130233764648
-0.004839211702346802
-0.009731531143188477
0.01116606593132019
0.009010642766952515
0.015395671129226685
0.002426326274871826
-0.03719225525856018
-0.014698833227157593
0.003016829490661621
0.0018645226955413818
-0.019099891185760498
0.015046238899230957
0.013963282108306885
-0.003883183002471924
0.005116701126098633
0.002581179141998291
-0.020655035972595215
0.03714516758918762
-0.04512429237365723
-0.024367213249206543
0.054225027561187744
0.0036303699016571045
0.02732887864112854
-0.022995591163635254
-0.012369364500045776
0.026053786277770996
-0.012326568365097046
-0.002472817897796631
0.007773339748382568
-0.024909228086471558
0.030650436878204346
0.0038270950317382812
-0.03138896822929382
-0.03480103611946106
0.006569564342498779
0.028255879878997803
0.002501964569091797
-0.007488340139389038
0.012192606925964355
0.041083693504333496
-0.005787312984466553
0.008528351783752441
-0.03370261192321777
0.018542766571044922
-0.01097416877746582
0.023708760738372803
0.043452441692352295
-0.019340872764587402
0.0030394792556762695
0.008340537548065186
-0.003143906593322754
0.001954317092895508
-0.014055609703063965
-0.024344265460968018
-0.014288723468780518
0.012639045715332031
-0.0174943208694458
0.03538787364959717
-0.013757705688476562
-0.0071718692779541016
-0.012968063354492188
0.05864304304122925
0.017032146453857422
0.0005506277084350586
-0.043427228927612305
-0.016453862190246582
-0.054617345333099365
-0.007740795612335205
-0.017365872859954834
-0.02119380235671997
0.010691165924072266
0.08542442321777344
-0.010175585746765137
0.0004169940948486328
-0.02308306097984314
0.0005934238433837891
0.021362334489822388
0.03599900007247925
0.032377779483795166
0.009045988321304321
-0.02822953462600708
-0.022514432668685913
-0.007114529609680176
-0.01938280463218689
-0.003216356039047241
0.012801170349121094
-0.00548785924911499
0.018242746591567993
-0.010459691286087036
-0.012827932834625244
-0.03599634766578674
-0.024269074201583862
-0.04084157943725586
0.004401206970214844
0.0016582608222961426
-0.0051422119140625
0.0379813015460968
-0.0024245381355285645
-0.003446817398071289
-0.00010314583778381348
-0.01717737317085266
-0.009501427412033081
0.006460621953010559
0.023777291178703308
-0.014060422778129578
-0.01609894633293152
-1.96993350982666e-05
-0.010479390621185303
-0.011482477188110352
-0.0044482797384262085
-0.028338372707366943
0.004363313317298889
-0.06536771357059479
0.006004750728607178
0.03916308283805847
-0.036647289991378784
0.003092467784881592
-0.02640610933303833
0.019316136837005615
0.007814943790435791
0.02241969108581543
-0.023018062114715576
-0.015414804220199585
0.017810583114624023
0.0018666982650756836
-0.005317717790603638
0.006007879972457886
0.002740144729614258
0.0006794631481170654
-0.002066195011138916
-0.016975879669189453
-0.0021293461322784424
0.00209200382232666
-0.01979595422744751
0.0021927952766418457
-0.010864943265914917
0.024891525506973267
-0.03343716263771057
-0.004748106002807617
-0.0149766206741333
0.027619391679763794
0.011062979698181152
0.025168001651763916
0.022957295179367065
-0.0008901059627532959
-0.0033853352069854736
0.005681395530700684
-0.014485388994216919
-0.03815418481826782
-0.02582162618637085
-0.03715917468070984
-0.012572616338729858
-0.002985537052154541
0.046950727701187134
-0.011242568492889404
0.013682842254638672
0.014695167541503906
-0.0032926201820373535
0.012643188238143921
-0.014371871948242188
-0.008299499750137329
0.005676954984664917
-0.01659485697746277
-0.01524960994720459
-0.0050397515296936035
0.009962141513824463
0.011402368545532227
-0.002636551856994629
-0.025903165340423584
-0.010137945413589478
0.017701923847198486
-0.023952394723892212
-0.02215549349784851
0.0216827392578125
0.00273972749710083
-0.003111511468887329
0.038005828857421875
-0.009691029787063599
0.01005437970161438
-0.02001848816871643
0.02198430895805359
-0.022589176893234253
0.02363264560699463
0.00846874713897705
-0.008361399173736572
0.012964189052581787
-0.07306978106498718
-0.0031221508979797363
-0.021301627159118652
0.05937337875366211
0.03152644634246826
0.029226720333099365
-0.029792726039886475
0.07913672924041748
-0.00459134578704834
0.014062345027923584
-0.024509429931640625
-0.02283841371536255
-0.004892885684967041
0.0402701199054718
0.001949220895767212
-0.0003934502601623535
0.011520862579345703
-0.011579394340515137
0.06620126962661743
0.004892796277999878
0.01048383116722107
0.002295851707458496
-0.0764002799987793
0.0607873797416687
-0.04700279235839844
-0.2822471857070923
0.020115375518798828
-0.03520172834396362
-0.060523152351379395
-0.014622330665588379
0.030429482460021973
-0.01926136016845703
0.04189711809158325
-0.021406352519989014
0.029150009155273438
0.01635134220123291
-0.01966226100921631
0.03804445266723633
0.09052592515945435
-0.0240594744682312
-0.059637486934661865
0.0008140802383422852
-0.013186633586883545
0.018898963928222656
0.08893471956253052
-0.04775732755661011
0.04738748073577881
0.012086033821105957
-0.0354534387588501
0.04821586608886719
0.19663453102111816
0.036132991313934326
0.12218517065048218
-0.040431320667266846
-0.0014439225196838379
-0.009076297283172607
0.01864248514175415
-0.009001672267913818
-0.01938706636428833
-0.02008947730064392
0.0015417933464050293
-0.01352575421333313
0.00659787654876709
-0.009898930788040161
-0.006943345069885254
-0.0006457269191741943
0.004430145025253296
-0.017969965934753418
-0.012215524911880493
0.03148442506790161
0.0757538378238678
0.0466994047164917
0.007773905992507935
-0.016127049922943115
0.010816603899002075
-0.0007219910621643066
-0.008776932954788208
-0.029347330331802368
0.018424779176712036
-0.006264865398406982
0.00028005242347717285
0.005142822861671448
0.008727073669433594
-0.020130276679992676
-0.014113664627075195
0.02578979730606079
-0.01250496506690979
0.002721846103668213
-0.0002997666597366333
-0.007832899689674377
-0.030842095613479614
-0.0001179724931716919
-0.01928238570690155
0.00211372971534729
-0.020655781030654907
0.008080840110778809
0.04756641387939453
-0.04343229532241821
0.004900872707366943
-0.0036325454711914062
0.057061076164245605
0.03195548057556152
-0.04093509912490845
0.036535441875457764
-0.03867542743682861
-0.007915496826171875
-0.02533954381942749
0.007637500762939453
-0.010455906391143799
0.002000153064727783
0.00889521837234497
-0.012109160423278809
-0.021660983562469482
0.013789772987365723
-0.0014622211456298828
0.031224846839904785
0.008104860782623291
-0.006757557392120361
-0.04765176773071289
0.005748271942138672
0.012167096138000488
0.025886088609695435
-0.014373987913131714
-0.02378690242767334
-0.013472110033035278
-0.0020817220211029053
0.0053251683712005615
0.030524492263793945
-0.009700685739517212
0.009864240884780884
0.029533997178077698
0.01520414650440216
0.01880425214767456
0.01541396975517273
-0.003946945071220398
-0.004287883639335632
0.0006778091192245483
0.020549684762954712
0.026561960577964783
0.004611283540725708
0.004176974296569824
0.008820295333862305
0.03815239667892456
-0.004897773265838623
0.040846943855285645
0.046174049377441406
-0.043434977531433105
-0.06987738609313965
-0.07745033502578735
0.11075937747955322
-0.009786069393157959
0.00964963436126709
-0.005267977714538574
0.0020058155059814453
0.014363408088684082
0.09765839576721191
-0.09158271551132202
0.05679851770401001
-0.07282751798629761
-0.049875617027282715
-0.04961651563644409
-0.031476616859436035
-0.10687267780303955
-0.11872494220733643
-0.023535966873168945
-0.020584940910339355
-0.0487750768661499
-0.03278452157974243
-0.0008475780487060547
-0.018825292587280273
-0.008427739143371582
-0.02964174747467041
-0.02529093623161316
0.01888933777809143
0.01740032434463501
0.031546056270599365
0.003985166549682617
0.14407044649124146
-0.1703113317489624
-0.052823781967163086
-0.1664668321609497
0.01318281888961792
-0.0028545260429382324
-0.044214844703674316
0.13446080684661865
-0.013206124305725098
0.03891497850418091
-0.007745027542114258
0.04856455326080322
0.043456584215164185
-0.027978509664535522
-0.1662006378173828
0.1464543342590332
-0.04418843984603882
0.03177651762962341
-0.022547245025634766
-0.022008508443832397
-0.023712947964668274
0.04016508162021637
-0.003270953893661499
0.010226279497146606
0.0004585385322570801
0.037273749709129333
0.005942225456237793
-0.045626670122146606
-0.04172520339488983
-0.06684724986553192
0.01245148479938507
0.0040326714515686035
0.019693627953529358
0.019469648599624634
-0.0050955116748809814
0.018103376030921936
-0.02421291172504425
-0.02731330692768097
0.022415637969970703
0.012103751301765442
0.03304262459278107
-0.0906083732843399
0.047091513872146606
-0.018812358379364014
0.01792323589324951
0.02132229506969452
-0.016543880105018616
-0.009135931730270386
0.011898964643478394
-0.007516235113143921
