1.9969624181714885e-05, -0.0038474202156066895
3.657724294114928e-06, -0.0038788318634033203
7.063041441290885e-05, -0.005583256483078003
0.001530534739202949, -0.006803587079048157
0.004149427960502439, -0.0034582316875457764
0.004149427960502439, -0.003616034984588623
0.004149427960502439, -0.003678262233734131
0.004149427960502439, -0.003470003604888916
0.004149427960502439, -0.004609793424606323
0.004149427960502439, -0.006779477000236511
0.004149427960502439, -0.006032124161720276
0.004149427960502439, -0.004224047064781189
0.004149427960502439, -0.003969281911849976
0.0022469739512746, -0.004361972212791443
0.0009727912181741738, -0.0041656941175460815
0.0009727912181741738, -0.005264878273010254
0.0009727912181741738, -0.004868984222412109
0.0009727912181741738, -0.005138754844665527
0.0009727912181741738, -0.005289822816848755
0.0009727912181741738, -0.0049245357513427734
0.0003114128037097208, -0.004132568836212158
0.0002723410291899375, -0.004736736416816711
0.0002723410291899375, -0.0041151344776153564
0.0002723410291899375, -0.004970625042915344
0.0002723410291899375, -0.003904104232788086
0.0002723410291899375, -0.0043697357177734375
0.0002723410291899375, -0.004484802484512329
0.00014441171447066026, -0.004090175032615662
0.00014441171447066026, -0.0044358521699905396
0.00014441171447066026, -0.004401937127113342
0.00014441171447066026, -0.0032685399055480957
0.00014441171447066026, -0.004594519734382629
0.00014441171447066026, -0.0033537447452545166
0.00014441171447066026, -0.004180386662483215
3.6122928716908476e-05, -0.0034475773572921753
3.510160618591662e-05, -0.0039052218198776245
3.510160618591662e-05, -0.0036499500274658203
3.510160618591662e-05, -0.002673238515853882
3.510160618591662e-05, -0.0028015226125717163
3.510160618591662e-05, -0.002330288290977478
3.510160618591662e-05, -0.003051087260246277
3.510160618591662e-05, -0.0034533441066741943
1.5929538443981706e-05, -0.0037599802017211914
1.1447693736954534e-05, -0.0022640228271484375
1.1447693736954534e-05, -0.0018272697925567627
1.1447693736954534e-05, -0.00243552029132843
1.1447693736954534e-05, -0.002196207642555237
1.1447693736954534e-05, -0.0028704702854156494
5.1464206296536474e-06, -0.0027639567852020264
1.362548367911387e-06, -0.002021968364715576
5.236775325601073e-07, -0.002733081579208374
3.82627838413363e-07, -0.0014268755912780762
3.0404876460998764e-07, -0.003189265727996826
3.0404876460998764e-07, -0.0017364919185638428
2.482047916085861e-07, -0.0019161105155944824
7.949465208323403e-08, -0.002155989408493042
7.19099890744701e-08, -0.0024006664752960205
6.799072682639462e-08, -0.0031974613666534424
2.7409740699368967e-08, -0.002679288387298584
2.7409740699368967e-08, -0.002302706241607666
1.6930345680954417e-08, -0.001497805118560791
1.380860470412415e-08, -0.0017642676830291748
1.3741615623175107e-09, -0.0013636946678161621
1.3741615623175107e-09, -0.0012116730213165283
6.368934268863313e-10, -0.0016467571258544922
4.890655658229548e-10, -0.0021704435348510742
4.890655658229548e-10, -0.0019053220748901367
1.5450740686873132e-10, -0.00010067224502563477
1.4547396620656627e-10, -0.0015781521797180176
1.7410461961020474e-10, -0.00013691186904907227
2.288008671413877e-10, 0.0009149909019470215
4.471473191713926e-10, 0.0006280243396759033
4.890655658229548e-10, -9.953975677490234e-05
4.890655658229548e-10, -2.866983413696289e-05
4.890655658229548e-10, 0.0008810162544250488
4.890655658229548e-10, 0.0014790892601013184
4.890655658229548e-10, 0.0011848211288452148
4.890655658229548e-10, 0.002583742141723633
4.890655658229548e-10, 0.0014914274215698242
4.890655658229548e-10, 0.0025613903999328613
4.890655658229548e-10, 0.0023064911365509033
4.890655658229548e-10, 0.0026972293853759766
2.423633516102086e-10, 0.0021610260009765625
2.423633516102086e-10, 0.002241283655166626
2.423633516102086e-10, 0.00356137752532959
2.2443402691862957e-10, 0.00411716103553772
1.997734200287482e-10, 0.003904670476913452
1.3417045252595017e-10, 0.004911333322525024
7.634615162288583e-11, 0.004856467247009277
7.156431003352282e-11, 0.004458427429199219
7.156431003352282e-11, 0.0041318535804748535
6.852940437340749e-11, 0.005720198154449463
7.800204926411425e-11, 0.006015747785568237
8.495426584431698e-11, 0.006816118955612183
1.775798397218864e-10, 0.005764186382293701
3.4006575333478395e-10, 0.006258919835090637
4.978615297801525e-10, 0.005874112248420715
4.978615297801525e-10, 0.00534433126449585
5.068009345521318e-10, 0.006881430745124817
5.068009345521318e-10, 0.00811716914176941
5.068009345521318e-10, 0.008461818099021912
5.068009345521318e-10, 0.008110418915748596
5.068009345521318e-10, 0.008795440196990967
5.068009345521318e-10, 0.00605367124080658
5.068009345521318e-10, 0.006460472941398621
5.068009345521318e-10, 0.009320423007011414
5.068009345521318e-10, 0.00793425738811493
5.251108436965524e-10, 0.009719356894493103
8.813273444374659e-10, 0.010035529732704163
1.7718981837333558e-09, 0.008050203323364258
1.7718981837333558e-09, 0.008076518774032593
1.7718981837333558e-09, 0.008176714181900024
1.7718981837333558e-09, 0.008899375796318054
1.7718981837333558e-09, 0.009201779961585999
1.7718981837333558e-09, 0.010166838765144348
1.7718981837333558e-09, 0.010098189115524292
1.7718981837333558e-09, 0.010764256119728088
1.7718981837333558e-09, 0.010887101292610168
1.7718981837333558e-09, 0.00933043658733368
1.2269942839537862e-09, 0.010464727878570557
7.438086813138511e-10, 0.011092424392700195
8.378469029679536e-10, 0.010607331991195679
1.3092505968259616e-09, 0.012065231800079346
1.3092505968259616e-09, 0.011666566133499146
1.3092505968259616e-09, 0.012071818113327026
1.3092505968259616e-09, 0.010628104209899902
1.3092505968259616e-09, 0.01105836033821106
3.305347329174424e-09, 0.011802956461906433
3.0183007759809755e-08, 0.012957453727722168
5.482491483022045e-08, 0.013353303074836731
5.482491483022045e-08, 0.012501105666160583
5.482491483022045e-08, 0.012517407536506653
5.482491483022045e-08, 0.01253858208656311
5.482491483022045e-08, 0.011665984988212585
6.875844338338766e-08, 0.01247549057006836
2.949868747048612e-07, 0.011390790343284607
4.844749732502152e-07, 0.012396037578582764
4.844749732502152e-07, 0.011801362037658691
4.844749732502152e-07, 0.011442393064498901
4.844749732502152e-07, 0.010696962475776672
4.844749732502152e-07, 0.010881602764129639
4.844749732502152e-07, 0.011776387691497803
1.374946001164723e-06, 0.011553823947906494
1.374946001164723e-06, 0.01086948812007904
1.3874481945563844e-06, 0.011775314807891846
1.3874481945563844e-06, 0.010687381029129028
1.3874481945563844e-06, 0.01213042438030243
1.3874481945563844e-06, 0.010930046439170837
1.7834124340643243e-06, 0.010721370577812195
2.599605106734515e-06, 0.010792270302772522
2.599605106734515e-06, 0.01039421558380127
2.599605106734515e-06, 0.011182636022567749
2.599605106734515e-06, 0.012580394744873047
2.599605106734515e-06, 0.012825161218643188
2.599605106734515e-06, 0.01142793893814087
2.599605106734515e-06, 0.01131562888622284
2.599605106734515e-06, 0.00968235731124878
2.599605106734515e-06, 0.01146477460861206
2.599605106734515e-06, 0.011691078543663025
6.788434203652827e-07, 0.010259926319122314
4.4801625187496086e-07, 0.011889725923538208
4.4801625187496086e-07, 0.01114743947982788
4.4801625187496086e-07, 0.011735931038856506
4.4801625187496086e-07, 0.010378003120422363
4.4801625187496086e-07, 0.012078717350959778
4.4801625187496086e-07, 0.012011334300041199
1.83969152245389e-07, 0.010661453008651733
1.2041120678318862e-07, 0.01199166476726532
1.2041120678318862e-07, 0.008879482746124268
1.2041120678318862e-07, 0.010337233543395996
1.2041120678318862e-07, 0.008355379104614258
1.2041120678318862e-07, 0.008170247077941895
1.2041120678318862e-07, 0.009030982851982117
5.059838870113964e-08, 0.010269612073898315
3.964975570092122e-08, 0.009736165404319763
4.2038309500114224e-08, 0.008460447192192078
1.1658174947637434e-07, 0.008877232670783997
1.1658174947637434e-07, 0.008749797940254211
1.1658174947637434e-07, 0.008682385087013245
1.1658174947637434e-07, 0.009280338883399963
1.1658174947637434e-07, 0.008388817310333252
1.1658174947637434e-07, 0.008538797497749329
1.1658174947637434e-07, 0.008000493049621582
1.1658174947637434e-07, 0.00744454562664032
1.1658174947637434e-07, 0.007692873477935791
1.1658174947637434e-07, 0.008024260401725769
1.0236442027355963e-07, 0.008116722106933594
3.964975570092122e-08, 0.008745089173316956
3.166381601360513e-08, 0.0082627534866333
3.166381601360513e-08, 0.007564470171928406
8.837620302237781e-09, 0.006669402122497559
7.21385828850174e-09, 0.007866129279136658
7.21385828850174e-09, 0.007864907383918762
5.545804371287488e-09, 0.00710470974445343
4.234181449902508e-09, 0.007695913314819336
1.3092505968259616e-09, 0.005206510424613953
5.440162764713818e-10, 0.0065294355154037476
8.099440007569569e-10, 0.004833132028579712
9.42453115548858e-10, 0.00567983090877533
2.8067105306561757e-09, 0.005366384983062744
2.8067105306561757e-09, 0.005386143922805786
2.8067105306561757e-09, 0.005127996206283569
3.2091449497784197e-09, 0.004111051559448242
5.703265082424025e-09, 0.004612520337104797
2.982284685870695e-08, 0.0034039318561553955
4.507869710845824e-08, 0.0027537941932678223
4.507869710845824e-08, 0.004369199275970459
4.507869710845824e-08, 0.003677740693092346
4.507869710845824e-08, 0.002886950969696045
1.11651229928178e-07, 0.0020624399185180664
1.3120063324656428e-07, 0.0025108754634857178
2.3341255217523837e-07, 0.0019717663526535034
3.3281221356595836e-07, 0.002481982111930847
3.3281221356595836e-07, 0.0031270980834960938
3.3281221356595836e-07, 0.0020693540573120117
3.82627838413363e-07, 0.0019217133522033691
4.3930916904244555e-07, 0.0015169084072113037
5.496561820139689e-07, 0.0015306919813156128
2.1465401264242345e-06, 0.0011334270238876343
2.4044975653891854e-06, 0.0016736090183258057
2.4044975653891854e-06, 0.002110779285430908
3.4476430270657943e-06, 0.002307385206222534
3.4476430270657943e-06, 0.0009204447269439697
3.4476430270657943e-06, 0.0020096898078918457
3.4476430270657943e-06, 0.0019561946392059326
3.4476430270657943e-06, 0.0018456727266311646
3.4476430270657943e-06, 0.001088067889213562
3.4476430270657943e-06, 0.0019447952508926392
3.4476430270657943e-06, 0.003093332052230835
3.4476430270657943e-06, 0.002953827381134033
3.4476430270657943e-06, 0.002104654908180237
7.606870561227552e-07, 0.0025090277194976807
5.937267508748789e-07, 0.0010934025049209595
5.937267508748789e-07, 0.001433447003364563
5.937267508748789e-07, 0.003022313117980957
6.349606679334485e-07, 0.0036648064851760864
1.7676317570769484e-06, 0.002524822950363159
3.688686909475436e-06, 0.0022734403610229492
9.12079362813678e-06, 0.002421259880065918
1.85276917468169e-05, 0.0016919896006584167
3.586504823960279e-05, 0.0017803683876991272
3.907527273605549e-05, 0.001290835440158844
4.136110448538233e-05, 0.002489648759365082
9.310164875664384e-05, 0.002297535538673401
0.00026249788710663857, 0.0014041662216186523
0.0005249899782641121, 0.001262664794921875
0.001190496250732087, 0.0016105547547340393
0.00157975892984763, 0.0006344020366668701
0.0019766787168199462, 0.001737445592880249
0.002081048398633323, 0.0012240782380104065
0.0026416070051455964, 0.0009299814701080322
0.0026416070051455964, -0.00028518587350845337
0.003822918079511628, 0.0005564019083976746
0.008728388535578557, 0.0008311793208122253
0.009409113394030166, -1.2286007404327393e-05
0.009409113394030166, 0.0010606944561004639
0.009409113394030166, 0.0009800568222999573
0.01040455328710832, -0.00013712048530578613
0.018265632856083402, 0.00037898868322372437
0.02136447505312089, -0.0014047324657440186
0.028524375468494956, -0.00024068355560302734
0.015375400682436702, 0.0011571645736694336
0.010314452202608959, 0.0009438619017601013
0.010314452202608959, -5.526840686798096e-05
0.010314452202608959, -0.0009138211607933044
0.009204190835221837, -0.0015707612037658691
0.005910123980867987, -0.0012598708271980286
0.0031132214288935867, -0.0008680522441864014
0.0030221955089833052, -0.0004407241940498352
0.0030221955089833052, -0.00046149641275405884
0.0030221955089833052, -0.00042620301246643066
0.0030221955089833052, -0.0005963072180747986
0.0020387163996459234, -0.0009134560823440552
0.0010914345895886024, -0.0010961145162582397
0.0007528585829557066, -0.0015466287732124329
0.0006838137043269077, -0.0022621750831604004
0.0006838137043269077, -0.0012275204062461853
0.0006838137043269077, -0.0018355697393417358
0.0006838137043269077, -0.0014513731002807617
0.0006838137043269077, -0.0026323869824409485
0.0006571054862818393, -0.003256365656852722
0.0003555854642737222, -0.002225153148174286
0.00020352423630576322, -0.003451704978942871
0.00011808840922611363, -0.001911938190460205
0.00011808840922611363, -0.002359457314014435
0.00010082947546141696, -0.0021931231021881104
8.30858310363336e-05, -0.0023697465658187866
4.864067955845375e-05, -0.002018749713897705
2.804786607579768e-05, -0.0030387192964553833
1.7313289404907728e-05, -0.0029342323541641235
2.8253189662263978e-05, -0.002442479133605957
3.016488003215745e-05, -0.0024836882948875427
3.016488003215745e-05, -0.0028056278824806213
3.016488003215745e-05, -0.002737663686275482
3.016488003215745e-05, -0.0026690810918807983
3.016488003215745e-05, -0.003158360719680786
3.016488003215745e-05, -0.002905704081058502
3.016488003215745e-05, -0.0036299824714660645
3.016488003215745e-05, -0.0026131868362426758
3.016488003215745e-05, -0.002638310194015503
3.016488003215745e-05, -0.001717880368232727
2.6454434882805522e-05, -0.002004377543926239
2.4221189371620433e-05, -0.0031991004943847656
2.4221189371620433e-05, -0.0023213177919387817
1.5452379966918173e-05, -0.0033850818872451782
1.3673507563205511e-05, -0.0029114261269569397
1.3673507563205511e-05, -0.0026477202773094177
1.2857309088065705e-05, -0.0025934576988220215
1.2857309088065705e-05, -0.002539798617362976
1.2857309088065705e-05, -0.002597026526927948
1.2857309088065705e-05, -0.002621471881866455
1.1010713155346075e-05, -0.0032411515712738037
1.1010713155346075e-05, -0.0031385421752929688
1.1010713155346075e-05, -0.0021457895636558533
1.1010713155346075e-05, -0.0018426552414894104
1.6797671119062052e-05, -0.0020975396037101746
1.6797671119062052e-05, -0.002362072467803955
1.6797671119062052e-05, -0.0014104843139648438
1.8114362046128818e-05, -0.0024269968271255493
1.8114362046128818e-05, -0.0024911239743232727
1.8114362046128818e-05, -0.0017299875617027283
1.8114362046128818e-05, -0.002352103590965271
1.8114362046128818e-05, -0.002164192497730255
1.8114362046128818e-05, -0.002555951476097107
1.8114362046128818e-05, -0.0030655711889266968
1.8114362046128818e-05, -0.0023095309734344482
1.8114362046128818e-05, -0.002968326210975647
1.8114362046128818e-05, -0.002984091639518738
1.2275143900342123e-05, -0.0015039965510368347
1.5929538443981706e-05, -0.0009333938360214233
3.435324799250239e-05, -0.0002983212471008301
0.0001491317334859632, -0.0002920962870121002
0.00030027475973770645, 0.0004543028771877289
0.0003598742870700722, -0.00014035403728485107
0.0003598742870700722, -0.00040417909622192383
0.0003959363885525091, 9.137764573097229e-05
0.0003959363885525091, 0.0005166828632354736
0.0003959363885525091, 0.0007438212633132935
0.0005342139668133017, 0.0009899139404296875
0.0010447679059739645, 0.0009372085332870483
0.0018770705554927991, 0.000871121883392334
0.0018770705554927991, -0.0001922696828842163
0.0025890691470972227, 0.0016262531280517578
0.003749540349685332, 0.0022194981575012207
0.0061610910121989715, 0.0024094469845294952
0.007530316512284307, 0.002445235848426819
0.014627063510832317, 0.0021939054131507874
0.03459590531084267, 0.002612955868244171
0.038663339879849934, 0.002219483256340027
0.027982178902234756, 0.002342410385608673
0.027982178902234756, 0.0025774911046028137
0.02119505120379761, 0.0023960694670677185
0.015632198593811375, 0.0026396438479423523
0.010004490143736389, 0.00254753977060318
0.00823762404292594, 0.003230370581150055
0.00405088227318251, 0.0024553239345550537
0.0027633583658088767, 0.0026694387197494507
0.0027633583658088767, 0.0019787028431892395
0.0027633583658088767, 0.002924978733062744
0.0027633583658088767, 0.002192750573158264
0.0027633583658088767, 0.0025082752108573914
0.0027633583658088767, 0.0027815252542495728
0.001588101046923196, 0.0027935579419136047
0.0008708346306511849, 0.0021597445011138916
0.0005693209808548261, 0.002451278269290924
0.0004838450386421833, 0.0019491687417030334
0.0004838450386421833, 0.0017559528350830078
0.0004838450386421833, 0.0012556910514831543
0.0004838450386421833, 0.002093106508255005
0.00016839436996107793, 0.0016318410634994507
0.0001252340559411147, 0.0013095512986183167
0.0001252340559411147, 0.0013956204056739807
0.0001252340559411147, 0.0013772621750831604
0.0001252340559411147, 0.001576051115989685
0.0001252340559411147, 0.0013465657830238342
0.00012042742157225561, 0.0015316903591156006
8.592326620282531e-05, 0.002138480544090271
1.0756021796565207e-05, 0.0017610788345336914
2.4043218956548706e-05, 0.0016650110483169556
6.6877835541157e-05, 0.002146102488040924
9.064962219074157e-05, 0.0007040500640869141
9.064962219074157e-05, 0.0008021369576454163
9.064962219074157e-05, 0.0009164437651634216
9.064962219074157e-05, 0.0007814764976501465
9.064962219074157e-05, 0.00039653480052948
9.064962219074157e-05, 0.00010538101196289062
9.064962219074157e-05, 0.0008540153503417969
9.064962219074157e-05, 1.8030405044555664e-06
9.064962219074157e-05, 0.0010988116264343262
9.064962219074157e-05, 0.0008370056748390198
6.642193263728391e-05, 0.0006023794412612915
2.072906350325532e-05, 0.0009722709655761719
1.3673507563205511e-05, -0.0006598755717277527
1.3673507563205511e-05, -0.00043649226427078247
1.3673507563205511e-05, -0.0002611503005027771
1.3673507563205511e-05, -0.0028653666377067566
1.3673507563205511e-05, -0.0013311654329299927
1.3673507563205511e-05, -0.0013867020606994629
1.3673507563205511e-05, -0.0016591250896453857
7.240013869647122e-06, -0.0024690181016921997
7.240013869647122e-06, -0.001946859061717987
7.240013869647122e-06, -0.0017429590225219727
7.240013869647122e-06, -0.0027244538068771362
7.240013869647122e-06, -0.0027722418308258057
7.240013869647122e-06, -0.0024983733892440796
8.924084382577746e-07, -0.003320857882499695
6.349606679334485e-07, -0.0030399858951568604
5.712964923354491e-07, -0.0029182657599449158
5.712964923354491e-07, -0.0021140798926353455
5.712964923354491e-07, -0.0019655823707580566
5.712964923354491e-07, -0.002020515501499176
4.182252717477297e-07, -0.002668425440788269
3.361598162054946e-07, -0.0023252665996551514
3.361598162054946e-07, -0.0011875629425048828
1.074385929999977e-06, -0.0012778565287590027
1.5321089641417984e-06, -0.0012507140636444092
4.253695053635376e-06, -0.0004119798541069031
1.1447693736954534e-05, -0.000164814293384552
1.1447693736954534e-05, -0.0004676058888435364
2.5129535559331728e-05, -9.41157341003418e-05
2.5129535559331728e-05, -0.0003776922821998596
3.127809522740499e-05, -0.0004333779215812683
3.127809522740499e-05, 0.000180855393409729
9.248297391051263e-05, 0.0010096728801727295
0.00011132024266446994, -0.00014388561248779297
0.00011132024266446994, -0.0013046413660049438
0.00011132024266446994, 0.000490330159664154
0.00011132024266446994, 0.00018303096294403076
0.00011132024266446994, 0.0011757686734199524
0.00011132024266446994, 0.0017157942056655884
0.0002984544710438186, 0.0017628297209739685
0.0007656839931640125, 0.0015785619616508484
0.0007656839931640125, 0.0017876997590065002
0.0007656839931640125, 0.001052655279636383
0.0007919350140852544, 0.0015963315963745117
0.001027740957385781, 0.002644762396812439
0.0010390639651729483, 0.0014397352933883667
0.0013617099162247515, 0.0018516406416893005
0.0019064647529748457, 0.0018911957740783691
0.0019064647529748457, 0.0005216673016548157
0.0019064647529748457, 0.0008024796843528748
0.0019064647529748457, 0.000774875283241272
0.0019064647529748457, 0.001849442720413208
0.0025890691470972227, 0.0019380450248718262
0.010449863349110577, 0.0020457133650779724
0.015375400682436702, 0.0023062527179718018
0.015375400682436702, 0.0018506050109863281
0.015375400682436702, 0.001335643231868744
0.015375400682436702, 0.0017248094081878662
0.020447090066731288, 0.002297505736351013
0.02830641265162248, 0.0023938119411468506
0.0364457958699409, 0.001329369843006134
0.02119505120379761, 0.0021629706025123596
0.0070038977608458675, 0.0011910870671272278
0.0070038977608458675, 0.0020744875073432922
0.0070038977608458675, 0.0011692792177200317
0.004565557887466487, 0.0017812252044677734
0.004070421085863085, 0.0013492852449417114
0.0027086339928517056, 0.0017673596739768982
0.0017727692295107511, 0.0016609132289886475
0.0011776822440052737, 0.0014748796820640564
0.0009727912181741738, 0.001374371349811554
0.0008708346306511849, 0.001661643385887146
0.0008708346306511849, -0.0005827024579048157
0.0008708346306511849, 0.0012113526463508606
0.0008708346306511849, 0.000703863799571991
0.0002966443438476851, 0.0007305741310119629
0.00010560617965715835, 3.5218894481658936e-05
0.00010560617965715835, 0.00045021623373031616
0.00010560617965715835, -0.0005308575928211212
0.00010560617965715835, -8.521974086761475e-05
0.00010560617965715835, 0.00023712962865829468
7.714508556289079e-05, -0.00022742897272109985
9.689455246242318e-05, -0.0002813786268234253
0.00020480382251142348, -0.0007559694349765778
0.00020480382251142348, -0.0001572743058204651
0.00020480382251142348, -0.00014015287160873413
0.00020480382251142348, -0.0012569576501846313
0.00020480382251142348, -0.0002983957529067993
0.00020480382251142348, -0.001296207308769226
0.00020480382251142348, -0.0004946738481521606
0.00020480382251142348, -0.0009732171893119812
0.00020480382251142348, -0.0007505007088184357
0.00020480382251142348, -0.001402784138917923
0.00012687514892917306, -0.001803576946258545
0.00010217350841701389, -0.0013003870844841003
4.898256524155098e-05, -0.000779520720243454
6.331007666227073e-05, -0.00137319415807724
0.00010986561148784713, -0.0015667490661144257
0.00013450824472194256, -0.0014259815216064453
0.00013450824472194256, -0.001684136688709259
0.00013450824472194256, -0.0015352219343185425
0.00013450824472194256, -0.0018195509910583496
0.00013450824472194256, -0.0017849095165729523
0.00013450824472194256, -0.0011971518397331238
0.00013450824472194256, -0.0018160417675971985
0.00013626096072882898, -0.0016373731195926666
0.00013626096072882898, -0.002198595553636551
0.00013626096072882898, -0.0033015981316566467
0.00013626096072882898, -0.0037944763898849487
0.00013626096072882898, -0.002178773283958435
0.00013626096072882898, -0.0022948943078517914
0.00013626096072882898, -0.0023179464042186737
0.00013626096072882898, -0.0029055923223495483
0.00013626096072882898, -0.0026490315794944763
0.00013626096072882898, -0.002632051706314087
0.00010217350841701389, -0.0034020692110061646
0.00010217350841701389, -0.0037222616374492645
0.00010217350841701389, -0.0028353706002235413
0.00010217350841701389, -0.002835441380739212
0.00010217350841701389, -0.002430662512779236
0.00010217350841701389, -0.003660488873720169
0.00010217350841701389, -0.004121307283639908
0.00010217350841701389, -0.002835649996995926
5.669601823843351e-05, -0.002958673983812332
4.1951590067479394e-05, -0.0020912736654281616
5.869093206167797e-05, -0.0030228272080421448
7.559431507431214e-05, -0.0020499825477600098
7.559431507431214e-05, -0.0028387941420078278
7.559431507431214e-05, -0.0023437626659870148
7.559431507431214e-05, -0.002527441829442978
7.559431507431214e-05, -0.0021806955337524414
7.559431507431214e-05, -0.002426914870738983
7.559431507431214e-05, -0.0023480430245399475
7.559431507431214e-05, -0.002026952803134918
7.559431507431214e-05, -0.003249712288379669
7.559431507431214e-05, -0.0026301443576812744
7.257871281418637e-05, -0.0030218884348869324
7.159844765158851e-05, -0.0016962364315986633
7.159844765158851e-05, -0.00166306272149086
7.159844765158851e-05, -0.001392517238855362
0.00010217350841701389, -0.0009639821946620941
0.00011808840922611363, -0.0019490644335746765
0.00011808840922611363, -0.0021229200065135956
0.00011808840922611363, -0.0021564923226833344
0.00011808840922611363, -0.0023307278752326965
0.00011808840922611363, -0.0016174502670764923
0.00013626096072882898, -0.002246648073196411
0.00022212695073953181, -0.002236790955066681
0.00022212695073953181, -0.0023308880627155304
0.00022212695073953181, -0.0018255598843097687
0.00022212695073953181, -0.0022039897739887238
0.00022212695073953181, -0.0015397071838378906
0.00022212695073953181, -0.0015545785427093506
0.00022212695073953181, -0.0018345378339290619
0.00030027475973770645, -0.0024756155908107758
0.00030027475973770645, -0.0022375471889972687
0.00040067046696579123, -0.0016522109508514404
0.0005129184718051238, -0.0020825043320655823
0.0006608616047731886, -0.001534976065158844
0.0009463313173339039, -0.0011998079717159271
0.0009463313173339039, -0.0012703575193881989
0.0017543794592485007, -0.0028319135308265686
0.0017543794592485007, -0.0010358579456806183
0.0017543794592485007, -0.0008046478033065796
0.0017543794592485007, -0.001805182546377182
0.0017543794592485007, -0.002356279641389847
0.0031132214288935867, -0.0020163431763648987
0.00391645923996109, -0.0010001510381698608
0.00391645923996109, -0.0023986436426639557
0.00391645923996109, -0.0012481361627578735
0.00391645923996109, -0.00134994275867939
0.00391645923996109, -0.0014128368347883224
0.00391645923996109, -0.001567872241139412
0.00391645923996109, -0.0012680776417255402
0.00391645923996109, -0.0010664910078048706
0.004479448021349142, -0.0014255121350288391
0.004479448021349142, -0.000907599925994873
0.004479448021349142, -0.0014246217906475067
0.004479448021349142, -0.0010132789611816406
0.004479448021349142, -0.00194520503282547
0.006189556097321303, -0.0011792704463005066
0.006570444370444295, -0.0016139931976795197
0.008127906189821843, -0.0014964062720537186
0.008127906189821843, -0.001324974000453949
0.008127906189821843, -0.0011868812143802643
0.008127906189821843, -0.0015232712030410767
0.008127906189821843, -0.0018502138555049896
0.008127906189821843, -0.0015122517943382263
0.011295706152825602, -0.002071317285299301
0.009960887183701361, -0.0016206316649913788
0.009874183812021209, -0.0015179403126239777
0.009874183812021209, -0.0021203309297561646
0.009874183812021209, -0.0018012002110481262
0.009874183812021209, -0.0022832974791526794
0.009874183812021209, -0.002489231526851654
0.009874183812021209, -0.0022159069776535034
0.008884513071045985, -0.0022173821926116943
0.008884513071045985, -0.002486094832420349
0.008884513071045985, -0.002130672335624695
0.008884513071045985, -0.0020670853555202484
0.008884513071045985, -0.003336351364850998
0.008274487391451757, -0.0027914904057979584
0.0058556113067398385, -0.00322587788105011
0.003052266753837962, -0.0030310973525047302
0.003052266753837962, -0.0029961243271827698
0.003052266753837962, -0.0029779188334941864
0.003052266753837962, -0.0027470663189888
0.003052266753837962, -0.003846675157546997
0.003052266753837962, -0.003630995750427246
0.0029481847763757063, -0.003817126154899597
0.0005660442076180772, -0.003413379192352295
0.0004981872122310493, -0.0037740767002105713
0.0004981872122310493, -0.00406646728515625
0.0004981872122310493, -0.00396505743265152
0.0004754226289866992, -0.004083096981048584
0.0003889315993254039, -0.004557572305202484
0.00019972953357516587, -0.004279196262359619
6.826293514661241e-05, -0.004341721534729004
4.136110448538233e-05, -0.0046838149428367615
4.136110448538233e-05, -0.004857964813709259
4.136110448538233e-05, -0.00512569397687912
3.586504823960279e-05, -0.0053459107875823975
2.8253189662263978e-05, -0.005508482456207275
2.1355842371062472e-05, -0.005115427076816559
2.3020604867918237e-06, -0.0038089752197265625
2.2230399080447327e-06, -0.004910267889499664
2.2230399080447327e-06, -0.004682533442974091
2.2230399080447327e-06, -0.005351215600967407
7.899444227632557e-07, -0.005264967679977417
7.899444227632557e-07, -0.004978254437446594
7.899444227632557e-07, -0.004851900041103363
7.899444227632557e-07, -0.00416150689125061
7.899444227632557e-07, -0.004392541944980621
7.899444227632557e-07, -0.004286438226699829
7.899444227632557e-07, -0.005054652690887451
7.899444227632557e-07, -0.005667105317115784
7.899444227632557e-07, -0.005356267094612122
7.899444227632557e-07, -0.005543529987335205
7.899444227632557e-07, -0.005289435386657715
7.899444227632557e-07, -0.004905879497528076
7.899444227632557e-07, -0.005828678607940674
7.899444227632557e-07, -0.006069809198379517
7.899444227632557e-07, -0.007522523403167725
7.899444227632557e-07, -0.005217432975769043
7.899444227632557e-07, -0.006346806883811951
7.899444227632557e-07, -0.0047690123319625854
7.899444227632557e-07, -0.005356326699256897
7.899444227632557e-07, -0.005373358726501465
7.899444227632557e-07, -0.0055474936962127686
2.2230399080447327e-06, -0.006499767303466797
2.2230399080447327e-06, -0.004909798502922058
2.2230399080447327e-06, -0.004126802086830139
2.2230399080447327e-06, -0.003827005624771118
2.2230399080447327e-06, -0.004647403955459595
2.2230399080447327e-06, -0.00411204993724823
2.2230399080447327e-06, -0.004625096917152405
2.2230399080447327e-06, -0.005283087491989136
2.2230399080447327e-06, -0.0038066506385803223
2.2230399080447327e-06, -0.00413946807384491
2.4945374525908726e-05, -0.003185555338859558
6.826293514661241e-05, -0.003111928701400757
3.991838791062019e-05, -0.004747211933135986
6.826293514661241e-05, -0.004435807466506958
3.991838791062019e-05, -0.004482388496398926
3.7830394781224186e-06, -0.0032223165035247803
3.7830394781224186e-06, -0.0031108856201171875
3.991838791062019e-05, -0.002589583396911621
2.4466429471292628e-06, -0.0031365156173706055
2.4466429471292628e-06, -0.003440558910369873
2.2230399080447327e-06, -0.003487110137939453
1.6167905643182934e-06, -0.0034043490886688232
1.6167905643182934e-06, -0.00272214412689209
6.0303579907383664e-09, -0.0025658905506134033
6.0303579907383664e-09, -0.0026613473892211914
2.5757174171303632e-14, -0.002579033374786377
2.5757174171303632e-14, -0.0029447972774505615
2.5757174171303632e-14, -0.002610445022583008
2.5757174171303632e-14, -0.002553701400756836
1.27675647831893e-14, -0.0023269057273864746
8.548717289613705e-15, -0.0027890801429748535
8.548717289613705e-15, -0.002325594425201416
8.548717289613705e-15, -0.0023163259029388428
8.548717289613705e-15, -0.0031593143939971924
6.772360450213455e-15, -0.0022176802158355713
4.440892098500626e-15, -0.0022482573986053467
1.5543122344752192e-15, -0.0013533830642700195
1.4432899320127035e-15, -0.0017799437046051025
1.4432899320127035e-15, -0.001505434513092041
1.1102230246251565e-15, -0.0025472640991210938
1.1102230246251565e-15, -0.0016346573829650879
1.1102230246251565e-15, -0.0020456910133361816
1.1102230246251565e-15, -0.0009580552577972412
1.1102230246251565e-15, -0.0009131431579589844
1.1102230246251565e-15, -9.5367431640625e-06
1.1102230246251565e-15, -0.00048279762268066406
1.1102230246251565e-15, -7.486343383789062e-05
1.1102230246251565e-15, -0.0007994472980499268
1.1102230246251565e-15, 0.0004170835018157959
1.1102230246251565e-15, 0.00041809678077697754
1.1102230246251565e-15, -0.0003237128257751465
1.1102230246251565e-15, 0.00018024444580078125
1.1102230246251565e-15, 0.0010217130184173584
1.1102230246251565e-15, 0.0009213089942932129
1.1102230246251565e-15, 0.0016090869903564453
1.1102230246251565e-15, 0.002740830183029175
1.1102230246251565e-15, 0.0026440322399139404
1.1102230246251565e-15, 0.003960371017456055
1.1102230246251565e-15, 0.0037961602210998535
1.1102230246251565e-15, 0.0022986233234405518
1.1102230246251565e-15, 0.003100663423538208
1.1102230246251565e-15, 0.003734380006790161
1.1102230246251565e-15, 0.0029141008853912354
1.1102230246251565e-15, 0.004329085350036621
1.1102230246251565e-15, 0.0049009621143341064
1.1102230246251565e-15, 0.0039035677909851074
1.1102230246251565e-15, 0.00574919581413269
1.1102230246251565e-15, 0.005661040544509888
1.4432899320127035e-15, 0.007277548313140869
1.4432899320127035e-15, 0.005552917718887329
1.4432899320127035e-15, 0.007968604564666748
1.4432899320127035e-15, 0.0076375603675842285
1.4432899320127035e-15, 0.007602602243423462
1.4432899320127035e-15, 0.008326530456542969
1.4432899320127035e-15, 0.007559984922409058
1.4432899320127035e-15, 0.008093953132629395
1.5543122344752192e-15, 0.009009838104248047
1.5543122344752192e-15, 0.008462399244308472
1.5543122344752192e-15, 0.006607562303543091
1.5543122344752192e-15, 0.007843852043151855
1.5543122344752192e-15, 0.008766740560531616
1.5543122344752192e-15, 0.008240193128585815
1.5543122344752192e-15, 0.009005844593048096
1.5543122344752192e-15, 0.009253978729248047
1.5543122344752192e-15, 0.010305970907211304
1.5543122344752192e-15, 0.01062917709350586
1.5543122344752192e-15, 0.009701967239379883
1.5543122344752192e-15, 0.00996348261833191
1.4432899320127035e-15, 0.012180209159851074
1.4432899320127035e-15, 0.011414498090744019
1.4432899320127035e-15, 0.011097162961959839
1.4432899320127035e-15, 0.012481629848480225
1.4432899320127035e-15, 0.011920750141143799
1.4432899320127035e-15, 0.010685443878173828
1.5543122344752192e-15, 0.010228842496871948
4.9960036108132044e-15, 0.011662125587463379
7.993605777301127e-15, 0.009275346994400024
8.548717289613705e-15, 0.01069691777229309
8.548717289613705e-15, 0.011286526918411255
8.548717289613705e-15, 0.012069106101989746
8.548717289613705e-15, 0.012887507677078247
8.548717289613705e-15, 0.012681156396865845
8.548717289613705e-15, 0.012317180633544922
8.548717289613705e-15, 0.01181262731552124
8.548717289613705e-15, 0.013225823640823364
8.548717289613705e-15, 0.014669060707092285
8.548717289613705e-15, 0.013415157794952393
5.995204332975845e-15, 0.014948815107345581
5.995204332975845e-15, 0.013083994388580322
1.0658141036401503e-14, 0.013475954532623291
1.3988810110276972e-14, 0.012158423662185669
1.3988810110276972e-14, 0.014104336500167847
1.3988810110276972e-14, 0.01449209451675415
1.3988810110276972e-14, 0.01347893476486206
1.3988810110276972e-14, 0.013421714305877686
1.3988810110276972e-14, 0.014395534992218018
1.3988810110276972e-14, 0.01337963342666626
1.3988810110276972e-14, 0.015619993209838867
1.3988810110276972e-14, 0.01482248306274414
1.3988810110276972e-14, 0.01644819974899292
1.3988810110276972e-14, 0.015706956386566162
1.3988810110276972e-14, 0.015870511531829834
1.3988810110276972e-14, 0.014007329940795898
1.3988810110276972e-14, 0.014867380261421204
7.982503547054876e-14, 0.013491123914718628
9.114931032172535e-14, 0.012589514255523682
9.114931032172535e-14, 0.015212953090667725
9.114931032172535e-14, 0.016308754682540894
9.114931032172535e-14, 0.015648692846298218
9.114931032172535e-14, 0.01531153917312622
9.914291609902648e-14, 0.015540361404418945
9.914291609902648e-14, 0.014727532863616943
9.914291609902648e-14, 0.016884326934814453
9.914291609902648e-14, 0.017344385385513306
9.914291609902648e-14, 0.019222259521484375
9.914291609902648e-14, 0.018552333116531372
9.914291609902648e-14, 0.014491647481918335
9.914291609902648e-14, 0.014892429113388062
9.914291609902648e-14, 0.014361053705215454
9.914291609902648e-14, 0.0166933536529541
9.914291609902648e-14, 0.016606569290161133
7.982503547054876e-14, 0.017650723457336426
7.982503547054876e-14, 0.01660972833633423
9.914291609902648e-14, 0.015493139624595642
1.432187701766452e-13, 0.014347374439239502
2.384759056894836e-13, 0.013195589184761047
2.384759056894836e-13, 0.015335917472839355
2.384759056894836e-13, 0.01719486713409424
2.384759056894836e-13, 0.016238242387771606
2.384759056894836e-13, 0.015769124031066895
2.384759056894836e-13, 0.014842838048934937
2.384759056894836e-13, 0.012559905648231506
4.169997680492088e-13, 0.012112259864807129
1.2088108292118704e-12, 0.013971149921417236
1.2088108292118704e-12, 0.014953762292861938
1.2088108292118704e-12, 0.014570385217666626
1.2088108292118704e-12, 0.012457847595214844
1.2088108292118704e-12, 0.013503745198249817
3.15591996979947e-12, 0.009976670145988464
3.334832410217814e-11, 0.010489195585250854
5.032607663935096e-11, 0.01160702109336853
5.032607663935096e-11, 0.011831775307655334
5.032607663935096e-11, 0.014460548758506775
5.032607663935096e-11, 0.015163987874984741
5.032607663935096e-11, 0.013138532638549805
5.032607663935096e-11, 0.010173097252845764
5.032607663935096e-11, 0.01144266128540039
5.032607663935096e-11, 0.014392182230949402
5.032607663935096e-11, 0.011478498578071594
5.032607663935096e-11, 0.013199388980865479
2.896238804339646e-11, 0.01286625862121582
1.4588996677389332e-11, 0.010174974799156189
8.495426584431698e-11, 0.010006293654441833
1.1123146848035503e-09, 0.007962413132190704
1.8570832649444924e-09, 0.009743601083755493
1.8570832649444924e-09, 0.010057851672172546
4.4843588842269355e-09, 0.008685320615768433
1.4535613490629373e-08, 0.007111541926860809
1.4535613490629373e-08, 0.008165508508682251
2.397609966120484e-08, 0.007048174738883972
5.54545502851056e-08, 0.006590463221073151
5.54545502851056e-08, 0.006191432476043701
5.54545502851056e-08, 0.008697949349880219
7.19099890744701e-08, 0.007851235568523407
7.19099890744701e-08, 0.008157707750797272
2.2401102217628477e-07, 0.00592920184135437
1.5739217508192738e-06, 0.002914898097515106
3.7513427352253714e-06, 0.004911340773105621
3.7513427352253714e-06, 0.005956433713436127
3.7513427352253714e-06, 0.006086304783821106
5.062388141019447e-06, 0.006587661802768707
7.298359070762039e-06, 0.006623886525630951
1.0262987423459435e-05, 0.0061226487159729
1.8808096243772e-05, 0.003550812602043152
3.586504823960279e-05, 0.0050018951296806335
3.586504823960279e-05, 0.0033216848969459534
3.586504823960279e-05, 0.005206674337387085
3.586504823960279e-05, 0.006087146699428558
3.586504823960279e-05, 0.007193706929683685
3.586504823960279e-05, 0.00626198947429657
3.586504823960279e-05, 0.005849018692970276
4.285196376174749e-05, 0.004712633788585663
6.596890051324689e-05, 0.0043792277574539185
7.508381792276086e-05, 0.0055671557784080505
7.508381792276086e-05, 0.004890561103820801
7.508381792276086e-05, 0.003803148865699768
0.00012280906752526466, 0.003127641975879669
0.0001260521411330373, 0.0006340742111206055
0.00033282553997771025, 9.819865226745605e-05
0.00048668279448949026, -0.0012261196970939636
0.00048668279448949026, -6.02230429649353e-05
0.00048668279448949026, 0.0025915727019309998
0.00048668279448949026, 0.002568744122982025
0.0006349758688410923, 0.001592978835105896
0.001062050984227847, 0.0005728602409362793
0.002847320128864461, -0.0004554241895675659
0.004925076174960408, 0.0005604103207588196
0.0055121150572514654, 0.0004164949059486389
0.005937550214164311, -0.00030332058668136597
0.00900322261691422, 0.00024178624153137207
0.011442387240093721, -0.0019975677132606506
0.018191646824093022, -0.0018718168139457703
0.01988140112633696, -0.003483913838863373
0.01988140112633696, -0.001062840223312378
0.019643184835193228, -0.0006346479058265686
0.012305653333988809, -0.0008601769804954529
0.011102705888383024, -0.0008179917931556702
0.01035941642400584, -0.0010009557008743286
0.006877525931714645, -0.0012888312339782715
0.005334733989187379, -0.003076314926147461
0.0031286308689999487, -0.0021862387657165527
0.0028615357585625167, -0.0020943135023117065
0.003222542882736712, -0.0013408958911895752
0.003222542882736712, -0.002494722604751587
0.003222542882736712, -0.0021603479981422424
0.003222542882736712, -0.004578337073326111
0.003222542882736712, -0.005583330988883972
0.003222542882736712, -0.004417255520820618
0.003222542882736712, -0.006199195981025696
0.003222542882736712, -0.005971074104309082
0.003222542882736712, -0.006369560956954956
0.003222542882736712, -0.006574369966983795
0.0020492256759083727, -0.005548626184463501
0.0013836901495118958, -0.004910796880722046
0.00129765617810218, -0.004417292773723602
0.0009103876254351606, -0.002439245581626892
0.001256485945691832, -0.0023140907287597656
0.001256485945691832, -0.0033100247383117676
0.001588101046923196, -0.0016308948397636414
0.0020703914715543004, -0.00260317325592041
0.0020703914715543004, -0.003592848777770996
0.0020703914715543004, -0.0023408085107803345
0.0020703914715543004, -0.0025026798248291016
0.0030221955089833052, -0.001046605408191681
0.004311597174594506, -0.0014411881566047668
0.005668342777828461, -0.001154191792011261
0.005668342777828461, -0.0020234882831573486
0.005668342777828461, -0.0017959177494049072
0.005668342777828461, -0.0012432262301445007
0.005668342777828461, -0.002446286380290985
0.005668342777828461, -0.0020686686038970947
0.005668342777828461, -0.0027987733483314514
0.005668342777828461, -0.0004784688353538513
0.0063921243124474, 0.00020023435354232788
0.007771483541620272, 0.0006557554006576538
0.014324811238330848, 0.001545153558254242
0.02510824627832753, 0.0013240799307823181
0.03032110784769526, 0.0008698552846908569
0.03032110784769526, 0.00017408281564712524
0.03032110784769526, 0.0018676221370697021
0.0245269927113817, 0.002107486128807068
0.014566169458657297, 0.0024453625082969666
0.009660331736972005, 0.002593696117401123
0.007983632894777104, 0.004359215497970581
0.004149427960502439, 0.003975227475166321
0.0026416070051455964, 0.002121187746524811
0.0026416070051455964, 0.002456754446029663
0.0026416070051455964, 0.002316102385520935
0.0024742969639213186, 0.0024983659386634827
0.0004838450386421833, 0.002539724111557007
0.0004838450386421833, 0.00364898145198822
0.0004838450386421833, 0.004165425896644592
0.00013892952883787224, 0.0033331960439682007
6.159288638607485e-05, 0.0036639198660850525
6.159288638607485e-05, 0.0038149654865264893
6.159288638607485e-05, 0.0032410621643066406
6.159288638607485e-05, 0.0034183263778686523
6.159288638607485e-05, 0.00417037308216095
4.3462113626824284e-05, 0.003271549940109253
2.3000645080650806e-05, 0.0024680644273757935
7.536135951724532e-06, 0.0028973668813705444
7.536135951724532e-06, 0.003414824604988098
7.536135951724532e-06, 0.0027508288621902466
7.536135951724532e-06, 0.0032453536987304688
7.536135951724532e-06, 0.0032897740602493286
9.339314501533025e-06, 0.0031604915857315063
9.487687943177114e-06, 0.0026313960552215576
9.487687943177114e-06, 0.0033614635467529297
9.487687943177114e-06, 0.0029165372252464294
9.487687943177114e-06, 0.0026360750198364258
9.487687943177114e-06, 0.003585219383239746
9.487687943177114e-06, 0.003690749406814575
9.487687943177114e-06, 0.003856450319290161
9.487687943177114e-06, 0.002086341381072998
9.487687943177114e-06, 0.0033030658960342407
9.487687943177114e-06, 0.00351715087890625
7.657704846009139e-06, 0.0020475685596466064
7.657704846009139e-06, 0.0035685300827026367
7.657704846009139e-06, 0.0037189126014709473
6.415226287082021e-06, 0.004351511597633362
1.6459685251435374e-06, 0.003290414810180664
1.6459685251435374e-06, 0.00240933895111084
1.6459685251435374e-06, 0.003159940242767334
1.6459685251435374e-06, 0.0026097893714904785
2.6656259832780194e-07, 0.0023659467697143555
1.8981402438722483e-07, 0.0027664005756378174
3.827707750758691e-08, 0.0023003071546554565
1.4419565541601287e-09, 0.0022294968366622925
1.6080592413203476e-10, 0.0007707774639129639
1.1869083493820654e-10, 0.0012324601411819458
1.1869083493820654e-10, 0.000834047794342041
1.1869083493820654e-10, 0.0005359649658203125
8.141021190510855e-11, 0.0011343806982040405
1.284217177044411e-11, 0.0007682293653488159
9.390821453791887e-12, -7.815659046173096e-05
4.470868120165505e-12, 9.362399578094482e-05
4.470868120165505e-12, 8.240342140197754e-06
4.470868120165505e-12, 0.00033977627754211426
4.470868120165505e-12, -0.00046515464782714844
4.470868120165505e-12, -0.00047172605991363525
2.4097390749489023e-12, -0.00013746321201324463
1.8846035843012032e-12, -6.799399852752686e-05
1.8846035843012032e-12, 0.0002275407314300537
6.98663349396611e-12, 0.00020635128021240234
2.5102031564472327e-11, -0.0005231499671936035
2.5102031564472327e-11, -0.00012020766735076904
2.5102031564472327e-11, -0.0018624067306518555
2.5102031564472327e-11, 0.00031219422817230225
2.5102031564472327e-11, -0.0003959536552429199
2.5102031564472327e-11, -0.0017111897468566895
2.5102031564472327e-11, -0.0012453645467758179
2.5102031564472327e-11, -0.0016715973615646362
2.5102031564472327e-11, -0.0028766393661499023
2.5102031564472327e-11, -0.0005814135074615479
1.0710765607768735e-11, -0.00011624395847320557
1.0710765607768735e-11, -0.0009914040565490723
1.2515211089692002e-11, -0.0017063170671463013
2.3921975511598248e-11, -0.0010796785354614258
2.3921975511598248e-11, -0.0009774714708328247
2.3921975511598248e-11, -0.0009489655494689941
2.3921975511598248e-11, -0.00033035874366760254
1.1390155485457854e-10, 0.00017324090003967285
1.1869083493820654e-10, -0.00046400725841522217
1.1869083493820654e-10, -0.0010907799005508423
1.1869083493820654e-10, -0.0006790906190872192
1.1869083493820654e-10, -0.001302182674407959
1.1869083493820654e-10, -0.0007591098546981812
1.1869083493820654e-10, -0.000273093581199646
2.2014279288384841e-10, -0.00014647841453552246
4.890655658229548e-10, -0.00107613205909729
4.890655658229548e-10, -0.0012054294347763062
4.890655658229548e-10, -0.0009217262268066406
8.666121154021766e-10, -0.0010382235050201416
8.666121154021766e-10, -0.0008152499794960022
8.666121154021766e-10, -0.00036272406578063965
8.666121154021766e-10, -2.4050474166870117e-05
8.666121154021766e-10, 0.00017128139734268188
8.666121154021766e-10, 5.634874105453491e-05
8.666121154021766e-10, -0.0001453608274459839
5.8647526834931796e-09, 0.00016030669212341309
1.380860470412415e-08, 0.0005089715123176575
1.380860470412415e-08, 0.00014714151620864868
2.7409740699368967e-08, -0.0004108250141143799
4.83199575906923e-08, 0.00028064846992492676
4.83199575906923e-08, 0.0006537064909934998
4.83199575906923e-08, -0.00018724054098129272
4.83199575906923e-08, 0.0008999928832054138
5.001969849427468e-08, 0.0011099278926849365
5.001969849427468e-08, 0.0008838847279548645
6.875844338338766e-08, 0.0016219615936279297
6.875844338338766e-08, 0.0012634694576263428
6.875844338338766e-08, 0.0011571496725082397
6.875844338338766e-08, 0.0016360655426979065
6.875844338338766e-08, 0.0012232735753059387
6.875844338338766e-08, 0.0012066438794136047
6.875844338338766e-08, 0.00010225176811218262
2.0412965540117511e-07, 0.0007323324680328369
2.0412965540117511e-07, 0.0010746195912361145
2.0412965540117511e-07, 0.0007982030510902405
2.0412965540117511e-07, -0.00018139183521270752
2.0412965540117511e-07, 0.0005701035261154175
2.3341255217523837e-07, 0.00023024529218673706
5.824112420116379e-07, 0.000477522611618042
1.1995195524638902e-06, 0.0006187185645103455
1.3502544889965051e-06, 0.0001379847526550293
1.4000557506665956e-06, 0.0001423358917236328
2.2036815737758175e-06, -0.0006846487522125244
4.5088748522603694e-06, -0.001712024211883545
8.836820513669075e-06, 3.458559513092041e-05
1.4207824997725105e-05, -7.484108209609985e-05
1.4207824997725105e-05, 0.00019540637731552124
1.4207824997725105e-05, 0.0003301277756690979
1.4207824997725105e-05, 0.00035603344440460205
1.4207824997725105e-05, -0.000705525279045105
1.4207824997725105e-05, -1.0915100574493408e-05
1.4207824997725105e-05, -0.0006475634872913361
2.4400382406697396e-05, -0.0003590621054172516
2.704185726654096e-05, 0.0002283938229084015
2.704185726654096e-05, 0.0007776170969009399
2.704185726654096e-05, 0.00025069713592529297
2.704185726654096e-05, -0.00011819973587989807
2.704185726654096e-05, -0.0019810423254966736
6.374622741989189e-05, -0.0012424252927303314
0.00013021694925219318, -0.0007710419595241547
0.00013021694925219318, -0.0003283843398094177
0.00013021694925219318, -0.0013180561363697052
0.00013021694925219318, -0.0030404701828956604
0.00013021694925219318, -0.004422202706336975
0.000375262572319901, -0.004961434751749039
0.000890411059328633, -0.0025419555604457855
0.0012363486849246152, -0.00237954780459404
0.0012363486849246152, -0.0025531090795993805
0.0012363486849246152, -0.0022394321858882904
0.0012363486849246152, -0.0017773173749446869
0.0012363486849246152, -0.002821311354637146
0.0012363486849246152, -0.0022158361971378326
0.0012363486849246152, -0.002261810004711151
0.0012363486849246152, -0.001793157309293747
0.0012363486849246152, -0.0013615339994430542
0.0012363486849246152, 0.00015570223331451416
0.0009463313173339039, 0.0008761696517467499
0.0009463313173339039, 0.0006617158651351929
0.0009463313173339039, -0.0012293234467506409
0.0009463313173339039, -0.002065032720565796
0.0009463313173339039, -7.028505206108093e-05
0.0009463313173339039, 0.0020975396037101746
0.0008660022060483774, 0.001831144094467163
0.0005660442076180772, 0.0009968280792236328
0.0003021052617863118, 0.0020069703459739685
7.111291078187865e-05, -1.9408762454986572e-05
7.111291078187865e-05, 0.0016888640820980072
7.111291078187865e-05, 0.0011571794748306274
7.111291078187865e-05, 0.001843869686126709
7.111291078187865e-05, 0.0019870325922966003
1.4537667103686758e-05, 0.0026086270809173584
9.41322949565837e-06, 0.002238251268863678
9.41322949565837e-06, 0.000951029360294342
8.767122780972691e-06, 0.0014500319957733154
8.767122780972691e-06, 0.00208447128534317
8.767122780972691e-06, 0.0013439357280731201
8.767122780972691e-06, 0.0020266175270080566
8.767122780972691e-06, 0.0015102103352546692
8.767122780972691e-06, 0.001722671091556549
8.767122780972691e-06, 0.0021127313375473022
7.124621188570046e-06, 0.0013379380106925964
7.124621188570046e-06, 0.001664973795413971
7.124621188570046e-06, 0.0009831488132476807
8.22765486307997e-06, 0.0009444057941436768
1.557040760202799e-05, 0.0021390244364738464
1.770961613722921e-05, 0.0019711554050445557
3.852239061530316e-05, 0.0006810277700424194
6.6877835541157e-05, 0.0008933991193771362
6.6877835541157e-05, 0.0014680251479148865
6.6877835541157e-05, 0.0008599534630775452
6.6877835541157e-05, 0.001048445701599121
8.033504806403968e-05, 0.0018444284796714783
8.033504806403968e-05, 0.001451641321182251
8.033504806403968e-05, -0.0006937757134437561
9.186809200678603e-05, 0.0009925663471221924
9.186809200678603e-05, 0.0016481801867485046
9.186809200678603e-05, 0.0024980977177619934
9.186809200678603e-05, 0.0017242282629013062
9.186809200678603e-05, 0.0014905557036399841
9.186809200678603e-05, 0.0017442777752876282
0.00010986561148784713, 0.00014507770538330078
0.00010986561148784713, 0.00010108202695846558
0.00010986561148784713, 0.0011286437511444092
0.00010986561148784713, 0.0013195797801017761
0.00010986561148784713, 0.0012516751885414124
0.00013714518884277993, 0.001568332314491272
0.00013714518884277993, 0.0010027959942817688
0.00013714518884277993, 0.0005932152271270752
0.00013714518884277993, 0.0001481175422668457
0.00013714518884277993, 0.0014545172452926636
0.00013714518884277993, 0.0015675649046897888
0.00013714518884277993, 0.002987198531627655
0.00013714518884277993, 0.003249324858188629
0.00013714518884277993, 0.0029245615005493164
0.00013714518884277993, 0.0025864019989967346
0.00011731809158266326, 0.004020974040031433
0.00011731809158266326, 0.0040179044008255005
6.6877835541157e-05, 0.003615334630012512
1.6545249322708067e-05, 0.004127934575080872
1.1096848598124431e-05, 0.003346756100654602
1.1096848598124431e-05, 0.00281408429145813
1.938077544949568e-05, 0.0024743452668190002
4.136110448538233e-05, 0.0013844966888427734
4.6964112363045984e-05, 0.002593994140625
5.8286835614707044e-05, 0.002580881118774414
5.8286835614707044e-05, 0.0018534660339355469
9.248297391051263e-05, 0.0022568926215171814
0.0001738312285872734, 0.002184353768825531
0.0003959363885525091, 0.0003334060311317444
0.0005249899782641121, 0.0022048428654670715
0.0005249899782641121, 0.001753680408000946
0.0005249899782641121, 0.0022277384996414185
0.0005249899782641121, 0.0017429068684577942
0.0005249899782641121, 0.0023329555988311768
0.0005249899782641121, 0.0009049177169799805
0.0005249899782641121, 0.0015241950750350952
0.0005249899782641121, 0.0011190325021743774
0.0005249899782641121, 0.0014402493834495544
0.0005249899782641121, 0.001718662679195404
0.00040545651619083856, 0.0013640522956848145
0.00035134369443756697, 0.0017518550157546997
0.0005927494275814738, 0.0009455084800720215
0.0014362341990095118, 0.0009379163384437561
0.004149427960502439, -0.000892050564289093
0.004149427960502439, 0.0003141835331916809
0.007771483541620272, -0.00017646700143814087
0.01879095265568742, 0.00027517974376678467
0.02136447505312089, 0.00014831125736236572
0.026820751318513025, -0.0006025582551956177
0.047864476176387116, 0.000356525182723999
0.0586469685617107, -0.0005947351455688477
0.032951098968385883, -0.0013862699270248413
0.01438481947552428, -0.0018144547939300537
0.01438481947552428, -0.0009201020002365112
0.007983632894777104, -0.00044476985931396484
0.0030072604762508837, -0.0007940083742141724
0.0025631561572688755, -0.0014240443706512451
0.0019064647529748457, -0.001190468668937683
0.0008235975894267389, -0.0019446462392807007
0.00035134369443756697, -0.0012525618076324463
0.000188732984525819, -0.0021312981843948364
5.950690026301775e-05, -0.0019159018993377686
4.136110448538233e-05, -0.002474471926689148
4.136110448538233e-05, -0.0026167333126068115
4.136110448538233e-05, -0.0026345252990722656
1.8114362046128818e-05, -0.0032448768615722656
9.868262233592162e-06, -0.0029897093772888184
9.265939290847847e-06, -0.003628775477409363
7.906327999296359e-06, -0.00361768901348114
7.906327999296359e-06, -0.003747597336769104
7.906327999296359e-06, -0.003359496593475342
3.879626473191067e-06, -0.004022002220153809
1.799323643192352e-06, -0.002712041139602661
1.4779599203373905e-06, -0.0027430355548858643
1.4779599203373905e-06, -0.004063069820404053
5.496561820139689e-07, -0.0038091540336608887
4.1412310070043645e-07, -0.0030883848667144775
4.1412310070043645e-07, -0.0029640644788742065
4.223652146917445e-07, -0.0015848278999328613
7.186834570793721e-07, -0.0016461759805679321
2.809303561668308e-06, -0.002757325768470764
2.809303561668308e-06, -0.0032039880752563477
2.809303561668308e-06, -0.002136901021003723
2.809303561668308e-06, -0.0023800134658813477
2.809303561668308e-06, -0.004144161939620972
2.809303561668308e-06, -0.002816721796989441
2.809303561668308e-06, -0.004589959979057312
2.809303561668308e-06, -0.0023632794618606567
2.809303561668308e-06, -0.0024865567684173584
2.809303561668308e-06, -0.002678900957107544
1.799323643192352e-06, -0.0029734671115875244
8.758803812236593e-07, -0.00277496874332428
3.751100049464995e-07, -0.0037370622158050537
2.3581958152885107e-07, -0.0029462873935699463
2.3581958152885107e-07, -0.0039053261280059814
2.3581958152885107e-07, -0.003641173243522644
2.3581958152885107e-07, -0.003538981080055237
2.149625355496454e-07, -0.002919122576713562
2.0840042913583545e-07, -0.0030602961778640747
1.0461654953441979e-07, -0.0025928616523742676
8.589750333243273e-08, -0.0023932605981826782
8.589750333243273e-08, -0.002736896276473999
8.589750333243273e-08, -0.002246163785457611
8.589750333243273e-08, -0.0019361674785614014
7.271843438516612e-08, -0.0024616122245788574
7.271843438516612e-08, -0.003011852502822876
7.271843438516612e-08, -0.003780454397201538
7.271843438516612e-08, -0.002672642469406128
7.271843438516612e-08, -0.0030169039964675903
7.271843438516612e-08, -0.0018346160650253296
7.271843438516612e-08, -0.0019538551568984985
7.271843438516612e-08, -0.002309843897819519
7.271843438516612e-08, -0.00307522714138031
4.888054494500693e-08, -0.003460422158241272
4.888054494500693e-08, -0.0026501715183258057
4.888054494500693e-08, -0.0031212270259857178
4.888054494500693e-08, -0.0017736703157424927
4.888054494500693e-08, -0.001975327730178833
4.888054494500693e-08, -0.0021801739931106567
4.888054494500693e-08, -0.002363160252571106
9.077441465166203e-09, -0.001828119158744812
9.077441465166203e-09, -0.0015372037887573242
9.077441465166203e-09, -0.0012315213680267334
9.077441465166203e-09, -0.0014194399118423462
9.077441465166203e-09, -0.0010762661695480347
9.077441465166203e-09, -0.0011590272188186646
9.077441465166203e-09, -0.0004437863826751709
9.077441465166203e-09, -0.0003493279218673706
7.722307793223138e-09, 0.0004996657371520996
2.8765822723819667e-08, 0.0007859766483306885
3.091529610088628e-08, 0.0007989853620529175
5.118323065378405e-08, 0.0008126050233840942
9.379718479696209e-08, 0.000610649585723877
1.0348481116473351e-07, 0.0007528215646743774
1.0461654953441979e-07, -5.9098005294799805e-05
1.522662660402574e-07, 0.0012871921062469482
3.8643909372471086e-07, 0.0014785081148147583
5.086432566248078e-07, 0.0011103004217147827
9.614596869766956e-07, 0.000650942325592041
9.614596869766956e-07, 0.0014934837818145752
9.614596869766956e-07, 0.001234889030456543
1.0164681085722549e-06, 0.0009102076292037964
2.0724868800003904e-06, 0.0025114715099334717
3.7513427352253714e-06, 0.0008351132273674011
4.938724534664374e-06, 0.0022251009941101074
4.938724534664374e-06, 0.0025437399744987488
8.836820513669075e-06, 0.0022474080324172974
1.1271002044010991e-05, 0.0024687424302101135
1.4207824997725105e-05, 0.0035953521728515625
3.852239061530316e-05, 0.002476893365383148
0.00010630534362743305, 0.0035981088876724243
0.00010630534362743305, 0.0026719197630882263
0.00010630534362743305, 0.003103911876678467
0.00010630534362743305, 0.0020203739404678345
0.00010630534362743305, 0.0025431662797927856
0.00010630534362743305, 0.003412961959838867
0.0002984544710438186, 0.003304719924926758
0.0004352933800180203, 0.00404917448759079
0.0004352933800180203, 0.0030597448348999023
0.0004352933800180203, 0.0034149587154388428
0.000504032499818341, 0.002264469861984253
0.0005792558573752826, 0.003994554281234741
0.0007919350140852544, 0.003266938030719757
0.0030371975129780404, 0.002651013433933258
0.006421540865131026, 0.003180980682373047
0.00672242147198443, 0.0028121918439865112
0.00672242147198443, 0.0034530088305473328
0.00672242147198443, 0.004050873219966888
0.00672242147198443, 0.003869764506816864
0.00672242147198443, 0.0028982162475585938
0.00672242147198443, 0.0024285614490509033
0.00892392815920029, 0.00344279408454895
0.00892392815920029, 0.0037700459361076355
0.00892392815920029, 0.004378877580165863
0.00892392815920029, 0.004690162837505341
0.00892392815920029, 0.004028946161270142
0.00892392815920029, 0.003264188766479492
0.00892392815920029, 0.00272253155708313
0.016090652359585622, 0.004026651382446289
0.016090652359585622, 0.004792846739292145
0.016090652359585622, 0.003618404269218445
0.016090652359585622, 0.004794754087924957
0.016090652359585622, 0.005112864077091217
0.016090652359585622, 0.005001150071620941
0.016090652359585622, 0.003998816013336182
0.016090652359585622, 0.004453226923942566
0.016090652359585622, 0.003929764032363892
0.016090652359585622, 0.0039275288581848145
0.00900322261691422, 0.004119552671909332
0.008348653086156288, 0.00433831661939621
0.008348653086156288, 0.00357644259929657
0.008348653086156288, 0.0021525919437408447
0.01739495487096454, 0.002713710069656372
0.019097033845913436, 0.0030810534954071045
0.019097033845913436, 0.0026016831398010254
0.019097033845913436, 0.002605423331260681
0.019097033845913436, 0.0026431232690811157
0.019097033845913436, 0.0020941942930221558
0.018715106649132673, 0.0008706152439117432
0.015632198593811375, 0.001585632562637329
0.011841758554024917, 0.0019489079713821411
0.009702772144852934, 0.002590775489807129
0.009702772144852934, 0.0024437010288238525
0.009702772144852934, 0.002461552619934082
0.009702772144852934, 0.00202372670173645
0.013852598422149698, 0.002447083592414856
0.013852598422149698, 0.001775979995727539
0.013852598422149698, 0.0017212778329849243
0.013852598422149698, 0.0022851228713989258
0.013852598422149698, 0.0009443908929824829
0.013852598422149698, 0.0004495084285736084
0.013852598422149698, 0.0007668435573577881
0.013852598422149698, 0.0009022653102874756
0.013852598422149698, 0.0007649362087249756
0.013852598422149698, 0.001215919852256775
0.006846252247635243, 0.0010256320238113403
0.004373866235215185, 0.0014907121658325195
0.004373866235215185, 0.0020745843648910522
0.005937550214164311, 0.0016928687691688538
0.00630459535615957, 0.002016782760620117
0.00630459535615957, 0.0017309486865997314
0.00630459535615957, 0.002302020788192749
0.006451078236213936, 0.0023369938135147095
0.007876924101195115, 0.0007702857255935669
0.007876924101195115, 0.0009557157754898071
0.007876924101195115, 0.001475512981414795
0.007876924101195115, 0.0010313540697097778
0.009450578128439302, 0.001937679946422577
0.009450578128439302, 0.0010068640112876892
0.009450578128439302, 0.001187540590763092
0.009450578128439302, 0.0010324940085411072
0.009450578128439302, 0.0007511302828788757
0.009450578128439302, 0.001120142638683319
0.009450578128439302, 0.0014419332146644592
0.009450578128439302, 0.0022372081875801086
0.010314452202608959, 0.0016706734895706177
0.010314452202608959, 0.001578792929649353
0.010314452202608959, 0.0016781613230705261
0.010314452202608959, 0.0022527575492858887
0.010314452202608959, 0.001295037567615509
0.010314452202608959, 0.002105727791786194
0.010314452202608959, 0.003004513680934906
0.010912613617227396, 0.002265259623527527
0.010912613617227396, 0.002538062632083893
0.010912613617227396, 0.002362772822380066
0.010912613617227396, 0.0024521946907043457
0.010912613617227396, 0.0016760528087615967
0.010912613617227396, 0.002737604081630707
0.009043103002256525, 0.002446316182613373
0.009043103002256525, 0.002665475010871887
0.010912613617227396, 0.002776622772216797
0.010912613617227396, 0.002933114767074585
0.009409113394030166, 0.003132075071334839
0.009409113394030166, 0.00268515944480896
0.009409113394030166, 0.003054685890674591
0.009409113394030166, 0.0030748918652534485
0.009409113394030166, 0.0027156993746757507
0.009409113394030166, 0.001980602741241455
0.007771483541620272, 0.0016691982746124268
0.005747933908544778, 0.0019536688923835754
0.005747933908544778, 0.002552121877670288
0.005747933908544778, 0.0023167431354522705
0.005642032562273469, 0.00207529217004776
0.005642032562273469, 0.0018572211265563965
0.005642032562273469, 0.0010120049118995667
0.005642032562273469, 0.001546710729598999
0.003368188181136267, 0.0016501471400260925
0.002135081546858597, 0.0017106309533119202
0.0017452495265736223, 0.0017906427383422852
0.001062050984227847, 0.0017850697040557861
0.0007402296085938787, 0.0017497912049293518
0.0007402296085938787, 0.0016932189464569092
0.0007402296085938787, 0.0007988885045051575
0.0007402296085938787, 0.0014843270182609558
0.0006955609568534138, 0.0019377022981643677
0.00045095618371460144, 0.0020473450422286987
9.950175886885848e-05, 0.0012897104024887085
3.638252635518313e-05, 0.0011993646621704102
2.0119411800911813e-05, 0.001285068690776825
2.0119411800911813e-05, 0.0013614892959594727
2.0119411800911813e-05, -0.00040697306394577026
1.1183610159171131e-05, 0.0009499192237854004
9.41322949565837e-06, 0.000699847936630249
3.847179545490853e-06, 0.000523492693901062
8.758803812236593e-07, 0.00044533610343933105
8.758803812236593e-07, 0.000284634530544281
8.758803812236593e-07, 0.00017743557691574097
8.758803812236593e-07, -0.0002557337284088135
8.758803812236593e-07, 0.0007616505026817322
8.758803812236593e-07, 0.00036206841468811035
2.5332612940687227e-07, -0.00023323297500610352
1.09259083336255e-07, -0.00010253489017486572
1.09259083336255e-07, 9.725242853164673e-05
1.09259083336255e-07, -0.0005750656127929688
1.09259083336255e-07, -4.646182060241699e-05
1.09259083336255e-07, 0.000431939959526062
1.09259083336255e-07, 6.823241710662842e-05
6.953414888322129e-08, 0.0005215555429458618
2.7079982922728618e-08, -0.0004625469446182251
2.7079982922728618e-08, -0.0016993582248687744
2.7079982922728618e-08, -0.0013538002967834473
2.7079982922728618e-08, -0.0023665130138397217
7.827802850357557e-09, -0.0009752362966537476
7.827802850357557e-09, -0.00048576295375823975
2.2704508273463375e-09, 6.060302257537842e-05
1.7718981837333558e-09, -0.0005675703287124634
1.7718981837333558e-09, -0.0011773556470870972
1.7718981837333558e-09, -0.000715106725692749
