0.255632221698761
0.2573763132095337
0.2581547796726227
0.2545105516910553
0.25086575746536255
0.2584669888019562
0.2574060261249542
0.263288676738739
0.26962122321128845
0.27302947640419006
0.2747022211551666
0.27064886689186096
0.2581782937049866
0.257670134305954
0.2674461305141449
0.2539999186992645
0.2486478090286255
0.25522905588150024
0.26715442538261414
0.26756906509399414
0.2630310654640198
0.2633762061595917
0.25491583347320557
0.2420811951160431
0.251385360956192
0.23671618103981018
0.23220013082027435
0.23128080368041992
0.22969597578048706
0.23497018218040466
0.23450030386447906
0.23056475818157196
0.2347736656665802
0.2512812316417694
0.2441345453262329
0.24865426123142242
0.25677868723869324
0.24305087327957153
0.22095587849617004
0.22278667986392975
0.23011112213134766
0.22990155220031738
0.23383168876171112
0.2408800572156906
0.2500379681587219
0.2585330605506897
0.2502228021621704
0.23935815691947937
0.22466133534908295
0.21105730533599854
0.210820272564888
0.2157074362039566
0.2196464091539383
0.22394335269927979
0.222688227891922
0.22634738683700562
0.23300525546073914
0.22219300270080566
0.21923619508743286
0.21930204331874847
0.22421133518218994
0.2267713099718094
0.2461709827184677
0.24192242324352264
0.22594161331653595
0.2472222000360489
0.2585957944393158
0.2641821801662445
0.26279380917549133
0.2636324465274811
0.257657915353775
0.25258511304855347
0.24410225450992584
0.23701691627502441
0.2324887216091156
0.23497256636619568
0.23519185185432434
0.24401316046714783
0.24871699512004852
0.25252488255500793
0.26013511419296265
0.2682383358478546
0.28480926156044006
0.2926788926124573
0.3134082555770874
0.35665518045425415
0.3877219259738922
0.3641565442085266
0.41639864444732666
0.4074785113334656
0.40850144624710083
0.4190896451473236
0.4281674027442932
0.4351027011871338
0.44397854804992676
0.4391557276248932
0.4452436566352844
0.4411000907421112
0.44790971279144287
0.44766154885292053
0.4405556619167328
0.43874219059944153
0.43970155715942383
0.4373781979084015
0.47025546431541443
0.44253072142601013
0.41772106289863586
0.40701645612716675
0.4198662042617798
0.42521369457244873
0.41863736510276794
0.41111207008361816
0.394225537776947
0.3978438675403595
0.4059160053730011
0.41244643926620483
0.4191102683544159
0.42923468351364136
0.4299224615097046
0.43926802277565
0.45136353373527527
0.45330941677093506
0.4557887613773346
0.4579469561576843
0.44629883766174316
0.4315706193447113
0.42534998059272766
0.4246061444282532
0.43710047006607056
0.4273364841938019
0.41400060057640076
0.4128500819206238
0.406022846698761
0.41112256050109863
0.406821072101593
0.41671961545944214
0.41108930110931396
0.41807201504707336
0.42525941133499146
0.4273940920829773
0.4300757050514221
0.4338858425617218
0.43268918991088867
0.42666375637054443
0.42580050230026245
0.43087899684906006
0.4334487020969391
0.4397840201854706
0.4400281608104706
0.4378306567668915
0.4326390027999878
0.4413187503814697
0.4435397684574127
0.4391474723815918
0.43150943517684937
0.42684701085090637
0.44405707716941833
0.4342721700668335
0.40362903475761414
0.37488728761672974
0.3644084632396698
0.3709960877895355
0.37554308772087097
0.3929848074913025
0.39780908823013306
0.397735059261322
0.39585912227630615
0.39752137660980225
0.39609795808792114
0.3943138122558594
0.39192527532577515
0.39251336455345154
0.39618489146232605
0.3992743194103241
0.39815831184387207
0.4005795419216156
0.41278716921806335
0.3877892792224884
0.3739614486694336
0.35051172971725464
0.3480481207370758
0.3456162214279175
0.36395496129989624
0.37608420848846436
0.36588165163993835
0.3603030741214752
0.3784435987472534
0.37728458642959595
0.3723461925983429
0.36375612020492554
0.3641190230846405
0.369858056306839
0.3825724422931671
0.36919477581977844
0.36804109811782837
0.36356621980667114
0.3580258786678314
0.3585796058177948
0.35320478677749634
0.38216936588287354
0.3977225720882416
0.37419185042381287
0.3578129708766937
0.3431384861469269
0.361329048871994
0.37178656458854675
0.3674045503139496
0.34710493683815
0.3553188443183899
0.3927786350250244
0.40463143587112427
0.3854414224624634
0.37083956599235535
0.3696771264076233
0.37681785225868225
0.38788819313049316
0.40704914927482605
0.4132940173149109
0.41504886746406555
0.4271214008331299
0.42851558327674866
0.43583008646965027
0.43961280584335327
0.4392309784889221
0.4274876117706299
0.41743388772010803
0.3990035951137543
0.3666643500328064
0.3482188284397125
0.35116350650787354
0.33885201811790466
0.3271138370037079
0.3212532103061676
0.32545486092567444
0.36043137311935425
0.3712294101715088
0.35569998621940613
0.3585418164730072
0.35127389430999756
0.33655983209609985
0.33671948313713074
0.3289308547973633
0.32489922642707825
0.3168686032295227
0.32165688276290894
0.33026403188705444
0.3397703170776367
0.35624778270721436
0.3600190579891205
0.37471550703048706
0.3908407986164093
0.40356922149658203
0.40293240547180176
0.4068412780761719
0.4105285108089447
0.44055917859077454
0.479477196931839
0.4705580472946167
0.45812109112739563
0.46045368909835815
0.4623786509037018
0.45813214778900146
0.446210652589798
0.4317351281642914
0.4228597581386566
0.4044967591762543
0.4083613455295563
0.4083690643310547
0.40662944316864014
0.406431645154953
0.4173046946525574
0.42459389567375183
0.4257458448410034
0.40830421447753906
0.39243826270103455
0.3845972418785095
0.3677140176296234
0.3558773994445801
0.3251667320728302
0.3130038380622864
0.30017197132110596
0.29516181349754333
0.2855442762374878
0.27713459730148315
0.2711505591869354
0.26385360956192017
0.2586117386817932
0.2607121765613556
0.2712918519973755
0.27601632475852966
0.284525066614151
0.2927504777908325
0.2949523627758026
0.29146525263786316
0.28715139627456665
0.2867545485496521
0.2995121479034424
0.3009496331214905
0.3125644326210022
0.3117162585258484
0.3064677119255066
0.3089238703250885
0.29403701424598694
0.2846929728984833
0.2745862305164337
0.2916063964366913
0.2753429412841797
0.2651447653770447
0.2588861286640167
0.253599613904953
0.2504473030567169
0.25336864590644836
0.26386401057243347
0.2709032893180847
0.2845553159713745
0.27921149134635925
0.27612942457199097
0.26564666628837585
0.26706060767173767
0.28141075372695923
0.28603771328926086
0.31203460693359375
0.337485671043396
0.3314610421657562
0.3470022678375244
0.3417631983757019
0.3264331817626953
0.33418145775794983
0.3188838064670563
0.31030553579330444
0.30360791087150574
0.3010433316230774
0.30364784598350525
0.31072357296943665
0.3100491464138031
0.30121883749961853
0.28994646668434143
0.2874418795108795
0.2925495505332947
0.2924686670303345
0.29154983162879944
0.28728407621383667
0.28300049901008606
0.283827543258667
0.2929971516132355
0.29964518547058105
0.28601905703544617
0.26951682567596436
0.2608276903629303
0.2520577013492584
0.24724479019641876
0.2415306717157364
0.2436474859714508
0.23260580003261566
0.2284085750579834
0.22466866672039032
0.2224782407283783
0.22083677351474762
0.217590793967247
0.21654224395751953
0.22732919454574585
0.23160499334335327
0.22827807068824768
0.22848492860794067
0.22592322528362274
0.2228313833475113
0.22256456315517426
0.22284767031669617
0.2419860064983368
0.24703730642795563
0.25265511870384216
0.24650737643241882
0.24155321717262268
0.2469189316034317
0.24986299872398376
0.2574840188026428
0.2445695400238037
0.2308977246284485
0.2238806188106537
0.22086729109287262
0.2142096757888794
0.21346719563007355
0.227207750082016
0.2256958931684494
0.22829151153564453
0.22508299350738525
0.2265056073665619
0.22369994223117828
0.22040224075317383
0.2206645905971527
0.22196656465530396
0.2244088053703308
0.23508524894714355
0.24174761772155762
0.2406281977891922
0.24379771947860718
0.23124030232429504
0.2303205281496048
0.22660841047763824
0.2290925532579422
0.23775941133499146
0.2318052351474762
0.22655008733272552
0.22217094898223877
0.2221919745206833
0.22494497895240784
0.22995194792747498
0.2317911982536316
0.23735977709293365
0.24318408966064453
0.24462351202964783
0.2456040233373642
0.24520304799079895
0.2499641478061676
0.2530317008495331
0.2468027025461197
0.254968523979187
0.2606155276298523
0.24540436267852783
0.24105781316757202
0.2396015226840973
0.23808956146240234
0.2286839336156845
0.20713672041893005
0.20447495579719543
0.20118847489356995
0.2017999142408371
0.2017839103937149
0.20009499788284302
0.2008000761270523
0.20810078084468842
0.2164478302001953
0.21640650928020477
0.20645691454410553
0.20572976768016815
0.2064899355173111
0.21319226920604706
0.2179652601480484
0.21335949003696442
0.20672906935214996
0.22059617936611176
0.22877974808216095
0.234490767121315
0.24534553289413452
0.25276193022727966
0.25640740990638733
0.2677539885044098
0.2568655014038086
0.23067469894886017
0.23621878027915955
0.22827911376953125
0.2263222485780716
0.21996216475963593
0.2176404744386673
0.2134593427181244
0.2008284628391266
0.20441751182079315
0.20199085772037506
0.20510807633399963
0.21746422350406647
0.2183937132358551
0.21690641343593597
0.2167036235332489
0.2176799774169922
0.23180623352527618
0.24764658510684967
0.2361496090888977
0.23756083846092224
0.2414519488811493
0.2389574944972992
0.2341987043619156
0.2518831789493561
0.253611296415329
0.2439255714416504
0.2442571520805359
0.23784899711608887
0.23167575895786285
0.2243494838476181
0.22698363661766052
0.22223180532455444
0.21571582555770874
0.21567563712596893
0.2104114443063736
0.2088177651166916
0.2105816900730133
0.20747575163841248
0.20417772233486176
0.20551905035972595
0.20913301408290863
0.21611464023590088
0.21138834953308105
0.1974555253982544
0.19448699057102203
0.1726415753364563
0.16296671330928802
0.16196073591709137
0.1739661544561386
0.1726476103067398
0.1761402189731598
0.17893056571483612
0.17687544226646423
0.17411410808563232
0.17465251684188843
0.1715577095746994
0.16408653557300568
0.15512782335281372
0.15357448160648346
0.15430037677288055
0.15500353276729584
0.15821422636508942
0.15659406781196594
0.15490759909152985
0.15878267586231232
0.15521660447120667
0.1461533159017563
0.1503317654132843
0.14403028786182404
0.14507339894771576
0.14734701812267303
0.15037822723388672
0.1568772792816162
0.15625371038913727
0.1578676551580429
0.1582508236169815
0.1587843894958496
0.1615663319826126
0.16589736938476562
0.1711035668849945
0.16794876754283905
0.16530092060565948
0.16631844639778137
0.16616572439670563
0.1694568544626236
0.17095117270946503
0.17537571489810944
0.1774882972240448
0.1811443716287613
0.18371634185314178
0.18029704689979553
0.17551468312740326
0.17616526782512665
0.16882508993148804
0.1638430953025818
0.16664956510066986
0.168149933218956
0.16998037695884705
0.171850323677063
0.17344269156455994
0.17111486196517944
0.17712123692035675
0.17999552190303802
0.17823299765586853
0.18198354542255402
0.18388187885284424
0.18520589172840118
0.1863737404346466
0.18649141490459442
0.18911905586719513
0.1879858523607254
0.1879921853542328
0.1878555864095688
0.1931554228067398
0.18547357618808746
0.18127577006816864
0.17205941677093506
0.17491792142391205
0.1761610358953476
0.16937482357025146
0.16310326755046844
0.1614009588956833
0.16193997859954834
0.16254033148288727
0.16267089545726776
0.16449083387851715
0.16621269285678864
0.16596044600009918
0.16592830419540405
0.16435787081718445
0.16672003269195557
0.1677025705575943
0.16290323436260223
0.1653270721435547
0.16812123358249664
0.17301958799362183
0.17540541291236877
0.17459115386009216
0.17607323825359344
0.16685131192207336
0.1673005074262619
0.16029973328113556
0.15780183672904968
0.15833355486392975
0.15687574446201324
0.15176190435886383
0.15357187390327454
0.15704551339149475
0.16159987449645996
0.1643880009651184
0.16493019461631775
0.1629699319601059
0.15214590728282928
0.15435121953487396
0.14497995376586914
0.14801491796970367
0.14419449865818024
0.15428532660007477
0.15112371742725372
0.15061691403388977
0.1576637625694275
0.15642361342906952
0.1603516936302185
0.17335392534732819
0.18253253400325775
0.20311246812343597
0.2281639575958252
0.2128675878047943
0.22900472581386566
0.25412318110466003
0.24905623495578766
0.24706918001174927
0.25729891657829285
0.26048368215560913
0.2648981213569641
0.2689076066017151
0.26000362634658813
0.27413344383239746
0.27637049555778503
0.2708982527256012
0.2692970037460327
0.2697199583053589
0.26964277029037476
0.2715546488761902
0.2888283431529999
0.2799202501773834
0.2747318744659424
0.2877405881881714
0.28917795419692993
0.32608574628829956
0.3527885377407074
0.3667006492614746
0.38618266582489014
0.3856697976589203
0.3661141097545624
0.3691130578517914
0.3650985658168793
0.3614424467086792
0.36465469002723694
0.3619212806224823
0.3677164912223816
0.36544790863990784
0.38266924023628235
0.3870883882045746
0.3933219015598297
0.3927488327026367
0.39414986968040466
0.3994368612766266
0.39722388982772827
0.369132399559021
0.380256325006485
0.3989158868789673
0.3991619944572449
0.38737714290618896
0.38945481181144714
0.4054647386074066
0.37074214220046997
0.38935983180999756
0.3952655792236328
0.3942401707172394
0.3979853391647339
0.41272056102752686
0.4154791533946991
0.40830695629119873
0.39996135234832764
0.41099312901496887
0.4072321951389313
0.41426268219947815
0.41855430603027344
0.4234886169433594
0.4118242859840393
0.39494505524635315
0.39496567845344543
0.38727515935897827
0.38258418440818787
0.38102832436561584
0.3805849850177765
0.3790842294692993
0.35842037200927734
0.35983142256736755
0.3623088598251343
0.36439967155456543
0.36810123920440674
0.3748830556869507
0.3764502704143524
0.3829314112663269
0.40391796827316284
0.408150851726532
0.4174354672431946
0.40483129024505615
0.4037686288356781
0.4104129374027252
0.40113887190818787
0.39762160181999207
0.3960783779621124
0.4119292199611664
0.39454278349876404
0.4021048843860626
0.3754991590976715
0.36634260416030884
0.363907128572464
0.34750550985336304
0.33840203285217285
0.35665518045425415
0.34631162881851196
0.3751688003540039
0.38904494047164917
0.3898005783557892
0.3903570771217346
0.38878560066223145
0.3963349163532257
0.39937010407447815
0.3974122703075409
0.4043693542480469
0.40248072147369385
0.4070957899093628
0.40625807642936707
0.39426812529563904
0.3887631297111511
0.37962305545806885
0.37931737303733826
0.3707290589809418
0.3486543893814087
0.34520667791366577
0.33020755648612976
0.3218635320663452
0.3107794523239136
0.2901603579521179
0.292694091796875
0.3129311203956604
0.32753026485443115
0.32603368163108826
0.3344182074069977
0.3220897912979126
0.3165263533592224
0.3219533860683441
0.305855393409729
0.30578163266181946
0.29813483357429504
0.3026439845561981
0.29678237438201904
0.2868933379650116
0.2708980143070221
0.26261278986930847
0.25615039467811584
0.2552909255027771
0.24158532917499542
0.23925679922103882
0.2152579426765442
0.21491192281246185
0.1943235695362091
0.19079935550689697
0.19905292987823486
0.211224764585495
0.21947598457336426
0.22567839920520782
0.23308493196964264
0.23953475058078766
0.2495470941066742
0.2482648640871048
0.23465211689472198
0.2232017070055008
0.21489638090133667
0.2070102095603943
0.20100879669189453
0.20007209479808807
0.2011886090040207
0.20377695560455322
0.20132310688495636
0.21543969213962555
0.21958203613758087
0.2135905772447586
0.21015271544456482
0.20259608328342438
0.19410020112991333
0.20577563345432281
0.21648859977722168
0.20684103667736053
0.21031950414180756
0.21263858675956726
0.21185001730918884
0.20819798111915588
0.2168099582195282
0.21773160994052887
0.21263161301612854
0.20959918200969696
0.20936135947704315
0.2107573002576828
0.21080371737480164
0.21570755541324615
0.21928240358829498
0.22331903874874115
0.22191175818443298
0.23927445709705353
0.2508237659931183
0.2506031394004822
0.25984105467796326
0.2735205590724945
0.2721290588378906
0.2880025804042816
0.3216288387775421
0.2984088957309723
0.29428812861442566
0.2977387607097626
0.29921814799308777
0.31946104764938354
0.3252083957195282
0.3295362591743469
0.33921387791633606
0.3339076340198517
0.33686748147010803
0.33675408363342285
0.3381645977497101
0.34044724702835083
0.3361927270889282
0.3315116763114929
0.3602394759654999
0.3696696162223816
0.3631359040737152
0.38779160380363464
0.4083147644996643
0.4176778793334961
0.4107711613178253
0.40626075863838196
0.3921404480934143
0.3704283535480499
0.36787116527557373
0.3782626688480377
0.39419320225715637
0.40237683057785034
0.41479089856147766
0.43017178773880005
0.4493721127510071
0.46231797337532043
0.4828048050403595
0.49507391452789307
0.5014095902442932
0.498338520526886
0.496976375579834
0.48679566383361816
0.5073733925819397
0.5299718379974365
0.51188063621521
0.48914510011672974
0.46897202730178833
0.4448733329772949
0.3969169855117798
0.399024099111557
0.41926461458206177
0.43494465947151184
0.4370885193347931
0.43557003140449524
0.4390895962715149
0.4429875910282135
0.446597695350647
0.4493831396102905
0.4506939649581909
0.4509352743625641
0.4576091766357422
0.4510883688926697
0.4490815997123718
0.45128560066223145
0.443739116191864
0.46110835671424866
0.4666866064071655
0.4675995111465454
0.45495960116386414
0.4452976584434509
0.45444563031196594
0.44910839200019836
0.46329107880592346
0.43475615978240967
0.41610482335090637
0.4085610806941986
0.40553855895996094
0.41466590762138367
0.4136256277561188
0.4191743731498718
0.4261713922023773
0.441227525472641
0.4326578974723816
0.4392930865287781
0.4426959455013275
0.4465075135231018
0.44524919986724854
0.4441778063774109
0.4452875256538391
0.4235354959964752
0.4205467104911804
0.42777642607688904
0.4082612693309784
0.38688650727272034
0.36503487825393677
0.37413275241851807
0.35970792174339294
0.3630041778087616
0.37300026416778564
0.36553332209587097
0.35898101329803467
0.3585585653781891
0.35073572397232056
0.3642924427986145
0.3505563735961914
0.35484275221824646
0.3551062345504761
0.35358303785324097
0.34673431515693665
0.34085604548454285
0.3372698128223419
0.3310755491256714
0.3103848099708557
0.30370214581489563
0.312920480966568
0.2858789265155792
0.30138927698135376
0.29774248600006104
0.31747931241989136
0.3218550980091095
0.3260548412799835
0.3388859033584595
0.3421739935874939
0.33692818880081177
0.31298238039016724
0.30045202374458313
0.29701942205429077
0.2892276346683502
0.2936874330043793
0.28757330775260925
0.2657780945301056
0.26371073722839355
0.2609817385673523
0.26369595527648926
0.2687144875526428
0.26984885334968567
0.2681486904621124
0.2644478678703308
0.2627030909061432
0.2591538429260254
0.2598647177219391
0.2724664509296417
0.2637852430343628
0.2634952962398529
0.2540583908557892
0.24982929229736328
0.24795489013195038
0.2513294517993927
0.25705334544181824
0.26103609800338745
0.2610246241092682
0.26340895891189575
0.2652272880077362
0.2673751711845398
0.26568639278411865
0.273050457239151
0.2713054418563843
0.2757888436317444
0.2781311869621277
0.2773129642009735
0.274075984954834
0.2698764204978943
0.2708103060722351
0.2703559994697571
0.2582164406776428
0.250038743019104
0.2502591013908386
0.22231851518154144
0.2223915010690689
0.22371262311935425
0.23418231308460236
0.22551123797893524
0.22987161576747894
0.23206882178783417
0.23333701491355896
0.23226866126060486
0.23418621718883514
0.23985923826694489
0.23743897676467896
0.23122596740722656
0.23420003056526184
0.23461732268333435
0.23380860686302185
0.2307867407798767
0.22868342697620392
0.22592903673648834
0.22592926025390625
0.22565151751041412
0.22821974754333496
0.2466651201248169
0.26433250308036804
0.28312990069389343
0.289118230342865
0.2988859713077545
0.2957814633846283
0.3068678677082062
0.2974691092967987
0.3008629083633423
0.30920690298080444
0.31005361676216125
0.3107624650001526
0.3068300485610962
0.3015781044960022
0.3107290267944336
0.323212593793869
0.33296239376068115
0.34996843338012695
0.3579612970352173
0.37035098671913147
0.37365347146987915
0.3962969481945038
0.3954552710056305
0.37581703066825867
0.35535359382629395
0.37470370531082153
0.3634510636329651
0.367831289768219
0.37070369720458984
0.3706313967704773
0.3757699429988861
0.37934988737106323
0.38047051429748535
0.37535807490348816
0.3740794360637665
0.38662493228912354
0.39394593238830566
0.39071783423423767
0.39303484559059143
0.3901340961456299
0.39077314734458923
0.3836183547973633
0.37238577008247375
0.35952186584472656
0.3559166491031647
0.34782853722572327
0.3427935242652893
0.3412872552871704
0.33523499965667725
0.33627206087112427
0.3454398214817047
0.352394163608551
0.34745362401008606
0.3434845805168152
0.3534441888332367
0.352554589509964
0.35067176818847656
0.3562295734882355
0.3572421967983246
0.35850247740745544
0.36449313163757324
0.36033135652542114
0.37611305713653564
0.38627415895462036
0.3962496519088745
0.3992230296134949
0.4077233374118805
0.4113865792751312
0.4218911826610565
0.4327505826950073
0.4307936728000641
0.4235404431819916
0.4208318293094635
0.42858362197875977
0.4419113099575043
0.45074841380119324
0.4522715210914612
0.44495901465415955
0.4421021342277527
0.43699511885643005
0.4388052821159363
0.42683106660842896
0.44111233949661255
0.4664286673069
0.4821339249610901
0.446428120136261
0.46127402782440186
0.4595504105091095
0.4744461178779602
0.4761674106121063
0.4758317768573761
0.47959473729133606
0.4825541377067566
0.49387186765670776
0.5037119388580322
0.4814229905605316
0.4631791114807129
0.4471103250980377
0.44453686475753784
0.45148319005966187
0.41893282532691956
0.40512844920158386
0.40753811597824097
0.41887766122817993
0.42300814390182495
0.4178304672241211
0.42401865124702454
0.42451533675193787
0.4245871603488922
0.4178139567375183
0.39760035276412964
0.3875664472579956
0.36461684107780457
0.35558342933654785
0.34563958644866943
0.3448519706726074
0.34649503231048584
0.33698418736457825
0.34404659271240234
0.3323749303817749
0.3457808196544647
0.3565406799316406
0.3647497892379761
0.38819605112075806
0.35445868968963623
0.3581223487854004
0.33502328395843506
0.3374248445034027
0.32725951075553894
0.31541433930397034
0.31695815920829773
0.32087162137031555
0.33336907625198364
0.33403047919273376
0.3272571265697479
0.3232331871986389
0.32996490597724915
0.34311044216156006
0.33811482787132263
0.34509220719337463
0.3571339547634125
0.37679576873779297
0.39204302430152893
0.3950919806957245
0.4003653824329376
0.4483632743358612
0.481855183839798
0.47800350189208984
0.49428513646125793
0.4748654365539551
0.4760928452014923
0.4732529819011688
0.46626541018486023
0.4577779471874237
0.4530766010284424
0.46527326107025146
0.47452032566070557
0.48618200421333313
0.47153201699256897
0.4565477967262268
0.4816560447216034
0.4813656806945801
0.49643489718437195
0.49358972907066345
0.4928630292415619
0.5035321712493896
0.5065929889678955
0.5079649090766907
0.5047053694725037
0.5326829552650452
0.5875911712646484
0.5994571447372437
0.6236664056777954
0.6509254574775696
0.6177594661712646
0.6086786389350891
0.6156035661697388
0.6193365454673767
0.6299087405204773
0.6479939818382263
0.6537287831306458
0.6584684252738953
0.6378635168075562
0.6404515504837036
0.6439109444618225
0.6449550986289978
0.6502422094345093
0.6777287125587463
0.6932996511459351
0.71979820728302
0.7225700616836548
0.6987521648406982
0.6708946228027344
0.6799704432487488
0.6988056898117065
0.6866056323051453
0.6465364694595337
0.6467868089675903
0.6121859550476074
0.6054934859275818
0.6102958917617798
0.6149238348007202
0.611168622970581
0.6057220101356506
0.6047581434249878
0.6006845831871033
0.5961615443229675
0.5884599089622498
0.571281909942627
0.5551837682723999
0.5459669232368469
0.5680745840072632
0.6075348854064941
0.664898693561554
0.6506214737892151
0.6334459185600281
0.6016080975532532
0.5798186659812927
0.5514777898788452
0.5335980653762817
0.5214982032775879
0.4684852361679077
0.47447922825813293
0.4631417691707611
0.45848003029823303
0.44134417176246643
0.43546441197395325
0.43373557925224304
0.4107779562473297
0.4159749448299408
0.39152905344963074
0.3805232346057892
0.3680677115917206
0.36872097849845886
0.38237109780311584
0.39354124665260315
0.3982967734336853
0.3848738968372345
0.3638666868209839
0.3676162660121918
0.367322713136673
0.3765944540500641
0.4129038453102112
0.45095300674438477
0.47321438789367676
0.4735536277294159
0.5180837512016296
0.4812689423561096
0.46755874156951904
0.43108558654785156
0.4174624979496002
0.42548254132270813
0.4322756826877594
0.4334476590156555
0.46740198135375977
0.4836212992668152
0.4818100333213806
0.4827318787574768
0.45138850808143616
0.460814893245697
0.463429719209671
0.4458006024360657
0.4467596411705017
0.47782689332962036
0.5036951303482056
0.5056983232498169
0.5894905924797058
0.654916524887085
0.6908790469169617
0.7141691446304321
0.7303588390350342
0.7013499736785889
0.692004382610321
0.704794704914093
0.7181284427642822
0.7208024263381958
0.7086372375488281
0.7186391949653625
0.7163165807723999
0.771490216255188
0.7860164046287537
0.7805770039558411
0.7851090431213379
0.7570863962173462
0.7723029255867004
0.7519785761833191
0.7717689275741577
0.8482098579406738
0.8966508507728577
1.0520566701889038
1.158246397972107
1.149835467338562
1.2237000465393066
1.2484220266342163
1.244175672531128
1.2105798721313477
1.1727885007858276
1.164746880531311
1.1448599100112915
1.1010328531265259
1.1087963581085205
1.1145663261413574
1.12760329246521
1.125059962272644
1.1401399374008179
1.1337250471115112
1.1463614702224731
1.1322382688522339
1.128265619277954
1.1109092235565186
1.208294153213501
1.096778392791748
1.0695598125457764
1.1352143287658691
1.1248105764389038
1.0783116817474365
0.9940500259399414
0.9740314483642578
0.906724750995636
0.8997889161109924
0.9042396545410156
0.9268617630004883
0.9026527404785156
0.9226884841918945
0.8421583771705627
0.8172196745872498
0.7461060285568237
0.6993802785873413
0.6964220404624939
0.6829408407211304
0.6927168369293213
0.702551007270813
0.7003151774406433
0.7129952907562256
0.768279492855072
0.774159848690033
0.6591967344284058
0.6660712957382202
0.6238009929656982
0.5486276149749756
0.4995149075984955
0.4621541202068329
0.4430261552333832
0.4489848017692566
0.4496864080429077
0.4500770568847656
0.45263564586639404
0.4586222469806671
0.4522462785243988
0.44825172424316406
0.45713743567466736
0.46794593334198
0.47356224060058594
0.47473371028900146
0.48882898688316345
0.499834805727005
0.5072125792503357
0.5070765614509583
0.5042837858200073
0.48258060216903687
0.4654429256916046
0.44396886229515076
0.432778000831604
0.41299331188201904
0.39204442501068115
0.37110084295272827
0.3474137485027313
0.344465047121048
0.34270140528678894
0.3419111967086792
0.3407854735851288
0.34529605507850647
0.3510405719280243
0.36015433073043823
0.361753910779953
0.36881425976753235
0.37536218762397766
0.3867678940296173
0.3975459635257721
0.4125916659832001
0.41311004757881165
0.4126534163951874
0.42476728558540344
0.4149031937122345
0.40384629368782043
0.40168464183807373
0.39214426279067993
0.3922586143016815
0.3584671914577484
0.34056293964385986
0.3151448965072632
0.30999547243118286
0.3096848130226135
0.3091117739677429
0.3055768609046936
0.30526021122932434
0.2985149919986725
0.31016096472740173
0.30769097805023193
0.3046366572380066
0.3022044003009796
0.2942913770675659
0.2843574285507202
0.2875171899795532
0.29671376943588257
0.3034556210041046
0.30889052152633667
0.311303973197937
0.3184949457645416
0.325332373380661
0.3298352360725403
0.3260652422904968
0.30747100710868835
0.29235410690307617
0.2875032424926758
0.2916662096977234
0.29447266459465027
0.2919466495513916
0.29349908232688904
0.29054588079452515
0.28463980555534363
0.27962014079093933
0.27927353978157043
0.2785090208053589
0.27538639307022095
0.2799006402492523
0.281570166349411
0.2898375689983368
0.2974964678287506
0.2990444004535675
0.3057645261287689
0.30748477578163147
0.3100380599498749
0.30777037143707275
0.3037911057472229
0.29481828212738037
0.27623412013053894
0.26789790391921997
0.25858792662620544
0.2596231997013092
0.26182979345321655
0.2624521851539612
0.26427820324897766
0.2650143802165985
0.26123225688934326
0.2581295669078827
0.2635793685913086
0.269442617893219
0.28206226229667664
0.29841649532318115
0.3042871057987213
0.3203701674938202
0.3284975290298462
0.33872586488723755
0.36097824573516846
0.34783127903938293
0.32838061451911926
0.3132317066192627
0.3121556043624878
0.3003632426261902
0.3060001730918884
0.3172033131122589
0.31208664178848267
0.31880271434783936
0.3215075135231018
0.32262998819351196
0.32226797938346863
0.32378852367401123
0.32068851590156555
0.31152430176734924
0.3270329535007477
0.3234410881996155
0.3247983753681183
0.3352822959423065
0.3438139855861664
0.34828823804855347
0.3451855480670929
0.3433857262134552
0.33601653575897217
0.35024240612983704
0.3622882664203644
0.3647626042366028
0.38868868350982666
0.3890646994113922
0.4028714895248413
0.4500468671321869
0.41378459334373474
0.4201385974884033
0.4245225787162781
0.4301595389842987
0.4322032928466797
0.43986961245536804
0.43743792176246643
0.4284726083278656
0.4026501178741455
0.3817104697227478
0.37088754773139954
0.3677848279476166
0.36155396699905396
0.3548040986061096
0.3529808223247528
0.3587985336780548
0.3565332293510437
0.3649137318134308
0.3663676083087921
0.3780955970287323
0.37718451023101807
0.39793315529823303
0.42026758193969727
0.4392758309841156
0.4190494120121002
0.4024784564971924
0.396406352519989
0.3945310413837433
0.39249932765960693
0.3992013931274414
0.40289580821990967
0.395257830619812
0.3945672810077667
0.3932625949382782
0.3942643105983734
0.39909428358078003
0.4110747277736664
0.41085192561149597
0.4140779376029968
0.41352835297584534
0.40955761075019836
0.4218860864639282
0.42373326420783997
0.4375600814819336
0.4424363076686859
0.4543704092502594
0.4568978250026703
0.46872684359550476
0.46543434262275696
0.4720410108566284
0.4685637354850769
0.45678094029426575
0.46073758602142334
0.47325772047042847
0.4671556353569031
0.47317323088645935
0.4398849308490753
0.4398954510688782
0.44608017802238464
0.4459458291530609
0.44725191593170166
0.45512256026268005
0.47808611392974854
0.48242637515068054
0.490374356508255
0.5086427330970764
0.5362562537193298
0.5715780854225159
0.5862380266189575
0.6174721717834473
0.6233232617378235
0.6885900497436523
0.6638742089271545
0.6603198647499084
0.6752613186836243
0.6865720152854919
0.6979268193244934
0.7034823894500732
0.6951631307601929
0.7057235240936279
0.6904824376106262
0.6711626648902893
0.6657930016517639
0.6605803370475769
0.6676332950592041
0.6824973225593567
0.6926293969154358
0.7164571285247803
0.7368113994598389
0.7155911922454834
0.6722399592399597
0.6356226801872253
0.6047840118408203
0.567594587802887
0.534084141254425
0.5054863691329956
0.49752292037010193
0.4918617010116577
0.49378514289855957
0.4915403127670288
0.5001798868179321
0.4911785125732422
0.4837971329689026
0.4859541952610016
0.48696836829185486
0.48898211121559143
0.4876546561717987
0.4949887990951538
0.4944983124732971
0.4933275580406189
0.5075989961624146
0.4958142042160034
0.48648780584335327
0.46658825874328613
0.4545397162437439
0.4749407172203064
0.44850894808769226
0.445648193359375
0.42937034368515015
0.4241839051246643
0.41089603304862976
0.40022075176239014
0.3983878195285797
0.40002867579460144
0.43031948804855347
0.41414833068847656
0.4238804578781128
0.432969868183136
0.41429221630096436
0.42616990208625793
0.4275034964084625
0.4364136755466461
0.4464918375015259
0.45656365156173706
0.45722445845603943
0.45800328254699707
0.46508345007896423
0.4799555838108063
0.4705500602722168
0.4710026681423187
0.46164631843566895
0.4523368775844574
0.4392753839492798
0.44111353158950806
0.4386766254901886
0.4338606894016266
0.4281472861766815
0.42632320523262024
0.42187464237213135
0.42171114683151245
0.424210786819458
0.4230789542198181
0.4216814637184143
0.4161011874675751
0.4141926169395447
0.41429832577705383
0.4105796813964844
0.40482959151268005
0.4081461429595947
0.4048210382461548
0.4128189980983734
0.4202083945274353
0.4311394691467285
0.4399719834327698
0.4367883801460266
0.42360448837280273
0.42335638403892517
0.42259925603866577
0.42462918162345886
0.41982346773147583
0.42395666241645813
0.42697131633758545
0.43608221411705017
0.4372340738773346
0.44608139991760254
0.44020727276802063
0.41725996136665344
0.4176311194896698
0.427712619304657
0.4207448661327362
0.41710877418518066
0.4202020764350891
0.42324116826057434
0.39882588386535645
0.4133501946926117
0.3911535143852234
0.34866446256637573
0.3283913731575012
0.3163796663284302
0.32140910625457764
0.30408936738967896
0.30920660495758057
0.3034166991710663
0.3025211989879608
0.30544403195381165
0.31020721793174744
0.3006342947483063
0.3111392855644226
0.2938843071460724
0.308631032705307
0.2866727411746979
0.281189888715744
0.27842703461647034
0.2763022184371948
0.2724241018295288
0.2668294608592987
0.25887998938560486
0.2617240250110626
0.2641986608505249
0.26871082186698914
0.2717609405517578
0.28523480892181396
0.3038964867591858
0.3006116449832916
0.31152522563934326
0.321858674287796
0.3310125470161438
0.3399094343185425
0.3300636112689972
0.32806479930877686
0.31681159138679504
0.29781967401504517
0.2845343053340912
0.28752726316452026
0.27726149559020996
0.2790747880935669
0.27415308356285095
0.2740899622440338
0.2787858545780182
0.2693624198436737
0.26344725489616394
0.27481287717819214
0.27762266993522644
0.27510008215904236
0.28074705600738525
0.28092366456985474
0.27934515476226807
0.27266833186149597
0.2768709063529968
0.2836378216743469
0.29418912529945374
0.30429360270500183
0.2966405749320984
0.297110915184021
0.2969509959220886
0.28865066170692444
0.2877419888973236
0.28066784143447876
0.2591527998447418
0.2608168423175812
0.25768616795539856
0.25040552020072937
0.26641765236854553
0.2726741433143616
0.27738845348358154
0.29646652936935425
0.2934839427471161
0.29873335361480713
0.2878093719482422
0.2927432954311371
0.3077053427696228
0.3262019753456116
0.3310529589653015
0.3416541814804077
0.341753751039505
0.33559542894363403
0.3499240577220917
0.3538341224193573
0.37485459446907043
0.3804328441619873
0.37500470876693726
0.40750768780708313
0.3946169912815094
0.3760314881801605
0.36820730566978455
0.3690894842147827
0.3823944330215454
0.406302273273468
0.4153808057308197
0.4010278582572937
0.4414331316947937
0.5055994391441345
0.5511105060577393
0.5935738682746887
0.7176513075828552
0.7800922393798828
0.8153965473175049
0.8520116806030273
0.8331612348556519
0.7743522524833679
0.7819005846977234
0.7886130809783936
0.8077952861785889
0.8417255282402039
0.844451367855072
0.8323495388031006
0.8353369832038879
0.8325147032737732
0.840653657913208
0.8390901684761047
0.8485183119773865
0.8629103302955627
0.8539031147956848
0.9135542511940002
0.8966118097305298
0.8736597895622253
0.8816608190536499
0.8725314736366272
0.9744378924369812
0.9669475555419922
1.0389723777770996
1.006015658378601
0.9857988357543945
0.9570572376251221
0.9162973761558533
0.914251446723938
0.924166202545166
0.9253244996070862
0.9397483468055725
0.9235079884529114
0.925878643989563
0.9339418411254883
0.9532977938652039
0.9764878749847412
0.974066972732544
0.9564080834388733
0.9816146492958069
1.003190517425537
1.0475951433181763
1.0975033044815063
1.1464405059814453
1.1798694133758545
1.242185354232788
1.2832419872283936
1.337065577507019
1.3110487461090088
1.2967469692230225
1.274635672569275
1.2870277166366577
1.3229848146438599
1.3840421438217163
1.4378186464309692
1.4897797107696533
1.5225340127944946
1.4977917671203613
1.4958133697509766
1.4670054912567139
1.3814311027526855
1.411574363708496
1.3724513053894043
1.3792136907577515
1.3367732763290405
1.3623168468475342
1.4452064037322998
1.4355219602584839
1.3827613592147827
1.3579617738723755
1.3534001111984253
1.3191782236099243
1.2812905311584473
1.2165350914001465
1.1532704830169678
1.145793080329895
1.164854884147644
1.1729739904403687
1.17091703414917
1.2034026384353638
1.205887794494629
1.230747103691101
1.2674809694290161
1.2460823059082031
1.2075799703598022
1.1849032640457153
1.1046385765075684
1.0596461296081543
1.0503289699554443
1.0402270555496216
0.9888782501220703
0.9194648265838623
0.8684543371200562
0.8516788482666016
0.8136603236198425
0.7476858496665955
0.6539426445960999
0.6219013333320618
0.6012704968452454
0.6032284498214722
0.5802924633026123
0.5689095854759216
0.5875927805900574
0.5790684223175049
0.5594473481178284
0.6006244421005249
0.6120192408561707
0.6223493218421936
0.6281229257583618
0.6386544704437256
0.6566586494445801
0.66571044921875
0.7184914350509644
0.6989877820014954
0.6561950445175171
0.6385008096694946
0.6445905566215515
0.6985617280006409
0.6422889232635498
0.5792357921600342
0.5547482371330261
0.5077922940254211
0.4873235821723938
0.4822251498699188
0.48144927620887756
0.48845037817955017
0.4996179938316345
0.5062852501869202
0.5125688314437866
0.5395344495773315
0.5551774501800537
0.5652521252632141
0.5813922882080078
0.5761590600013733
0.5789321660995483
0.6046993732452393
0.5689486861228943
0.605169415473938
0.5970185995101929
0.6073247790336609
0.6132856011390686
0.6448718309402466
0.6500359773635864
0.6008439660072327
0.5707418322563171
0.5418142080307007
0.5331016778945923
0.5290060639381409
0.5209274291992188
0.5123445391654968
0.5020574927330017
0.48491641879081726
0.4960068464279175
0.5207288265228271
0.5305761694908142
0.5437160730361938
0.5487123131752014
0.5414013266563416
0.5387464761734009
0.5354272127151489
0.5405052900314331
0.5511033535003662
0.5355038046836853
0.5388198494911194
0.5816478729248047
0.6074731945991516
0.593324601650238
0.6042885780334473
0.5952343940734863
0.5420102477073669
0.4861742854118347
0.4745204746723175
0.4765269160270691
0.4881010949611664
0.4953043460845947
0.5001454949378967
0.5183233022689819
0.5344672799110413
0.5387872457504272
0.5238564610481262
0.5135650634765625
0.5017794966697693
0.5060964822769165
0.5085643529891968
0.530535876750946
0.5580982565879822
0.541688859462738
0.5263335704803467
0.5287163257598877
0.5175758004188538
0.498246431350708
0.47973117232322693
0.4709226191043854
0.4609769284725189
0.4586940109729767
0.45040130615234375
0.4432829022407532
0.4392068088054657
0.43947792053222656
0.4411935806274414
0.44581514596939087
0.4232010245323181
0.4207586646080017
0.4468748867511749
0.495235800743103
0.505885660648346
0.4924565851688385
0.4507407248020172
0.4427449405193329
0.4874427616596222
0.5047902464866638
0.5146235227584839
0.5318155884742737
0.45862072706222534
0.4390052258968353
0.4519727826118469
0.4610815644264221
0.4161641299724579
0.38692721724510193
0.37779462337493896
0.37255948781967163
0.36300578713417053
0.36190810799598694
0.3687511086463928
0.37789708375930786
0.3810385465621948
0.379014790058136
0.374750018119812
0.3592888414859772
0.3375529944896698
0.33946260809898376
0.3447086215019226
0.3711221516132355
0.39116543531417847
0.39494460821151733
0.4034951627254486
0.40998196601867676
0.4264994263648987
0.43380293250083923
0.4303703010082245
0.41625964641571045
0.3944273591041565
0.3785121738910675
0.3887801468372345
0.41109874844551086
0.4440525770187378
0.47041481733322144
0.5245836973190308
0.5421329140663147
0.5493761301040649
0.5535075664520264
0.5483317971229553
0.5506603121757507
0.5690340995788574
0.5361610651016235
0.5326480865478516
0.5240049958229065
0.5420615673065186
0.5475341081619263
0.5161862969398499
0.5031492114067078
0.48136481642723083
0.44185730814933777
0.39544910192489624
0.3651202917098999
0.3349374234676361
0.3507901728153229
0.35482257604599
0.3558829724788666
0.3690415322780609
0.38034436106681824
0.38889339566230774
0.3873153030872345
0.3374112844467163
0.3261775076389313
0.3322066068649292
0.33864301443099976
0.33804231882095337
0.3441091477870941
0.3335823714733124
0.3266867399215698
0.32916516065597534
0.33591458201408386
0.32312601804733276
0.3264591097831726
0.31468644738197327
0.3148840069770813
0.3209925591945648
0.3358633816242218
0.32615768909454346
0.3008345365524292
0.3027690052986145
0.3038008511066437
0.2992567718029022
0.29714977741241455
0.28576982021331787
0.2893298864364624
0.29602986574172974
0.3077366352081299
0.3069372773170471
0.3004663288593292
0.3040456771850586
0.31014519929885864
0.31761622428894043
0.31790438294410706
0.32572537660598755
0.33423301577568054
0.34246647357940674
0.34463855624198914
0.33680421113967896
0.32844704389572144
0.3164767920970917
0.3099476099014282
0.313545286655426
0.3072439730167389
0.30573415756225586
0.30804938077926636
0.312803715467453
0.32102862000465393
0.3304401934146881
0.3079022169113159
0.29281947016716003
0.29914391040802
0.2988596558570862
0.297281950712204
0.32579565048217773
0.3323773145675659
0.3460875451564789
0.37155598402023315
0.35736075043678284
0.349385142326355
0.35158485174179077
0.28479811549186707
0.24807226657867432
0.23716920614242554
0.2264631688594818
0.23816099762916565
0.21864686906337738
0.21922613680362701
0.22037619352340698
0.21252110600471497
0.2220613956451416
0.2121143639087677
0.2020486742258072
0.21018309891223907
0.20335406064987183
0.20796939730644226
0.20850259065628052
0.21559438109397888
0.2229911983013153
0.2239224910736084
0.22935986518859863
0.24249868094921112
0.23867081105709076
0.23156815767288208
0.23628473281860352
0.2408641278743744
0.23664075136184692
0.2430131584405899
0.26169782876968384
0.2771037817001343
0.2805222272872925
0.298805832862854
0.3006393313407898
0.2962096631526947
0.2938285171985626
0.2913278341293335
0.3052577078342438
0.3188261091709137
0.3248946964740753
0.32427266240119934
0.31484314799308777
0.2965693771839142
0.2929292321205139
0.30382034182548523
0.3066144585609436
0.32121971249580383
0.29906201362609863
0.2947479486465454
0.297307550907135
0.3014519512653351
0.29842352867126465
0.3161434829235077
0.3203503489494324
0.3289857804775238
0.327608197927475
0.3378055691719055
0.3381415009498596
0.35279136896133423
0.36137503385543823
0.3582475185394287
0.3708559572696686
0.38397252559661865
0.3796361982822418
0.37329137325286865
0.38123005628585815
0.38337382674217224
0.38570353388786316
0.38851743936538696
0.395206093788147
0.39562898874282837
0.392835408449173
0.39904114603996277
0.40031394362449646
0.4175259470939636
0.41816088557243347
0.44626501202583313
0.46707871556282043
0.48175621032714844
0.46195724606513977
0.4542694687843323
0.4431123733520508
0.4384828805923462
0.4319152534008026
0.44013506174087524
0.4540783166885376
0.4672365188598633
0.4607958197593689
0.463026225566864
0.4655359089374542
0.46379730105400085
0.4675384759902954
0.4666900634765625
0.47576868534088135
0.4803297817707062
0.4939206838607788
0.5018470287322998
0.497793585062027
0.5130544304847717
0.5232788324356079
0.523159384727478
0.5341689586639404
0.5354680418968201
0.5360114574432373
0.5323399305343628
0.5344034433364868
0.5345968008041382
0.5278674364089966
0.5249947309494019
0.5251631140708923
0.5388966798782349
0.5286818742752075
0.5286056995391846
0.5221676826477051
0.5109434127807617
0.5145670175552368
0.5242167711257935
0.5237646698951721
0.5622725486755371
0.5518813729286194
0.5751122236251831
0.5592201352119446
0.5739728808403015
0.5406196117401123
0.5407310724258423
0.5549895167350769
0.5340468287467957
0.5473108887672424
0.5433906316757202
0.5640441179275513
0.5468600392341614
0.5516176819801331
0.565578281879425
0.5621160268783569
0.576181173324585
0.4832640588283539
0.49403128027915955
0.49983853101730347
0.5087311863899231
0.5201346278190613
0.513124406337738
0.5073879957199097
0.5358173251152039
0.5631524324417114
0.5443148016929626
0.5747838616371155
0.552010178565979
0.5339480042457581
0.5223598480224609
0.5261440277099609
0.5329996347427368
0.5349407196044922
0.5386801958084106
0.5372193455696106
0.5580645203590393
0.5306782126426697
0.5042493939399719
0.5255447030067444
0.5111513733863831
0.49575406312942505
0.48757943511009216
0.4581244885921478
0.45276373624801636
0.4369679391384125
0.4377455711364746
0.43577340245246887
0.42081987857818604
0.402916818857193
0.38737952709198
0.39868953824043274
0.40492865443229675
0.48104819655418396
0.4932158291339874
0.5154333710670471
0.4977805018424988
0.45838552713394165
0.4262213110923767
0.452563613653183
0.4666910767555237
0.4698907732963562
0.4451199471950531
0.4479065537452698
0.5053824782371521
0.550618052482605
0.5788522362709045
0.505007266998291
0.5000575184822083
0.5069357752799988
0.5140249729156494
0.5407893657684326
0.4686241149902344
0.4342876374721527
0.4461996853351593
0.43391311168670654
0.44604411721229553
0.4702935218811035
0.48228055238723755
0.48014771938323975
0.4866105914115906
0.4862573444843292
0.49013766646385193
0.5095667839050293
0.5123831629753113
0.5404380559921265
0.535858690738678
0.5352680087089539
0.5296655893325806
0.5015453100204468
0.47907209396362305
0.4671500027179718
0.4685930609703064
0.45685750246047974
0.45255789160728455
0.42319199442863464
0.4338427186012268
0.4152889847755432
0.4066140353679657
0.45038869976997375
0.44276168942451477
0.5057438015937805
0.5093348026275635
0.5467237234115601
0.544285237789154
0.5758137106895447
0.6042100191116333
0.6135157942771912
0.6003401279449463
0.610107958316803
0.599818766117096
0.6111503839492798
0.604841411113739
0.5942546725273132
0.6225303411483765
0.6318565011024475
0.6369102001190186
0.6519559025764465
0.6554301381111145
0.6501697301864624
0.656504213809967
0.6774201989173889
0.6741489171981812
0.685062050819397
0.7280073761940002
0.7448105812072754
0.7837468385696411
0.7998279333114624
0.7939779162406921
0.7892510890960693
0.8304666876792908
0.8870200514793396
0.905031144618988
0.9310068488121033
0.9272975325584412
0.9438254833221436
0.9391915798187256
0.8675650954246521
0.8452906012535095
0.829807460308075
0.8476290106773376
0.844788134098053
0.8538587689399719
0.8577432632446289
0.8518937826156616
0.8559734225273132
0.8563680648803711
0.8196696639060974
0.8001280426979065
0.7970848083496094
0.7345874309539795
0.6968840956687927
0.6801040172576904
0.6495364308357239
0.637650191783905
0.5955239534378052
0.6033149361610413
0.6034845113754272
0.6150205731391907
0.6257343292236328
0.616077721118927
0.5902512073516846
0.5859007835388184
0.5524798631668091
0.5391846895217896
0.5385809540748596
0.5243049263954163
0.5254659056663513
0.4993472099304199
0.49927693605422974
0.49479445815086365
0.5235937833786011
0.5356951951980591
0.5647157430648804
0.6007767915725708
0.6487144231796265
0.6554059982299805
0.6490989327430725
0.6796010732650757
0.7006847262382507
0.7340722680091858
0.7645389437675476
0.8121441602706909
0.844808042049408
0.8004854321479797
0.7987889647483826
0.7721904516220093
0.6979690194129944
0.6818844079971313
0.6998369693756104
0.6932470202445984
0.6834354996681213
0.6774280071258545
0.6639413237571716
0.651099681854248
0.6055329442024231
0.6280350685119629
0.6297131776809692
0.6658245325088501
0.7381543517112732
0.6564174890518188
0.7055764198303223
0.7513011693954468
0.7509862780570984
0.7669447064399719
0.7550444006919861
0.8050200939178467
0.7447845339775085
0.6969123482704163
0.7001891732215881
0.7076948881149292
0.7033467888832092
0.691242516040802
0.6942044496536255
0.7000260949134827
0.7059172987937927
0.692267119884491
0.6705321669578552
0.6633955836296082
0.6821401119232178
0.6567378640174866
0.6444976329803467
0.6450002193450928
0.6302756667137146
0.6287468671798706
0.6394089460372925
0.6342164874076843
0.6737856268882751
0.6913724541664124
0.7079691886901855
0.7030519247055054
0.7340578436851501
0.7108067274093628
0.6954955458641052
0.6918424367904663
0.6863409876823425
0.6489608287811279
0.6269480586051941
0.6041261553764343
0.560163140296936
0.5448135137557983
0.5538697242736816
0.5399758815765381
0.49880000948905945
0.4990762174129486
0.49336862564086914
0.4970879852771759
0.489987850189209
0.4986165463924408
0.5076643824577332
0.5465067028999329
0.5632703304290771
0.5564147233963013
0.5727059841156006
0.6144230365753174
0.6097069978713989
0.6048524975776672
0.5919711589813232
0.5737245678901672
0.5680354833602905
0.5532631278038025
0.5313748121261597
0.546110212802887
0.5361588001251221
0.5282906293869019
0.5219179391860962
0.49790093302726746
0.4814831018447876
0.4892949163913727
0.4789969325065613
0.45827698707580566
0.455318421125412
0.48056313395500183
0.4976942837238312
0.539164125919342
0.5324788689613342
0.5100002884864807
0.5125951170921326
0.4956948459148407
0.4854832589626312
0.4498122036457062
0.46446752548217773
0.47904396057128906
0.5007710456848145
0.5025306344032288
0.49673816561698914
0.502804160118103
0.49120432138442993
0.4679633677005768
0.4464977979660034
0.43666449189186096
0.4274274706840515
0.3990499973297119
0.39624056220054626
0.37133774161338806
0.3696422576904297
0.35961559414863586
0.36639803647994995
0.37793344259262085
0.3697463870048523
0.36717280745506287
0.3612622022628784
0.3586518168449402
0.3525615930557251
0.34955766797065735
0.3544924557209015
0.36096587777137756
0.3671426475048065
0.36976325511932373
0.3746764063835144
0.3778464198112488
0.3723152279853821
0.3648456037044525
0.36083340644836426
0.35223934054374695
0.35182985663414
0.3602648675441742
0.36279651522636414
0.35607102513313293
0.36745062470436096
0.3723040521144867
0.357993483543396
0.3547675907611847
0.34302470088005066
0.35121431946754456
0.367977499961853
0.38344720005989075
0.3850425183773041
0.3823888599872589
0.37885090708732605
0.3848472833633423
0.38735273480415344
0.3945023715496063
0.4011342227458954
0.3991062641143799
0.40265730023384094
0.40027227997779846
0.40413644909858704
0.411445677280426
0.4328269064426422
0.43024536967277527
0.4343564212322235
0.43998628854751587
0.4373948276042938
0.43278780579566956
0.4473027288913727
0.4481903910636902
0.44676709175109863
0.44640493392944336
0.42918115854263306
0.4266921579837799
0.42834964394569397
0.419687956571579
0.4249785244464874
0.44067010283470154
0.45127934217453003
0.46909642219543457
0.4789949357509613
0.48953714966773987
0.49514472484588623
0.4954703152179718
0.4934839606285095
0.49081140756607056
0.5093077421188354
0.5232331156730652
0.5281903743743896
0.5069312453269958
0.5203372836112976
0.5103873610496521
0.5279082655906677
0.5293471813201904
0.5345325469970703
0.5189095735549927
0.510057270526886
0.5161697864532471
0.5201209783554077
0.5147796869277954
0.5242555141448975
0.5316678881645203
0.5492565035820007
0.5575878620147705
0.5635204315185547
0.5635043978691101
0.5558675527572632
0.5382428765296936
0.5116910338401794
0.5190117359161377
0.5602640509605408
0.6071690320968628
0.5993618965148926
0.5935903191566467
0.6126787066459656
0.582495391368866
0.5861323475837708
0.5904136896133423
0.6018674373626709
0.5996850728988647
0.6019468307495117
0.6115139126777649
0.6071021556854248
0.5955848097801208
0.6083267331123352
0.6141924262046814
0.6234069466590881
0.6285069584846497
0.6578466892242432
0.6495591998100281
0.6497294306755066
0.6444340944290161
0.6408376097679138
0.6456822752952576
0.7105782628059387
0.753218412399292
0.7790567278862
0.7594403624534607
0.7339094281196594
0.7122573256492615
0.6801363825798035
0.6525028347969055
0.632463812828064
0.6228204965591431
0.643909752368927
0.6835469603538513
0.695796549320221
0.6895114779472351
0.6830225586891174
0.6836698651313782
0.7038993239402771
0.7105306386947632
0.7108910083770752
0.7168599963188171
0.7371501326560974
0.732607901096344
0.767856240272522
0.7551547884941101
0.689262866973877
0.7100684642791748
0.7037869095802307
0.6659086346626282
0.6470843553543091
0.6400521993637085
0.6437169313430786
0.64072585105896
0.6276265382766724
0.6192958354949951
0.6295150518417358
0.6616045832633972
0.6584289073944092
0.6792730093002319
0.6490440368652344
0.6409888863563538
0.6391962766647339
0.6616716980934143
0.6543668508529663
0.6435948014259338
0.6789218187332153
0.6418125629425049
0.6460732817649841
0.6120884418487549
0.5902587175369263
0.5668759346008301
0.5593812465667725
0.5198853015899658
0.495395302772522
0.4729280173778534
0.47748297452926636
0.4883599579334259
0.47238874435424805
0.4605109989643097
0.4463127851486206
0.4552992582321167
0.4246288239955902
0.45103514194488525
0.4322813153266907
0.4255269467830658
0.4163608253002167
0.409559428691864
0.4110994040966034
0.44004085659980774
0.4652945399284363
0.4925519824028015
0.47428208589553833
0.4128330945968628
0.42347922921180725
0.47030457854270935
0.47099918127059937
0.47322946786880493
0.46326664090156555
0.4675726294517517
0.5106837749481201
0.519769012928009
0.5264649987220764
0.5215011239051819
0.5085880756378174
0.4920119345188141
0.4804721176624298
0.47994595766067505
0.49434494972229004
0.508612334728241
0.5327922105789185
0.5419496893882751
0.5430312156677246
0.541766345500946
0.5351592302322388
0.5212619304656982
0.49970388412475586
0.5157722234725952
0.5337100625038147
0.5445722937583923
0.5703628063201904
0.5718401074409485
0.5662765502929688
0.5827280282974243
0.5824636220932007
0.5709534883499146
0.5622910857200623
0.5726432800292969
0.593087375164032
0.6192700862884521
0.6308643817901611
0.6442580819129944
0.6484115719795227
0.6511214375495911
0.6510238647460938
0.6600651741027832
0.6544901728630066
0.661718487739563
0.6694075465202332
0.6646207571029663
0.6480185985565186
0.6383641958236694
0.624970018863678
0.6006060838699341
0.5796539783477783
0.5620806813240051
0.5507257580757141
0.554186224937439
0.5318709015846252
0.5167328119277954
0.48833003640174866
0.4727376401424408
0.48055049777030945
0.4930787980556488
0.48861122131347656
0.49645787477493286
0.47961366176605225
0.47447505593299866
0.4636151194572449
0.46287354826927185
0.4747765362262726
0.49237024784088135
0.4989844858646393
0.5105682015419006
0.5230734944343567
0.5114759802818298
0.5681048631668091
0.5456072688102722
0.5391482710838318
0.4902048110961914
0.504905641078949
0.4740540683269501
0.4411936402320862
0.42793551087379456
0.44344499707221985
0.448037326335907
0.42276936769485474
0.4237847626209259
0.4069153666496277
0.41632136702537537
