0.3463327884674072
0.34645184874534607
0.3470272719860077
0.34317702054977417
0.34316614270210266
0.34427472949028015
0.3441602289676666
0.3473776876926422
0.346557080745697
0.3445464074611664
0.3457675874233246
0.35071057081222534
0.35227319598197937
0.3542036712169647
0.35931357741355896
0.36538568139076233
0.3695524036884308
0.3772922158241272
0.38119012117385864
0.38876476883888245
0.3913811147212982
0.39806506037712097
0.39830899238586426
0.4007004201412201
0.4031886160373688
0.40481671690940857
0.4015333354473114
0.40286991000175476
0.40124693512916565
0.39951616525650024
0.3970836400985718
0.39610883593559265
0.3934101164340973
0.3868642747402191
0.38941606879234314
0.38616546988487244
0.3840005695819855
0.38419729471206665
0.3793044686317444
0.37246719002723694
0.370876282453537
0.36092302203178406
0.36461323499679565
0.3593822419643402
0.3582617938518524
0.3545490503311157
0.3505142331123352
0.3538740575313568
0.35277891159057617
0.35768112540245056
0.35695531964302063
0.35456737875938416
0.3557916581630707
0.3560350835323334
0.35433730483055115
0.35885509848594666
0.35725316405296326
0.35768261551856995
0.3584337830543518
0.3555193543434143
0.35212671756744385
0.34720346331596375
0.3423457145690918
0.3379150331020355
0.3288033902645111
0.3180846869945526
0.31252917647361755
0.3063153028488159
0.29998114705085754
0.29601067304611206
0.2952604591846466
0.2950928509235382
0.2942981421947479
0.29642826318740845
0.29689398407936096
0.2937948405742645
0.2944813072681427
0.2932944595813751
0.29243409633636475
0.2907765805721283
0.2880576550960541
0.2885265350341797
0.2864935100078583
0.2894963324069977
0.28531190752983093
0.28280529379844666
0.2816805839538574
0.2810754179954529
0.28218865394592285
0.28229400515556335
0.281071275472641
0.2786618173122406
0.2801488935947418
0.2791356146335602
0.2793808877468109
0.27810078859329224
0.278629332780838
0.2843470871448517
0.28335413336753845
0.28381824493408203
0.2845977246761322
0.28056952357292175
0.27834320068359375
0.2818617820739746
0.28556719422340393
0.2843964993953705
0.28754177689552307
0.2876574695110321
0.28929415345191956
0.29394176602363586
0.28880545496940613
0.28864094614982605
0.29209622740745544
0.2882755696773529
0.29004523158073425
0.2863447070121765
0.2862158715724945
0.2892874777317047
0.2923407554626465
0.2888987958431244
0.28498658537864685
0.2860582768917084
0.2825247347354889
0.2845112085342407
0.2780175507068634
0.27568429708480835
0.27235230803489685
0.273002564907074
0.2707127034664154
0.2692117989063263
0.2692377269268036
0.26776939630508423
0.27049094438552856
0.27172237634658813
0.2701065242290497
0.26693302392959595
0.26589569449424744
0.2620120048522949
0.2629149854183197
0.26126205921173096
0.25822773575782776
0.26280075311660767
0.261682391166687
0.2597849667072296
0.2558234632015228
0.2574392557144165
0.2551690340042114
0.2542273998260498
0.2517714202404022
0.2542642652988434
0.24855172634124756
0.24786007404327393
0.24883027374744415
0.2467309534549713
0.24570773541927338
0.243961364030838
0.2479010671377182
0.25171366333961487
0.2515295147895813
0.2515917718410492
0.2532036006450653
0.25641927123069763
0.256366103887558
0.2621936500072479
0.2685554325580597
0.2741687297821045
0.27538204193115234
0.27737680077552795
0.27721989154815674
0.27758273482322693
0.27614590525627136
0.2804870009422302
0.2741336226463318
0.27311331033706665
0.2670298218727112
0.27367541193962097
0.2683113217353821
0.26879701018333435
0.27713266015052795
0.2811693847179413
0.2909002900123596
0.300824373960495
0.3115876615047455
0.3282531797885895
0.3388063311576843
0.3542766571044922
0.365671306848526
0.37846431136131287
0.4000703990459442
0.4050285518169403
0.41838908195495605
0.428678035736084
0.43027743697166443
0.438157320022583
0.4410831928253174
0.44371533393859863
0.4452577233314514
0.44530534744262695
0.4446159899234772
0.4494270384311676
0.4468684792518616
0.4475772976875305
0.44539985060691833
0.4372282028198242
0.4378603398799896
0.4340387284755707
0.4304071068763733
0.42581304907798767
0.42043328285217285
0.4162379801273346
0.4094997048377991
0.40657830238342285
0.40833407640457153
0.4151126444339752
0.41579291224479675
0.4178681969642639
0.42029887437820435
0.4225897789001465
0.43296605348587036
0.43528327345848083
0.4408077299594879
0.44205066561698914
0.44264712929725647
0.4408668577671051
0.4437929093837738
0.44185343384742737
0.436796635389328
0.4329553246498108
0.4283005893230438
0.42451855540275574
0.4245834946632385
0.419753760099411
0.4220465123653412
0.4243512749671936
0.4255785048007965
0.4241277873516083
0.4281793534755707
0.4324518144130707
0.4356171190738678
0.4334659278392792
0.43646055459976196
0.4400630593299866
0.43765145540237427
0.44072437286376953
0.4412044584751129
0.4468279778957367
0.44175878167152405
0.4434148371219635
0.4431283473968506
0.44841107726097107
0.4510739743709564
0.44462236762046814
0.44997820258140564
0.4506462514400482
0.4432871341705322
0.43860846757888794
0.4314350187778473
0.42521190643310547
0.4160498082637787
0.4091053009033203
0.4104870855808258
0.40501514077186584
0.3961724042892456
0.3930571973323822
0.3943159282207489
0.395334929227829
0.40258654952049255
0.4002591073513031
0.4044904410839081
0.4049762189388275
0.4062711298465729
0.4054354727268219
0.40893206000328064
0.40229472517967224
0.39971235394477844
0.3986976742744446
0.3907715976238251
0.3907412588596344
0.3865742087364197
0.3850535452365875
0.37587547302246094
0.38228273391723633
0.37992995977401733
0.38099485635757446
0.37850314378738403
0.37646913528442383
0.3767826557159424
0.38477402925491333
0.3863855004310608
0.3858809769153595
0.38310086727142334
0.384200781583786
0.38172680139541626
0.37908172607421875
0.3722602427005768
0.3806946277618408
0.37928399443626404
0.38103529810905457
0.3773512542247772
0.3798356056213379
0.37705132365226746
0.3727334141731262
0.3741041421890259
0.3707137107849121
0.37602195143699646
0.3742671608924866
0.37373045086860657
0.3746477961540222
0.37520161271095276
0.38209566473960876
0.37799182534217834
0.37468716502189636
0.3836043179035187
0.3886462152004242
0.3972727954387665
0.39301130175590515
0.3976867198944092
0.4024641215801239
0.40797707438468933
0.4174562990665436
0.42001602053642273
0.42117705941200256
0.42314091324806213
0.4150254428386688
0.41207003593444824
0.4002652168273926
0.3955105245113373
0.3893539011478424
0.371805876493454
0.36338385939598083
0.35267966985702515
0.3525077700614929
0.35100528597831726
0.35020849108695984
0.352621853351593
0.3484426736831665
0.34820523858070374
0.34870705008506775
0.35741662979125977
0.3500578701496124
0.3523618280887604
0.34792187809944153
0.34392037987709045
0.3493766486644745
0.33961185812950134
0.3500242829322815
0.35143953561782837
0.36466652154922485
0.3705255687236786
0.37896928191185
0.3886569142341614
0.4005415439605713
0.4104017913341522
0.42246437072753906
0.42300376296043396
0.4377112090587616
0.44007331132888794
0.4440995752811432
0.4511899948120117
0.4491167664527893
0.44813209772109985
0.4423626959323883
0.44248470664024353
0.43723949790000916
0.42930635809898376
0.42497095465660095
0.4235897660255432
0.41848206520080566
0.41432642936706543
0.41244402527809143
0.40814563632011414
0.4105634391307831
0.4016004502773285
0.39645519852638245
0.38923418521881104
0.383377343416214
0.3723317086696625
0.35789042711257935
0.34467121958732605
0.3340136408805847
0.3204469382762909
0.3100533187389374
0.29980215430259705
0.2905057370662689
0.2867542505264282
0.280536025762558
0.28116321563720703
0.27990755438804626
0.282200425863266
0.284433513879776
0.28286296129226685
0.28585538268089294
0.2903810441493988
0.28996163606643677
0.296684592962265
0.3034029006958008
0.30109384655952454
0.3038991093635559
0.30330732464790344
0.30364933609962463
0.2976893484592438
0.3007830083370209
0.2977505326271057
0.29644832015037537
0.29036569595336914
0.2839517295360565
0.2812025249004364
0.27704593539237976
0.27138373255729675
0.2740051746368408
0.2736920416355133
0.2730877101421356
0.2706559896469116
0.2716340720653534
0.27555063366889954
0.2726306617259979
0.27715978026390076
0.2854985296726227
0.2936362624168396
0.29717424511909485
0.30730974674224854
0.30749741196632385
0.31726405024528503
0.3151322901248932
0.32183608412742615
0.32140296697616577
0.3214569389820099
0.31766316294670105
0.31748998165130615
0.31727680563926697
0.3096097707748413
0.30112865567207336
0.3015415668487549
0.2977812588214874
0.29316118359565735
0.2913239002227783
0.29070600867271423
0.2906847894191742
0.29176124930381775
0.2902761995792389
0.28635916113853455
0.2865104377269745
0.2878791093826294
0.2849828600883484
0.28201088309288025
0.28060510754585266
0.27762672305107117
0.2722986042499542
0.2688579857349396
0.26179441809654236
0.25894656777381897
0.25378262996673584
0.24665458500385284
0.24215160310268402
0.23716044425964355
0.2298516035079956
0.22576700150966644
0.22678914666175842
0.21969734132289886
0.223030686378479
0.2203184813261032
0.2194661647081375
0.2214638739824295
0.21993780136108398
0.22105108201503754
0.22580604255199432
0.22827564179897308
0.2304324209690094
0.23057256639003754
0.23122797906398773
0.2355608195066452
0.23500977456569672
0.2351342886686325
0.23689749836921692
0.23504233360290527
0.2323324978351593
0.22606781125068665
0.22497306764125824
0.2221003621816635
0.22168143093585968
0.2190847396850586
0.21665902435779572
0.2152993232011795
0.21603946387767792
0.21588364243507385
0.21347491443157196
0.21244044601917267
0.21679340302944183
0.21740268170833588
0.2209484875202179
0.2191508263349533
0.2191261500120163
0.22151122987270355
0.22287161648273468
0.22212035953998566
0.2229880839586258
0.22595493495464325
0.2251376211643219
0.22141793370246887
0.21892106533050537
0.21721862256526947
0.2157074213027954
0.2201305478811264
0.22017894685268402
0.2214178591966629
0.22152499854564667
0.22492578625679016
0.22577083110809326
0.22533273696899414
0.2302493304014206
0.23214559257030487
0.23448243737220764
0.23577407002449036
0.23805324733257294
0.24062947928905487
0.24159669876098633
0.23989860713481903
0.24055905640125275
0.23980291187763214
0.2354392260313034
0.2332742065191269
0.2271588295698166
0.22539499402046204
0.21810279786586761
0.21493422985076904
0.21316729485988617
0.21174104511737823
0.20839302241802216
0.20821106433868408
0.20651565492153168
0.21039266884326935
0.2096128910779953
0.210580974817276
0.2120429128408432
0.21471989154815674
0.21350915729999542
0.2137901782989502
0.2142997533082962
0.21466214954853058
0.21807904541492462
0.22312645614147186
0.22729726135730743
0.23212575912475586
0.2348451465368271
0.23577240109443665
0.239784836769104
0.23931530117988586
0.23820944130420685
0.23813383281230927
0.23593688011169434
0.23168234527111053
0.2299284040927887
0.22248177230358124
0.21642175316810608
0.21736644208431244
0.21494939923286438
0.21334044635295868
0.21291247010231018
0.20994780957698822
0.2119676172733307
0.21116848289966583
0.2188541442155838
0.21624617278575897
0.21889343857765198
0.22330276668071747
0.22314877808094025
0.22611315548419952
0.22911052405834198
0.23135903477668762
0.23273280262947083
0.2347513884305954
0.2319749891757965
0.23338572680950165
0.23314447700977325
0.22924481332302094
0.23151031136512756
0.2286447137594223
0.22605867683887482
0.22466857731342316
0.22077257931232452
0.2191818207502365
0.21565639972686768
0.21474280953407288
0.21198606491088867
0.2110152691602707
0.21131765842437744
0.20959456264972687
0.20800577104091644
0.20816409587860107
0.20516513288021088
0.20083732903003693
0.1974506676197052
0.19529756903648376
0.1914975494146347
0.19082479178905487
0.18754588067531586
0.18378350138664246
0.1837054193019867
0.18135061860084534
0.1784559041261673
0.17842407524585724
0.17869018018245697
0.1758081614971161
0.17666643857955933
0.17230451107025146
0.17172855138778687
0.1696155071258545
0.1691923290491104
0.16541606187820435
0.16688820719718933
0.16525796055793762
0.16254408657550812
0.16272136569023132
0.16093136370182037
0.16144441068172455
0.1617089807987213
0.1609528660774231
0.1611933559179306
0.16312508285045624
0.1609973907470703
0.16272030770778656
0.1628064066171646
0.16582997143268585
0.16761931777000427
0.1715894192457199
0.1713259518146515
0.17012439668178558
0.1721533089876175
0.17606417834758759
0.17443349957466125
0.17649535834789276
0.17927175760269165
0.18017959594726562
0.1792220026254654
0.18207766115665436
0.18225936591625214
0.1845785677433014
0.18308280408382416
0.18337935209274292
0.18355265259742737
0.18433378636837006
0.18265870213508606
0.1822657287120819
0.18026131391525269
0.18047209084033966
0.18225298821926117
0.1817755550146103
0.18168410658836365
0.18288114666938782
0.1857927292585373
0.18517139554023743
0.18632957339286804
0.18812601268291473
0.18774734437465668
0.18920181691646576
0.19096048176288605
0.19150008261203766
0.1940910518169403
0.19490090012550354
0.19398675858974457
0.1932561844587326
0.1920694261789322
0.19307510554790497
0.19060198962688446
0.18906430900096893
0.18699105083942413
0.1857636719942093
0.1818019449710846
0.1784709244966507
0.1784912645816803
0.17781472206115723
0.1774662286043167
0.17429302632808685
0.17499218881130219
0.17348507046699524
0.174022376537323
0.17394457757472992
0.17498092353343964
0.1755196452140808
0.17701779305934906
0.1754828691482544
0.17879600822925568
0.1803143471479416
0.18145118653774261
0.182953342795372
0.18075144290924072
0.18140344321727753
0.17892053723335266
0.178411602973938
0.17663829028606415
0.171591117978096
0.17295347154140472
0.17007313668727875
0.17055721580982208
0.16915366053581238
0.17119942605495453
0.16731466352939606
0.16913922131061554
0.16650061309337616
0.16612528264522552
0.16737031936645508
0.16308467090129852
0.16142281889915466
0.16097751259803772
0.16033796966075897
0.16011761128902435
0.15955184400081635
0.16254043579101562
0.16762498021125793
0.1716686189174652
0.17867057025432587
0.18557681143283844
0.1929885447025299
0.20189352333545685
0.21385367214679718
0.22387146949768066
0.23089472949504852
0.23908649384975433
0.2486851066350937
0.2554902732372284
0.2575378119945526
0.2633712589740753
0.2646511495113373
0.2674309015274048
0.26730334758758545
0.2695554196834564
0.27049756050109863
0.27335962653160095
0.2723328471183777
0.2755970358848572
0.27566656470298767
0.27575838565826416
0.277946799993515
0.2859230637550354
0.29311081767082214
0.30184057354927063
0.3128676116466522
0.3207665681838989
0.33020591735839844
0.3404402732849121
0.34672674536705017
0.35237646102905273
0.35891100764274597
0.3641829788684845
0.361855149269104
0.362775057554245
0.35858353972435
0.3598653972148895
0.3581761419773102
0.36009863018989563
0.36544719338417053
0.3652135729789734
0.3660532236099243
0.36981093883514404
0.36777496337890625
0.3750711679458618
0.3763914704322815
0.37518078088760376
0.374685138463974
0.3757687211036682
0.3720049262046814
0.3740626275539398
0.37087711691856384
0.36849141120910645
0.37421345710754395
0.375265508890152
0.3763386905193329
0.3798045516014099
0.3760918080806732
0.3756384551525116
0.37860438227653503
0.38471704721450806
0.38236185908317566
0.3895329535007477
0.3864545524120331
0.3924424946308136
0.3881373107433319
0.387941837310791
0.38611143827438354
0.3865530788898468
0.3798592984676361
0.3787401616573334
0.37600693106651306
0.3698318898677826
0.3613673150539398
0.3575826585292816
0.35677412152290344
0.35508617758750916
0.35272204875946045
0.3515653610229492
0.3495485484600067
0.3532511591911316
0.3574722707271576
0.36161184310913086
0.36703944206237793
0.36829131841659546
0.3684951961040497
0.37418311834335327
0.37661752104759216
0.3772831857204437
0.3706457316875458
0.37454953789711
0.3717130124568939
0.37328076362609863
0.37009158730506897
0.3667229413986206
0.36126741766929626
0.36168673634529114
0.3501668870449066
0.351014107465744
0.3476297855377197
0.34883567690849304
0.34343621134757996
0.3474847972393036
0.3449096083641052
0.34257346391677856
0.3514433205127716
0.35255080461502075
0.3534310758113861
0.35878631472587585
0.3621923625469208
0.36546894907951355
0.3606887757778168
0.3637307286262512
0.3666209280490875
0.3634628355503082
0.36007043719291687
0.35235685110092163
0.34940898418426514
0.3412195146083832
0.3323011100292206
0.3275473415851593
0.3193357288837433
0.31560710072517395
0.31309476494789124
0.31088003516197205
0.31032800674438477
0.3105890452861786
0.3163648843765259
0.3149937093257904
0.31891319155693054
0.32143718004226685
0.31944739818573
0.32568666338920593
0.32265549898147583
0.3202992379665375
0.31800082325935364
0.30893656611442566
0.30625271797180176
0.29970669746398926
0.2936040163040161
0.2917427122592926
0.28107795119285583
0.2765863835811615
0.26377731561660767
0.25471848249435425
0.24861697852611542
0.2432871311903
0.24035516381263733
0.23949122428894043
0.2338324636220932
0.23747049272060394
0.23943714797496796
0.24347884953022003
0.24881653487682343
0.2522640824317932
0.25512588024139404
0.2529524862766266
0.2524348199367523
0.253108948469162
0.24749791622161865
0.24355792999267578
0.241206094622612
0.2365034818649292
0.235055610537529
0.23118208348751068
0.2287924736738205
0.22931960225105286
0.22690413892269135
0.2250828742980957
0.2252436876296997
0.22772105038166046
0.22295665740966797
0.2237493246793747
0.22263582050800323
0.22142758965492249
0.22100131213665009
0.2223992645740509
0.22177763283252716
0.2249879091978073
0.22496871650218964
0.22503893077373505
0.2226201742887497
0.2230001538991928
0.22794190049171448
0.22792628407478333
0.2254263460636139
0.2290271520614624
0.23007915914058685
0.23013634979724884
0.2383241206407547
0.2383364886045456
0.24245445430278778
0.2460360825061798
0.24961264431476593
0.25535130500793457
0.25854167342185974
0.26431936025619507
0.25945937633514404
0.26737356185913086
0.26707467436790466
0.2692049741744995
0.2677508294582367
0.27214592695236206
0.2746465802192688
0.27610743045806885
0.2796705663204193
0.27946385741233826
0.28182610869407654
0.2866677939891815
0.2876458168029785
0.2863307595252991
0.2935442626476288
0.2934609055519104
0.3016912043094635
0.3101252019405365
0.3051985204219818
0.3113901615142822
0.3178486227989197
0.31942006945610046
0.3169035315513611
0.3183242976665497
0.31502264738082886
0.31721925735473633
0.3167526423931122
0.3169574439525604
0.32136330008506775
0.3341473340988159
0.34032443165779114
0.35487303137779236
0.36575791239738464
0.37798577547073364
0.3891656696796417
0.3984391987323761
0.40765807032585144
0.422628790140152
0.42977848649024963
0.43734556436538696
0.43921276926994324
0.43242907524108887
0.42818838357925415
0.42216941714286804
0.4151657223701477
0.4089014232158661
0.4080086350440979
0.3959147036075592
0.39480945467948914
0.3863399922847748
0.38784584403038025
0.38612067699432373
0.39162713289260864
0.39504751563072205
0.39947018027305603
0.40133196115493774
0.3991718888282776
0.40783563256263733
0.406868040561676
0.413175493478775
0.4138778746128082
0.41689053177833557
0.4195631146430969
0.4189470410346985
0.4223463237285614
0.4239296615123749
0.424198716878891
0.4260043203830719
0.42296138405799866
0.4229581952095032
0.41977745294570923
0.416063129901886
0.41443726420402527
0.4081612229347229
0.41229233145713806
0.4098224639892578
0.40967270731925964
0.406315416097641
0.4123602509498596
0.41412195563316345
0.422506719827652
0.42426806688308716
0.4282115399837494
0.4301506578922272
0.42277613282203674
0.4233987331390381
0.42363855242729187
0.4171116352081299
0.4079665243625641
0.4066857397556305
0.39659810066223145
0.3935561180114746
0.38051939010620117
0.3817830979824066
0.3771403431892395
0.37203630805015564
0.36673712730407715
0.36658260226249695
0.3604357838630676
0.3599022924900055
0.35871395468711853
0.35839661955833435
0.3542655408382416
0.35182470083236694
0.3513081669807434
0.3485158383846283
0.3415985703468323
0.33862897753715515
0.3430209457874298
0.3323437571525574
0.324031800031662
0.3163421154022217
0.3153168857097626
0.3108605742454529
0.31254610419273376
0.31996721029281616
0.3162264823913574
0.3159595727920532
0.3150562644004822
0.31204840540885925
0.3107968866825104
0.3123944401741028
0.3087349236011505
0.30514052510261536
0.29961737990379333
0.28613409399986267
0.27864691615104675
0.2709096372127533
0.26842498779296875
0.26525744795799255
0.263776570558548
0.262481689453125
0.26014742255210876
0.2573055028915405
0.25387856364250183
0.258338987827301
0.2580038011074066
0.25867924094200134
0.2550855278968811
0.25536930561065674
0.25420546531677246
0.25425681471824646
0.25116097927093506
0.25174304842948914
0.25205159187316895
0.255940318107605
0.25254565477371216
0.2534770369529724
0.2577311396598816
0.2562217712402344
0.25930657982826233
0.2598337233066559
0.26024743914604187
0.2617880403995514
0.26268625259399414
0.2604133188724518
0.2617812752723694
0.2609148621559143
0.2617074251174927
0.25831690430641174
0.2588272988796234
0.25522807240486145
0.25216493010520935
0.24765519797801971
0.24630995094776154
0.2443654090166092
0.23814724385738373
0.23828525841236115
0.23652580380439758
0.2342091053724289
0.23304708302021027
0.23428943753242493
0.23253095149993896
0.23637528717517853
0.23442485928535461
0.23824703693389893
0.23500636219978333
0.23221567273139954
0.23656919598579407
0.23400211334228516
0.2312583029270172
0.2304258644580841
0.23159880936145782
0.23463284969329834
0.23798488080501556
0.24283643066883087
0.25161421298980713
0.2577475607395172
0.2645573318004608
0.27401769161224365
0.2775535583496094
0.29046139121055603
0.2936222553253174
0.30643948912620544
0.3090786039829254
0.30746889114379883
0.3106009066104889
0.3076615631580353
0.3112125098705292
0.3167373836040497
0.31789645552635193
0.3245491683483124
0.33055558800697327
0.33495453000068665
0.3423302471637726
0.3539642095565796
0.3609931766986847
0.36847662925720215
0.3743482530117035
0.3771405518054962
0.37678441405296326
0.37971416115760803
0.37740927934646606
0.3783666789531708
0.37341853976249695
0.37444397807121277
0.37408098578453064
0.3756210505962372
0.3761678636074066
0.381271094083786
0.38280612230300903
0.3862128257751465
0.38647347688674927
0.38462457060813904
0.38773003220558167
0.38467711210250854
0.38567250967025757
0.38327980041503906
0.3786802291870117
0.3752797842025757
0.3718004822731018
0.3648928701877594
0.3567748963832855
0.35660263895988464
0.3552563488483429
0.34981822967529297
0.34840503334999084
0.34839674830436707
0.34910154342651367
0.34973815083503723
0.35364362597465515
0.354826420545578
0.3615390360355377
0.361717164516449
0.36160317063331604
0.3676327168941498
0.3693264424800873
0.37387916445732117
0.3778887093067169
0.3812065124511719
0.39057034254074097
0.39719605445861816
0.40162181854248047
0.4105578064918518
0.41531845927238464
0.42195925116539
0.4284232258796692
0.43230730295181274
0.4364745616912842
0.43976759910583496
0.4417586028575897
0.4460611343383789
0.4445188641548157
0.44970083236694336
0.4456569254398346
0.4482470154762268
0.4484844207763672
0.4506032466888428
0.4536575973033905
0.4524308741092682
0.45353031158447266
0.44866830110549927
0.4587889313697815
0.46112820506095886
0.4660263657569885
0.4653649926185608
0.47260403633117676
0.4760001301765442
0.4736116826534271
0.4776206612586975
0.47758060693740845
0.47232785820961
0.4727300703525543
0.46750789880752563
0.46012288331985474
0.4515805244445801
0.44510775804519653
0.4332093894481659
0.42747101187705994
0.42383357882499695
0.41924339532852173
0.41703763604164124
0.4132571816444397
0.41177472472190857
0.4102393686771393
0.4076947271823883
0.4026380181312561
0.39608046412467957
0.3903168737888336
0.38277313113212585
0.3746036887168884
0.37347984313964844
0.3633282780647278
0.35911306738853455
0.3544404208660126
0.36035391688346863
0.3635326325893402
0.35773101449012756
0.3635508418083191
0.3624156415462494
0.3588666021823883
0.3540920615196228
0.3549657166004181
0.35169917345046997
0.34334734082221985
0.34034550189971924
0.3375385105609894
0.33461251854896545
0.3368385434150696
0.3310735821723938
0.3327934741973877
0.3397441804409027
0.3395010530948639
0.34569481015205383
0.349799245595932
0.35738471150398254
0.36374631524086
0.37371230125427246
0.376910537481308
0.3890237808227539
0.40823397040367126
0.41598668694496155
0.4320041835308075
0.43997201323509216
0.44650202989578247
0.4504874348640442
0.4532581865787506
0.45260247588157654
0.45909491181373596
0.4559192359447479
0.4548615515232086
0.45445433259010315
0.4534118175506592
0.45095929503440857
0.45241889357566833
0.45661401748657227
0.45903512835502625
0.46276766061782837
0.47038936614990234
0.4663703441619873
0.4709666669368744
0.4762882888317108
0.4731985628604889
0.4874023497104645
0.49000540375709534
0.5079154372215271
0.5075719952583313
0.5197896361351013
0.5248890519142151
0.5304492115974426
0.5350120067596436
0.5454166531562805
0.5442103743553162
0.548427939414978
0.5474063754081726
0.5505706667900085
0.5485936999320984
0.546860933303833
0.5530979037284851
0.5524494051933289
0.5596372485160828
0.5654751062393188
0.5686902403831482
0.5739811062812805
0.5801719427108765
0.5809294581413269
0.5764470100402832
0.5829166769981384
0.5840501189231873
0.582443356513977
0.5745188593864441
0.5698506236076355
0.5573787093162537
0.5524623990058899
0.5411269068717957
0.5356526374816895
0.5289153456687927
0.523009717464447
0.511254608631134
0.5090960264205933
0.5058395266532898
0.5016835927963257
0.494610995054245
0.49692901968955994
0.48874837160110474
0.49358701705932617
0.4939243495464325
0.4989655613899231
0.5011095404624939
0.5031575560569763
0.5019717216491699
0.5054759979248047
0.506768524646759
0.5079625844955444
0.509024977684021
0.49944716691970825
0.48443394899368286
0.4754408895969391
0.47152581810951233
0.45968204736709595
0.4521913230419159
0.4433210790157318
0.4283541738986969
0.4184950888156891
0.41604581475257874
0.4104473292827606
0.40095624327659607
0.38978633284568787
0.3866649568080902
0.38326945900917053
0.38008055090904236
0.3724943697452545
0.3677929937839508
0.3673270642757416
0.3664442002773285
0.3723544776439667
0.3843623995780945
0.3955002427101135
0.40884238481521606
0.4155673086643219
0.4333946704864502
0.4405403137207031
0.4584658741950989
0.4592526853084564
0.4664680063724518
0.46911320090293884
0.47099390625953674
0.4680212438106537
0.46345797181129456
0.45576211810112
0.45305323600769043
0.44869014620780945
0.45344048738479614
0.4624498784542084
0.4573523700237274
0.4616529941558838
0.45928388833999634
0.4690648019313812
0.46004509925842285
0.47066792845726013
0.487051784992218
0.5099136233329773
0.5196936130523682
0.5438843965530396
0.5696045756340027
0.5834926962852478
0.595599889755249
0.6140632629394531
0.6256589889526367
0.6354491114616394
0.6266348958015442
0.6220453381538391
0.6337568163871765
0.6274961233139038
0.6316367983818054
0.6301920413970947
0.6328787207603455
0.6450167894363403
0.6443490386009216
0.6518481373786926
0.6663371324539185
0.6955901384353638
0.7350103259086609
0.7726380228996277
0.8144394159317017
0.8514004945755005
0.9022140502929688
0.9518924951553345
0.9829063415527344
1.0034161806106567
1.0502516031265259
1.07477605342865
1.0636886358261108
1.0351072549819946
1.0456949472427368
1.0299763679504395
1.015424132347107
0.9915892481803894
0.9958963394165039
0.9850676655769348
0.9814939498901367
0.9826198816299438
0.974258542060852
1.001847505569458
1.0138441324234009
1.0273593664169312
1.0318050384521484
1.068758249282837
1.0655319690704346
1.0647329092025757
1.0799050331115723
1.0598819255828857
1.0529152154922485
1.0179252624511719
0.9944255948066711
0.9921503067016602
0.9673795700073242
0.9299830794334412
0.9022036790847778
0.882923424243927
0.869410514831543
0.8206958770751953
0.807600200176239
0.7731450200080872
0.7499998211860657
0.7152902483940125
0.6881595253944397
0.677503764629364
0.6577169299125671
0.6360146999359131
0.6498786807060242
0.6588969826698303
0.6232442855834961
0.6402295231819153
0.5981950759887695
0.5641748309135437
0.5625012516975403
0.5236958265304565
0.5207184553146362
0.48780837655067444
0.4740847647190094
0.45745307207107544
0.44552698731422424
0.4477296769618988
0.446760892868042
0.4479600489139557
0.45551949739456177
0.4632169306278229
0.46596837043762207
0.4725984036922455
0.4821200966835022
0.4880555272102356
0.4905133843421936
0.49090251326560974
0.49299463629722595
0.4874323010444641
0.4818059504032135
0.47148290276527405
0.46300265192985535
0.44744324684143066
0.4278959333896637
0.41460520029067993
0.3982091248035431
0.39163562655448914
0.37787318229675293
0.37039217352867126
0.36823245882987976
0.36051204800605774
0.3622607886791229
0.36545389890670776
0.37074464559555054
0.3755529820919037
0.38279929757118225
0.3887896239757538
0.39462360739707947
0.40294724702835083
0.4106355309486389
0.41325241327285767
0.41739755868911743
0.41688981652259827
0.4197328984737396
0.41034871339797974
0.40444809198379517
0.3923364281654358
0.38141509890556335
0.36673134565353394
0.35712337493896484
0.34865978360176086
0.3334961235523224
0.3263201117515564
0.3180108964443207
0.3123939037322998
0.3087635636329651
0.31008896231651306
0.31031978130340576
0.30779916048049927
0.30721914768218994
0.3096814453601837
0.3084241449832916
0.31166893243789673
0.3131923973560333
0.31406304240226746
0.31571438908576965
0.32060790061950684
0.32341834902763367
0.32412776350975037
0.3212266266345978
0.3227916955947876
0.31989333033561707
0.32391127943992615
0.32028627395629883
0.32102856040000916
0.3161167800426483
0.30671438574790955
0.30606764554977417
0.2999766767024994
0.3018909990787506
0.2988775670528412
0.30131882429122925
0.2995794117450714
0.3002716600894928
0.30048254132270813
0.3006872832775116
0.3052733540534973
0.3077310025691986
0.3111768066883087
0.313091903924942
0.3165394961833954
0.3175652325153351
0.31907662749290466
0.31297406554222107
0.30880114436149597
0.30202150344848633
0.3015029728412628
0.29307371377944946
0.2890234589576721
0.2885303199291229
0.28033024072647095
0.2771812379360199
0.27535805106163025
0.27776414155960083
0.27828726172447205
0.2773856222629547
0.2836281359195709
0.2894847095012665
0.29064494371414185
0.29943737387657166
0.30827733874320984
0.3178504705429077
0.32131820917129517
0.32632866501808167
0.32566627860069275
0.324606716632843
0.3288128077983856
0.3343788683414459
0.3257535994052887
0.3240603804588318
0.3244076073169708
0.3215649425983429
0.31499403715133667
0.31689193844795227
0.3199164569377899
0.3190043270587921
0.3225172162055969
0.3245401084423065
0.32566961646080017
0.3247515857219696
0.3267422914505005
0.33026838302612305
0.33192548155784607
0.3347127437591553
0.3375966548919678
0.337173193693161
0.3446454703807831
0.34462055563926697
0.35313349962234497
0.3544034957885742
0.36086711287498474
0.367095023393631
0.37142711877822876
0.37965166568756104
0.389413058757782
0.3939889371395111
0.40055423974990845
0.4054413437843323
0.40767574310302734
0.41424307227134705
0.41056257486343384
0.4079410135746002
0.4033690094947815
0.401694118976593
0.39489632844924927
0.3873612880706787
0.37982460856437683
0.3721986711025238
0.36835047602653503
0.3612128794193268
0.35792961716651917
0.35759076476097107
0.35355445742607117
0.351513147354126
0.35706186294555664
0.3588016927242279
0.3669949769973755
0.3669905960559845
0.3717549741268158
0.3733578622341156
0.3740883767604828
0.37202438712120056
0.37478211522102356
0.3770032227039337
0.37348681688308716
0.36904963850975037
0.36908894777297974
0.3669523596763611
0.37080857157707214
0.3690822422504425
0.37311235070228577
0.3720991313457489
0.3763487935066223
0.3796330392360687
0.37814053893089294
0.3844313621520996
0.3835223615169525
0.388126939535141
0.39153674244880676
0.39580002427101135
0.4005601406097412
0.40595903992652893
0.4016341269016266
0.4089028835296631
0.4091503620147705
0.41103577613830566
0.4125514030456543
0.40611034631729126
0.41235142946243286
0.4044491946697235
0.40408259630203247
0.40379998087882996
0.4038219153881073
0.4030364453792572
0.40599265694618225
0.40933656692504883
0.40611520409584045
0.4146919846534729
0.4159432351589203
0.42850223183631897
0.44124945998191833
0.45779067277908325
0.4743020236492157
0.49175429344177246
0.508946418762207
0.522628903388977
0.5351800322532654
0.5526215434074402
0.5637602210044861
0.575374960899353
0.5803763270378113
0.5825825929641724
0.5874766111373901
0.5819047093391418
0.5820560455322266
0.5828697085380554
0.5772531628608704
0.5808058977127075
0.5842576026916504
0.582270085811615
0.5839290618896484
0.5847055315971375
0.5772771835327148
0.5814722180366516
0.580000638961792
0.568885326385498
0.5655323266983032
0.553137481212616
0.5421671867370605
0.5291239023208618
0.5133906602859497
0.5004867315292358
0.49031248688697815
0.4815722107887268
0.4738028943538666
0.46568790078163147
0.4717460572719574
0.46724414825439453
0.46452829241752625
0.470671147108078
0.472371906042099
0.47426149249076843
0.47663232684135437
0.4773866832256317
0.48423275351524353
0.48411616683006287
0.479769229888916
0.48085856437683105
0.4773734211921692
0.4742301404476166
0.4678332805633545
0.4640703797340393
0.4543064534664154
0.44458648562431335
0.4381464421749115
0.4360186755657196
0.4256558120250702
0.4252270758152008
0.42024245858192444
0.4224001467227936
0.4132281243801117
0.4180219769477844
0.4201909005641937
0.42338380217552185
0.4293036162853241
0.4327118396759033
0.4386654496192932
0.4393000602722168
0.4422309100627899
0.4442218840122223
0.450620174407959
0.4579990804195404
0.4607408940792084
0.458754301071167
0.45770835876464844
0.4555034637451172
0.4531111717224121
0.4534163475036621
0.4475509822368622
0.44243064522743225
0.43875861167907715
0.43105411529541016
0.4260408580303192
0.42041656374931335
0.4203149378299713
0.42204123735427856
0.4166785776615143
0.41273507475852966
0.41345053911209106
0.4125007688999176
0.4111754894256592
0.4091908633708954
0.4073925018310547
0.405983030796051
0.40969738364219666
0.41040754318237305
0.41417694091796875
0.4114472568035126
0.40883132815361023
0.4122517704963684
0.4130127429962158
0.41311055421829224
0.41186171770095825
0.4101143479347229
0.4110419452190399
0.4088844358921051
0.4056883454322815
0.40182995796203613
0.4075199067592621
0.40472713112831116
0.4103974401950836
0.40795421600341797
0.4092455506324768
0.40502896904945374
0.4125831723213196
0.4073558747768402
0.4020592272281647
0.40187883377075195
0.39602741599082947
0.3914795517921448
0.38820305466651917
0.3764328360557556
0.3705247938632965
0.3646774888038635
0.36394909024238586
0.35338568687438965
0.345018208026886
0.33597448468208313
0.33275479078292847
0.3306873142719269
0.3279151916503906
0.3271319568157196
0.32408878207206726
0.31967565417289734
0.3126870393753052
0.31422483921051025
0.3067741096019745
0.30051711201667786
0.30243799090385437
0.2927127182483673
0.2880293130874634
0.2815511226654053
0.28064361214637756
0.27314114570617676
0.2796643376350403
0.27835482358932495
0.27984172105789185
0.28311461210250854
0.2886485755443573
0.29759499430656433
0.301179975271225
0.30221235752105713
0.304971307516098
0.3023785650730133
0.3012726306915283
0.2990410029888153
0.29134827852249146
0.2914371192455292
0.28596603870391846
0.28141453862190247
0.27371224761009216
0.27087411284446716
0.26280704140663147
0.2679322361946106
0.2601352334022522
0.25922057032585144
0.25948551297187805
0.25954723358154297
0.26251211762428284
0.26186424493789673
0.26447275280952454
0.2611371874809265
0.26319420337677
0.2607720196247101
0.2632014751434326
0.2646946609020233
0.2691992521286011
0.2688683271408081
0.26249298453330994
0.26482507586479187
0.2613588273525238
0.26333487033843994
0.256846159696579
0.2604844272136688
0.24852168560028076
0.24575315415859222
0.24804209172725677
0.24726223945617676
0.24494056403636932
0.24916402995586395
0.24868686497211456
0.2525535523891449
0.26088136434555054
0.2647946774959564
0.2692594528198242
0.2768993377685547
0.28368517756462097
0.2902310788631439
0.29209113121032715
0.30428919196128845
0.313834011554718
0.31789451837539673
0.3267810642719269
0.33357006311416626
0.3318355977535248
0.33710092306137085
0.3415345549583435
0.357443630695343
0.35578152537345886
0.3653380870819092
0.37017104029655457
0.38366687297821045
0.38943344354629517
0.3928787410259247
0.409868061542511
0.441120445728302
0.47601136565208435
0.522892415523529
0.5696744322776794
0.6105020642280579
0.6482037901878357
0.6869964003562927
0.7086383104324341
0.7444090247154236
0.7557313442230225
0.7837368845939636
0.801042377948761
0.7928445339202881
0.7903662919998169
0.7935692667961121
0.7964703440666199
0.8080704808235168
0.812189519405365
0.8229536414146423
0.812669575214386
0.824519157409668
0.8238715529441833
0.8430191874504089
0.8420577049255371
0.8455927968025208
0.8637222647666931
0.8704729080200195
0.8822946548461914
0.9019191861152649
0.9182329177856445
0.9127518534660339
0.9086484909057617
0.913742184638977
0.9226362109184265
0.9287401437759399
0.9222604036331177
0.9136707186698914
0.9108061194419861
0.9113532900810242
0.8986167907714844
0.8957194685935974
0.908200740814209
0.9163314700126648
0.9270879030227661
0.9328344464302063
0.9228412508964539
0.949643075466156
0.9488610625267029
0.9857195019721985
1.0048885345458984
1.0377386808395386
1.0787992477416992
1.1070082187652588
1.130363941192627
1.1521662473678589
1.1830289363861084
1.1983815431594849
1.2048938274383545
1.2413055896759033
1.2484991550445557
1.260337233543396
1.2935032844543457
1.2902398109436035
1.2797329425811768
1.3021923303604126
1.3210574388504028
1.3313041925430298
1.3029545545578003
1.314475178718567
1.278599500656128
1.2673211097717285
1.2808616161346436
1.250059962272644
1.2402859926223755
1.261491298675537
1.248405933380127
1.2555577754974365
1.2354038953781128
1.2166117429733276
1.2064164876937866
1.1718261241912842
1.1473333835601807
1.1259154081344604
1.0940979719161987
1.0843104124069214
1.074863314628601
1.070908546447754
1.062384009361267
1.0634084939956665
1.0775127410888672
1.08211088180542
1.0859081745147705
1.0755020380020142
1.0697373151779175
1.0581333637237549
1.0402272939682007
1.0040526390075684
0.968813419342041
0.9406934976577759
0.9051963686943054
0.88433837890625
0.8418955206871033
0.7855969071388245
0.759525716304779
0.7280238270759583
0.7011446952819824
0.6830118894577026
0.6582217216491699
0.6238974928855896
0.6147991418838501
0.622212827205658
0.6147919297218323
0.6100775599479675
0.6142197251319885
0.624666154384613
0.6373027563095093
0.648680567741394
0.661785364151001
0.663106381893158
0.6676126718521118
0.6684397459030151
0.69942706823349
0.6840181350708008
0.6772882342338562
0.6707606911659241
0.6427456140518188
0.6230373978614807
0.6139687895774841
0.5886918902397156
0.5755336880683899
0.5422813296318054
0.5421251654624939
0.5294632315635681
0.5275444388389587
0.5261844992637634
0.5335548520088196
0.5387890934944153
0.5483132004737854
0.5597226619720459
0.5627687573432922
0.5783225893974304
0.5851477384567261
0.5889003872871399
0.5930866599082947
0.5912284255027771
0.6074166893959045
0.6053507924079895
0.609787106513977
0.5971823930740356
0.5878928899765015
0.592675507068634
0.5831509828567505
0.5755672454833984
0.5652427077293396
0.5492066740989685
0.5416972041130066
0.521251380443573
0.5187402367591858
0.5088055729866028
0.5121037364006042
0.5176960825920105
0.5150786638259888
0.5163035988807678
0.5186851620674133
0.5212053060531616
0.5287029147148132
0.5334691405296326
0.5283963084220886
0.5349236726760864
0.5435084700584412
0.5428388714790344
0.555715024471283
0.5526041388511658
0.5552884936332703
0.5460729002952576
0.5415289402008057
0.5315752029418945
0.525273323059082
0.5147733092308044
0.5009477734565735
0.4888817369937897
0.484456866979599
0.47799888253211975
0.4738181233406067
0.48011016845703125
0.47825488448143005
0.4831327497959137
0.4777759611606598
0.4851659834384918
0.49215540289878845
0.4938112199306488
0.49576565623283386
0.49009910225868225
0.4873962998390198
0.4871680438518524
0.48187240958213806
0.4808465540409088
0.4757544994354248
0.4701097011566162
0.46564745903015137
0.45135757327079773
0.4443182051181793
0.44212576746940613
0.4359973967075348
0.42887431383132935
0.4288305342197418
0.42586585879325867
0.4214446246623993
0.4219728410243988
0.4236944317817688
0.4240398108959198
0.4279846251010895
0.4236457943916321
0.42580437660217285
0.42102405428886414
0.4338657855987549
0.4442994296550751
0.4344138205051422
0.44136691093444824
0.4287421405315399
0.43222957849502563
0.4245174527168274
0.418961763381958
0.4118962287902832
0.4076143205165863
0.39128294587135315
0.38732895255088806
0.37397488951683044
0.3732820153236389
0.37257516384124756
0.3663874566555023
0.365560382604599
0.3623824119567871
0.35967254638671875
0.359812468290329
0.35633912682533264
0.3575778305530548
0.35809198021888733
0.36525678634643555
0.36720842123031616
0.36851271986961365
0.3731350898742676
0.3775533139705658
0.38154712319374084
0.38956505060195923
0.39283880591392517
0.38720831274986267
0.3911136984825134
0.38883310556411743
0.3954899311065674
0.39680245518684387
0.4069231450557709
0.4159896969795227
0.42345714569091797
0.42831823229789734
0.4454183578491211
0.4602714478969574
0.4684053957462311
0.4750445485115051
0.4881007671356201
0.49371200799942017
0.494742214679718
0.4931267201900482
0.4944196343421936
0.49299392104148865
0.48332610726356506
0.4785596430301666
0.46053528785705566
0.4452255666255951
0.4295938014984131
0.41338416934013367
0.3963601291179657
0.37918275594711304
0.3629639148712158
0.3504026234149933
0.34572550654411316
0.3385894000530243
0.3326122462749481
0.32655811309814453
0.3278536796569824
0.33006662130355835
0.3232351839542389
0.32370781898498535
0.32413193583488464
0.32281145453453064
0.31229978799819946
0.31031113862991333
0.31041979789733887
0.3095964789390564
0.3093019127845764
0.3080269396305084
0.3061685562133789
0.30598339438438416
0.30810388922691345
0.30798205733299255
0.3043341338634491
0.3069766163825989
0.30744507908821106
0.30003151297569275
0.2973521947860718
0.2993374764919281
0.2920227348804474
0.2941027581691742
0.29188552498817444
0.29451605677604675
0.2926494777202606
0.29756224155426025
0.3005915582180023
0.3059311807155609
0.30686113238334656
0.3115122318267822
0.31784552335739136
0.32414305210113525
0.3267606496810913
0.33049142360687256
0.3318730294704437
0.33376994729042053
0.33105871081352234
0.33444944024086
0.3320784866809845
0.3267586827278137
0.3276873528957367
0.3221645653247833
0.32324233651161194
0.32051190733909607
0.3186244070529938
0.3155938684940338
0.31625843048095703
0.31251171231269836
0.3158206045627594
0.3194104731082916
0.3175339996814728
0.3183821141719818
0.31828734278678894
0.3246341049671173
0.3229750692844391
0.3215889632701874
0.322279155254364
0.3127594590187073
0.3018721640110016
0.30039000511169434
0.28782185912132263
0.2701368033885956
0.25640007853507996
0.2510440945625305
0.23307421803474426
0.2286866158246994
0.22716398537158966
0.22605882585048676
0.22376099228858948
0.21724317967891693
0.21998660266399384
0.21742887794971466
0.216159850358963
0.21895276010036469
0.21356907486915588
0.21799039840698242
0.2198719084262848
0.22346365451812744
0.22565186023712158
0.22631965577602386
0.22955937683582306
0.23361270129680634
0.2372712939977646
0.24034269154071808
0.24615764617919922
0.24976173043251038
0.25327494740486145
0.25930312275886536
0.26216110587120056
0.26903730630874634
0.2759748101234436
0.2770509719848633
0.2839913070201874
0.28908219933509827
0.29178640246391296
0.29088014364242554
0.2953502833843231
0.29783448576927185
0.2991339862346649
0.3037288188934326
0.30355730652809143
0.30689072608947754
0.3087901771068573
0.3075917065143585
0.3049992322921753
0.31151899695396423
0.31412816047668457
0.3173636794090271
0.32237014174461365
0.3233451247215271
0.3274860680103302
0.33235469460487366
0.34005722403526306
0.3443964719772339
0.35094138979911804
0.36304864287376404
0.36884382367134094
0.3659592568874359
0.37474003434181213
0.3792882561683655
0.3818625509738922
0.38476598262786865
0.3910028040409088
0.39345261454582214
0.3937292695045471
0.3956785798072815
0.3963491916656494
0.39673012495040894
0.40086767077445984
0.40495678782463074
0.4148254990577698
0.42223381996154785
0.4295177459716797
0.43422165513038635
0.4361344873905182
0.44249096512794495
0.44404610991477966
0.4492015838623047
0.4494534432888031
0.4578950107097626
0.4514041841030121
0.45280250906944275
0.4512178599834442
0.45410194993019104
0.45695430040359497
0.45891115069389343
0.46496015787124634
0.4672079086303711
0.47110453248023987
0.47214093804359436
0.4749140441417694
0.4819508194923401
0.4863685667514801
0.49457740783691406
0.4977479875087738
0.5082713961601257
0.5108023285865784
0.5153973698616028
0.52081298828125
0.5223612189292908
0.5269820094108582
0.5274874567985535
0.5226189494132996
0.522584855556488
0.5235559940338135
0.516312837600708
0.5166118144989014
0.5154594779014587
0.5094066262245178
0.5148350596427917
0.5102797746658325
0.5085667967796326
0.5097499489784241
0.514744222164154
0.5138099193572998
0.521916925907135
0.5239700078964233
0.5224621891975403
0.5288049578666687
0.5291954874992371
0.5238826870918274
0.5245015621185303
0.5262364149093628
0.5169011354446411
0.5254823565483093
0.5197601318359375
0.5206776261329651
0.5180109143257141
0.5229079127311707
0.5220221877098083
0.5146843194961548
0.5089861750602722
0.515980064868927
0.5131921768188477
0.5126184821128845
0.5084813237190247
0.5080041289329529
0.5042210221290588
0.5131781101226807
0.5222534537315369
0.5215837359428406
0.5204173922538757
0.5211108326911926
0.5180858969688416
0.5251337885856628
0.5221834778785706
0.5205956697463989
0.5148410797119141
0.5228525400161743
0.5086902379989624
0.509501039981842
0.5170132517814636
0.5136829018592834
0.49784013628959656
0.49633198976516724
0.4951132833957672
0.4754831790924072
0.4785551130771637
0.4699505865573883
0.4571860730648041
0.44408923387527466
0.43135935068130493
0.42850419878959656
0.42168498039245605
0.435390442609787
0.4331497848033905
0.44084855914115906
0.43532267212867737
0.4458562433719635
0.4546127915382385
0.44929763674736023
0.4708571434020996
0.4663315713405609
0.46801286935806274
0.47453194856643677
0.47218891978263855
0.47757163643836975
0.4746374189853668
0.48787742853164673
0.49105221033096313
0.5068210363388062
0.5221423506736755
0.5109371542930603
0.5235941410064697
0.5144442915916443
0.5125007629394531
0.5086097717285156
0.4939642548561096
0.49590641260147095
0.487189382314682
0.4742128551006317
0.4765675663948059
0.4712359607219696
0.47658324241638184
0.48555609583854675
0.4964437186717987
0.4955916106700897
0.5072715282440186
0.5131911635398865
0.5206459164619446
0.5214374661445618
0.521845281124115
0.5193995237350464
0.5223289132118225
0.5141624808311462
0.5094141364097595
0.4924752414226532
0.4772253632545471
0.4734003245830536
0.45595452189445496
0.4505683481693268
0.4430190622806549
0.449273020029068
0.45174798369407654
0.4693112075328827
0.47597524523735046
0.49229246377944946
0.49914446473121643
0.5311264991760254
0.542117714881897
0.5691551566123962
0.575091540813446
0.5862333178520203
0.5949408411979675
0.6010467410087585
0.6060470938682556
0.6109364628791809
0.614067554473877
0.6227023005485535
0.6259918808937073
0.6284985542297363
0.6310321092605591
0.6452562212944031
0.6467503905296326
0.648543119430542
0.6618030667304993
0.6716940402984619
0.6839759945869446
0.6852638125419617
0.7083951830863953
0.7275320887565613
0.747226893901825
0.7543262839317322
0.791595995426178
0.8159835934638977
0.8305507898330688
0.8561436533927917
0.8551393747329712
0.8815982937812805
0.8810026049613953
0.8720552325248718
0.8814238905906677
0.8757370114326477
0.8621091246604919
0.8714558482170105
0.8443900942802429
0.8297762274742126
0.8452660441398621
0.8247162103652954
0.8124801516532898
0.809827983379364
0.8029999136924744
0.7785126566886902
0.7577115893363953
0.7365610003471375
0.7274753451347351
0.6994492411613464
0.6723766326904297
0.6563684940338135
0.6407758593559265
0.621584415435791
0.613320529460907
0.600393533706665
0.5889368057250977
0.5776121020317078
0.5694500803947449
0.5632599592208862
0.5547509789466858
0.5454145669937134
0.5428521037101746
0.5308687090873718
0.5248791575431824
0.5138706564903259
0.5007191896438599
0.5024696588516235
0.5101193189620972
0.5238643288612366
0.5300833582878113
0.5365952253341675
0.5526136755943298
0.5720463991165161
0.5922114849090576
0.6166445016860962
0.6393954753875732
0.6502310633659363
0.6752120852470398
0.6912450790405273
0.7034605741500854
0.692330002784729
0.7067931294441223
0.7005327939987183
0.7000628113746643
0.6898216009140015
0.6729265451431274
0.6596618890762329
0.6471861600875854
0.6256620287895203
0.620570957660675
0.6065844893455505
0.6082761883735657
0.6209197640419006
0.6262500286102295
0.6368376612663269
0.6441336870193481
0.6582463979721069
0.6721774935722351
0.6885260939598083
0.6881794333457947
0.6937589645385742
0.7097150683403015
0.7055363655090332
0.7018892765045166
0.6992180943489075
0.702467679977417
0.6859761476516724
0.6917104125022888
0.6910805702209473
0.6787187457084656
0.6842344403266907
0.6744880676269531
0.6688611507415771
0.6587602496147156
0.6488912105560303
0.6541504859924316
0.6394401788711548
0.6279893517494202
0.6133522391319275
0.6022528409957886
0.6014635562896729
0.5977928042411804
0.5965026617050171
0.6077322959899902
0.6087363362312317
0.6108303666114807
0.6155914068222046
0.6187836527824402
0.6250993609428406
0.631223201751709
0.6305266618728638
0.6190370917320251
0.6154189705848694
0.6159679293632507
0.6014195680618286
0.5889337658882141
0.5717796087265015
0.5613840222358704
0.5457242131233215
0.5410070419311523
0.5273820161819458
0.5241525769233704
0.5152934789657593
0.5216861367225647
0.5206379294395447
0.5285757780075073
0.5263280868530273
0.540153443813324
0.5542566776275635
0.564239501953125
0.5707249045372009
0.5833016037940979
0.594306468963623
0.5897529125213623
0.5886465907096863
0.5933172106742859
0.5919157266616821
0.5786852240562439
0.5794680118560791
0.5676447153091431
0.5568291544914246
0.5490413904190063
0.5418998003005981
0.5373106002807617
0.5254284739494324
0.5164594650268555
0.5130760073661804
0.511188268661499
0.5126696825027466
0.5103180408477783
0.5194331407546997
0.516830563545227
0.515373706817627
0.5197932124137878
0.5165053009986877
0.5163242816925049
0.5096976161003113
0.5082506537437439
0.4987167418003082
0.4995691478252411
0.5020894408226013
0.4934332072734833
0.4847993552684784
0.48993149399757385
0.4942437708377838
0.47899776697158813
0.4769311547279358
0.4605889320373535
0.4528859555721283
0.44426465034484863
0.4286927878856659
0.42481741309165955
0.41609063744544983
0.41331973671913147
0.40846702456474304
0.403169721364975
0.4023735523223877
0.400144100189209
0.4014834463596344
0.40532857179641724
0.4022528827190399
0.4057861864566803
0.4047184884548187
0.4027155041694641
0.4055759906768799
0.40726956725120544
0.40644022822380066
0.4061014652252197
0.41086146235466003
0.4080844819545746
0.4010508060455322
0.39793649315834045
0.40217113494873047
0.40118321776390076
0.4000185430049896
0.3954200744628906
0.3926440477371216
0.3935392498970032
0.3896162211894989
0.3955957889556885
0.3954429030418396
0.4033077359199524
0.40434908866882324
0.40242868661880493
0.4053042531013489
0.4099745452404022
0.4100257456302643
0.4192797839641571
0.4203158915042877
0.4239751398563385
0.42232656478881836
0.42464587092399597
0.42985406517982483
0.43425121903419495
0.43595072627067566
0.4348350167274475
0.4384033679962158
0.4463796317577362
0.44269832968711853
0.45364394783973694
0.45842981338500977
0.46858611702919006
0.4623687267303467
0.466113805770874
0.4704112112522125
0.4683239161968231
0.4674300253391266
0.47401881217956543
0.46752235293388367
0.47582146525382996
0.4788818061351776
0.4835653305053711
0.4861663281917572
0.4928811192512512
0.49761104583740234
0.5033860802650452
0.5081564784049988
0.5109478831291199
0.5188170671463013
0.5249773859977722
0.5219049453735352
0.5293762683868408
0.5334165096282959
0.5376617908477783
0.5468077659606934
0.5497850775718689
0.5502863526344299
0.5607721209526062
0.555683970451355
0.5642633438110352
0.5624828338623047
0.566442608833313
0.5673736929893494
0.5753325819969177
0.5790414810180664
0.5790905952453613
0.5793339014053345
0.5849048495292664
0.5824028849601746
0.5831236839294434
0.5841789245605469
0.59406977891922
0.602666974067688
0.5990924835205078
0.607709527015686
0.6124868392944336
0.613665759563446
0.6249396204948425
0.6363393664360046
0.6437691450119019
0.6462151408195496
0.6405395865440369
0.6517010927200317
0.6507934927940369
0.650320827960968
0.6483533382415771
0.6576451659202576
0.6605473756790161
0.6613351702690125
0.6590506434440613
0.6634386777877808
0.673555314540863
0.6720924973487854
0.6732949018478394
0.6790698170661926
0.6933598518371582
0.7079525589942932
0.7295385599136353
0.7277836799621582
0.7335624098777771
0.7482734322547913
0.7271250486373901
0.7330736517906189
0.7316004633903503
0.7145094871520996
0.7150559425354004
0.7070896029472351
0.6979405879974365
0.697976291179657
0.690313458442688
0.6939967274665833
0.6825186610221863
0.6933012008666992
0.702064573764801
0.7143808603286743
0.7233790755271912
0.733626663684845
0.7449167966842651
0.7395616173744202
0.7393967509269714
0.7366779446601868
0.7342963814735413
0.7287885546684265
0.7126069068908691
0.7117788791656494
0.691059947013855
0.6830655336380005
0.6661055684089661
0.6599798798561096
0.6567501425743103
0.6577944159507751
0.656599760055542
0.6580244302749634
0.646699845790863
0.6672338843345642
0.6573187708854675
0.6650840640068054
0.6630809903144836
0.6694687008857727
0.6688647866249084
0.652626097202301
0.6656033396720886
0.6529715657234192
0.6408774256706238
0.6403825879096985
0.6223871111869812
0.6165191531181335
0.5939162373542786
0.572313129901886
0.5598682165145874
0.5432754158973694
0.5190451145172119
0.5119869112968445
0.49613043665885925
0.48684483766555786
0.4789982736110687
