0.22930356860160828
0.23289494216442108
0.2333405613899231
0.23544883728027344
0.24658328294754028
0.24966688454151154
0.2531415522098541
0.2713465392589569
0.2736729681491852
0.2662598788738251
0.268457293510437
0.2741047143936157
0.26942747831344604
0.2769384980201721
0.2921939194202423
0.29839026927948
0.31163573265075684
0.31047314405441284
0.2947806715965271
0.28242653608322144
0.27976465225219727
0.2936243712902069
0.28233328461647034
0.28821176290512085
0.2861191928386688
0.29737287759780884
0.2967011630535126
0.2907661199569702
0.2912765145301819
0.2959792912006378
0.3036588430404663
0.302217960357666
0.2935279607772827
0.29079586267471313
0.3164540231227875
0.3107317090034485
0.3056715130805969
0.3260297179222107
0.3438798785209656
0.3605690002441406
0.35793760418891907
0.35864827036857605
0.3436223864555359
0.3395096957683563
0.3380276560783386
0.33660808205604553
0.3393397629261017
0.33262962102890015
0.3385862410068512
0.3196828067302704
0.31298136711120605
0.3125273287296295
0.308545857667923
0.31675198674201965
0.3180678188800812
0.3340694308280945
0.3482198119163513
0.35678496956825256
0.3693152964115143
0.37370455265045166
0.3807559907436371
0.3990398645401001
0.40366101264953613
0.44697943329811096
0.5059850215911865
0.4768329858779907
0.45518121123313904
0.4460771679878235
0.44107407331466675
0.4416099786758423
0.42955702543258667
0.42958351969718933
0.43126988410949707
0.4149836599826813
0.404831200838089
0.39604613184928894
0.38557690382003784
0.38043469190597534
0.377248078584671
0.39180564880371094
0.39067715406417847
0.3692711293697357
0.3450795114040375
0.3518387973308563
0.37057027220726013
0.3932587802410126
0.4219633936882019
0.42495864629745483
0.4364711344242096
0.4276384711265564
0.4184477627277374
0.4094676077365875
0.4068394601345062
0.403471440076828
0.4006379544734955
0.39634397625923157
0.4088496267795563
0.3980191648006439
0.4045597016811371
0.4001005291938782
0.39180535078048706
0.3958691358566284
0.40334993600845337
0.4184643030166626
0.4369882047176361
0.4330380856990814
0.4311876893043518
0.4267849922180176
0.4003433883190155
0.38479650020599365
0.3748127818107605
0.3863449990749359
0.36115890741348267
0.34377920627593994
0.33855974674224854
0.3437539041042328
0.34634149074554443
0.3407543897628784
0.33661624789237976
0.3212663531303406
0.3270739018917084
0.2875820994377136
0.27601727843284607
0.2610030472278595
0.254929780960083
0.25763586163520813
0.26833999156951904
0.2938630282878876
0.2627665102481842
0.25380316376686096
0.246396005153656
0.2399173229932785
0.2424183338880539
0.2811378240585327
0.32822710275650024
0.363005131483078
0.34166601300239563
0.3127882480621338
0.3177351653575897
0.3392961323261261
0.356395959854126
0.3449733555316925
0.3369991183280945
0.3487101197242737
0.34759521484375
0.33881011605262756
0.33259764313697815
0.33861035108566284
0.34013786911964417
0.3297812342643738
0.33767229318618774
0.3223717510700226
0.3309073746204376
0.32924067974090576
0.3313763439655304
0.3477788269519806
0.3493952453136444
0.39481037855148315
0.36916473507881165
0.3960704803466797
0.4003267288208008
0.3953703045845032
0.40297454595565796
0.4018191397190094
0.4031845033168793
0.404682993888855
0.42785853147506714
0.4358223080635071
0.43697571754455566
0.4486616849899292
0.45896127820014954
0.461745947599411
0.465440034866333
0.45620691776275635
0.4711638391017914
0.4853215217590332
0.49399566650390625
0.4854729473590851
0.48740696907043457
0.48438701033592224
0.45741286873817444
0.4747692346572876
0.4632536768913269
0.4927539527416229
0.502967119216919
0.49840229749679565
0.5085833072662354
0.5146137475967407
0.5161851048469543
0.5314329862594604
0.5431780219078064
0.5546092987060547
0.5953783392906189
0.5774156451225281
0.588677167892456
0.5707531571388245
0.6012620329856873
0.5941859483718872
0.6045717597007751
0.6214033961296082
0.6351798176765442
0.6490349769592285
0.6288526654243469
0.5529881119728088
0.5366146564483643
0.5259149074554443
0.5295379757881165
0.5040627717971802
0.5025174617767334
0.5167875289916992
0.5239211320877075
0.5199430584907532
0.5238412022590637
0.5268252491950989
0.523102343082428
0.5267205834388733
0.54549241065979
0.5408352613449097
0.5454932451248169
0.5406736135482788
0.5609305500984192
0.569394052028656
0.5633146166801453
0.5762268304824829
0.5780240297317505
0.5722487568855286
0.5750423669815063
0.5765203237533569
0.5841192603111267
0.5937051773071289
0.618069589138031
0.6222760677337646
0.6434426307678223
0.6433783769607544
0.618918776512146
0.6064021587371826
0.6080482006072998
0.6010497808456421
0.6113536953926086
0.5989747643470764
0.6095913648605347
0.5869226455688477
0.5790411829948425
0.5781897902488708
0.5786842107772827
0.5899938344955444
0.5993871092796326
0.6109519600868225
0.6221188306808472
0.6259461641311646
0.6197940111160278
0.619251012802124
0.6152467131614685
0.6170445680618286
0.6139734387397766
0.6231438517570496
0.6090772151947021
0.5999801158905029
0.590620219707489
0.5801907777786255
0.5736309289932251
0.5710945725440979
0.567719042301178
0.5579178333282471
0.5524032115936279
0.5417162179946899
0.533431887626648
0.5288882851600647
0.5267341136932373
0.5249471068382263
0.5212548971176147
0.5219590663909912
0.5170189142227173
0.5087167024612427
0.5171576142311096
0.5217055678367615
0.5180537104606628
0.5195935368537903
0.501067578792572
0.4663572907447815
0.4594990611076355
0.4540552496910095
0.44886645674705505
0.4449598789215088
0.4491170346736908
0.4342842996120453
0.43339622020721436
0.4455171525478363
0.4486985206604004
0.45154082775115967
0.44920650124549866
0.44439756870269775
0.44379690289497375
0.44612520933151245
0.4411087930202484
0.44384267926216125
0.4447426199913025
0.43396443128585815
0.4189007580280304
0.4252239167690277
0.4150327444076538
0.3986983597278595
0.38743719458580017
0.3749291002750397
0.3596437871456146
0.36023399233818054
0.35501885414123535
0.35836872458457947
0.3701111078262329
0.3673209547996521
0.37513625621795654
0.3820318579673767
0.3963421583175659
0.40441200137138367
0.4035281240940094
0.4044308364391327
0.3826110064983368
0.3754156827926636
0.37522682547569275
0.3664747476577759
0.3758070170879364
0.36736780405044556
0.35892409086227417
0.34948286414146423
0.33914658427238464
0.33397749066352844
0.3502356708049774
0.36203429102897644
0.3692943751811981
0.3775319755077362
0.38119497895240784
0.37956923246383667
0.3825802505016327
0.3901118338108063
0.38859182596206665
0.40549197793006897
0.40511569380760193
0.4099900424480438
0.40461114048957825
0.40483731031417847
0.40743932127952576
0.3938426077365875
0.38714635372161865
0.3804585337638855
0.39158639311790466
0.3873366117477417
0.3954053819179535
0.39361485838890076
0.4185800552368164
0.426590234041214
0.42396706342697144
0.48223406076431274
0.47939813137054443
0.503523588180542
0.5205325484275818
0.5351531505584717
0.55762779712677
0.5967903137207031
0.6229590773582458
0.6464618444442749
0.6645485162734985
0.7023261785507202
0.7170509696006775
0.7316111922264099
0.734699010848999
0.7460106611251831
0.7536928057670593
0.7728004455566406
0.7769846320152283
0.7872342467308044
0.788513720035553
0.785576581954956
0.782235860824585
0.777153730392456
0.7962517738342285
0.8054784536361694
0.8183110952377319
0.8261508345603943
0.8365176916122437
0.8594405651092529
0.8747716546058655
0.9085444808006287
0.9432041645050049
0.9887028932571411
1.0213104486465454
1.0569853782653809
1.090013027191162
1.108307123184204
1.1193132400512695
1.1332167387008667
1.1418033838272095
1.1596007347106934
1.1996675729751587
1.206434726715088
1.2272990942001343
1.2166342735290527
1.2645227909088135
1.2416657209396362
1.261597752571106
1.2620859146118164
1.2551085948944092
1.2666709423065186
1.2690738439559937
1.275814414024353
1.277702808380127
1.2965444326400757
1.310135841369629
1.319749355316162
1.3343738317489624
1.3556382656097412
1.3655166625976562
1.3752843141555786
1.3719305992126465
1.3762917518615723
1.3979262113571167
1.4009242057800293
1.415979266166687
1.427993893623352
1.4608701467514038
1.4791020154953003
1.523990511894226
1.5395513772964478
1.5828287601470947
1.6222879886627197
1.6407972574234009
1.6571593284606934
1.6688412427902222
1.6871085166931152
1.691367745399475
1.709672451019287
1.7393136024475098
1.7510656118392944
1.7527108192443848
1.753965139389038
1.7699823379516602
1.7656078338623047
1.7798607349395752
1.7733219861984253
1.7804173231124878
1.7805840969085693
1.785510540008545
1.7937815189361572
1.834787368774414
1.7998924255371094
1.8026920557022095
1.8137061595916748
1.825448751449585
1.7660971879959106
1.7624115943908691
1.727187991142273
1.698124885559082
1.6806902885437012
1.667426347732544
1.6342030763626099
1.5930510759353638
1.5426322221755981
1.5085234642028809
1.5567057132720947
1.5472720861434937
1.5371589660644531
1.4901992082595825
1.4433330297470093
1.3910986185073853
1.3476364612579346
1.30962073802948
1.3034847974777222
1.296922206878662
1.2756037712097168
1.295276165008545
1.2978293895721436
1.3225226402282715
1.334782361984253
1.3120875358581543
1.280646800994873
1.2605782747268677
1.2566263675689697
1.2705763578414917
1.2300297021865845
1.1936471462249756
1.1542375087738037
1.1342893838882446
1.141390085220337
1.1200761795043945
1.0917983055114746
1.0579867362976074
1.0391255617141724
0.9770698547363281
0.9517516493797302
0.9271924495697021
0.9220161437988281
0.9409997463226318
0.9249306917190552
0.9274066686630249
0.9294476509094238
0.9334851503372192
0.9590820074081421
0.9557825922966003
0.933037519454956
0.9387488961219788
0.935204029083252
0.9293681979179382
0.9227249622344971
0.9114051461219788
0.8972013592720032
0.9012578725814819
0.9264844655990601
0.9323041439056396
0.9323804974555969
0.9286247491836548
0.9088419079780579
0.8752098083496094
0.8417016863822937
0.8355758190155029
0.8542712926864624
0.8457854390144348
0.8299820423126221
0.8062957525253296
0.8096134066581726
0.8058008551597595
0.7803851962089539
0.7426415681838989
0.7155904173851013
0.7316201329231262
0.719791054725647
0.6950550079345703
0.67576003074646
0.6301217675209045
0.6303666830062866
0.6383538842201233
0.6701212525367737
0.6703492403030396
0.6700173616409302
0.6701314449310303
0.6527878046035767
0.6341007351875305
0.6207563281059265
0.6376821398735046
0.6476300954818726
0.7121127843856812
0.7308975458145142
0.6867179274559021
0.7010828852653503
0.7162629961967468
0.7302902340888977
0.7346201539039612
0.7484806776046753
0.7525719404220581
0.7298617959022522
0.7404550313949585
0.7090891003608704
0.7094303965568542
0.7074859142303467
0.7449437379837036
0.70200514793396
0.72310870885849
0.691763699054718
0.7021098136901855
0.6835784316062927
0.6590723395347595
0.649063766002655
0.638542115688324
0.6489814519882202
0.6636136770248413
0.6496492028236389
0.6489869952201843
0.70257568359375
0.7168852686882019
0.697575032711029
0.6839321255683899
0.6612679958343506
0.6779567003250122
0.7012186050415039
0.7040642499923706
0.690480649471283
0.6622868776321411
0.665605366230011
0.6675652861595154
0.6882249116897583
0.7083361744880676
0.721638560295105
0.7380498647689819
0.7638282179832458
0.7732499837875366
0.7652918696403503
0.8010715246200562
0.8257206678390503
0.8640173077583313
0.9186182022094727
0.9348465204238892
0.9900000691413879
1.0359711647033691
1.0675017833709717
1.0896868705749512
1.113903284072876
1.1477850675582886
1.1881353855133057
1.2197996377944946
1.227550745010376
1.1916364431381226
1.2056277990341187
1.2179548740386963
1.2237513065338135
1.2390729188919067
1.2443684339523315
1.2288599014282227
1.2462248802185059
1.2521560192108154
1.2621630430221558
1.296311378479004
1.308390736579895
1.346529483795166
1.3897368907928467
1.4409908056259155
1.4887784719467163
1.533878207206726
1.5685874223709106
1.6040360927581787
1.6332175731658936
1.6533823013305664
1.6874829530715942
1.708121418952942
1.714638113975525
1.7071304321289062
1.7059333324432373
1.721194863319397
1.756543517112732
1.7848964929580688
1.802039384841919
1.8203048706054688
1.8197017908096313
1.8162875175476074
1.8212716579437256
1.8521925210952759
1.8648157119750977
1.8847548961639404
1.9101072549819946
1.9477729797363281
1.9854881763458252
2.038649320602417
2.0672833919525146
2.070159673690796
2.0938775539398193
2.1214635372161865
2.136613368988037
2.15208101272583
2.157607078552246
2.1446003913879395
2.130171060562134
2.131357431411743
2.183168888092041
2.2184183597564697
2.2398176193237305
2.2390332221984863
2.2596781253814697
2.27805233001709
2.2877516746520996
2.3185558319091797
2.326709270477295
2.341905117034912
2.3668572902679443
2.402261972427368
2.4412901401519775
2.495532274246216
2.517982006072998
2.5446813106536865
2.5467710494995117
2.5392725467681885
2.551515579223633
2.5773274898529053
2.5590338706970215
2.5249085426330566
2.4866604804992676
2.456188678741455
2.4367763996124268
2.4102180004119873
2.3829922676086426
2.3463292121887207
2.3715133666992188
2.3695342540740967
2.386004686355591
2.340075969696045
2.27113938331604
2.162341833114624
2.061598062515259
1.9968857765197754
1.9536590576171875
1.941741943359375
1.9154703617095947
1.8521592617034912
1.7735710144042969
1.7191165685653687
1.6694984436035156
1.6345571279525757
1.5873442888259888
1.5595958232879639
1.524848222732544
1.4973450899124146
1.4685262441635132
1.4416178464889526
1.4483857154846191
1.4400384426116943
1.4786349534988403
1.5395293235778809
1.5498722791671753
1.5626391172409058
1.501555323600769
1.4112235307693481
1.3216774463653564
1.2257869243621826
1.1451201438903809
1.1135576963424683
1.0478285551071167
0.9992954730987549
0.9500005841255188
0.9183425903320312
0.8920047283172607
0.8782525658607483
0.8582404851913452
0.8484616875648499
0.8353074789047241
0.8181812167167664
0.8002297878265381
0.7880597114562988
0.7983818054199219
0.9007114171981812
1.0272246599197388
1.118764042854309
1.1273335218429565
1.120537281036377
1.0512850284576416
0.9640128016471863
0.9167580604553223
0.8897594213485718
0.9198980927467346
0.9169440865516663
0.9047102332115173
0.8848690986633301
0.8639430403709412
0.8558666110038757
0.8455697894096375
0.8265883922576904
0.8211835622787476
0.8201143145561218
0.8320770263671875
0.8537503480911255
0.8620070815086365
0.8862395882606506
0.9229743480682373
0.9933186769485474
1.1292688846588135
1.309889316558838
1.5592368841171265
1.6079597473144531
1.5823373794555664
1.419172763824463
1.428027629852295
1.4228744506835938
1.4627132415771484
1.4996153116226196
1.5096133947372437
1.5497658252716064
1.5872761011123657
1.5998904705047607
1.6199864149093628
1.6284053325653076
1.6721194982528687
1.6987204551696777
1.7281302213668823
1.7382946014404297
1.756817102432251
1.7726404666900635
1.785410761833191
1.8062801361083984
1.8306716680526733
1.8571730852127075
1.8857015371322632
1.9144309759140015
1.9464538097381592
1.9713716506958008
1.993218183517456
2.0165228843688965
2.046426296234131
2.0838470458984375
2.0959227085113525
2.120313882827759
2.1382741928100586
2.164233922958374
2.2037062644958496
2.2401442527770996
2.260558843612671
2.2765748500823975
2.298955202102661
2.3241231441497803
2.350233316421509
2.387268543243408
2.3999998569488525
2.4389801025390625
2.44596791267395
2.475741386413574
2.512406349182129
2.5495526790618896
2.5821733474731445
2.6082286834716797
2.6211609840393066
2.6404147148132324
2.6822378635406494
2.718299627304077
2.754028081893921
2.786320686340332
2.8092942237854004
2.8382318019866943
2.800121545791626
2.7948505878448486
2.801633358001709
2.807682752609253
2.8052518367767334
2.7975242137908936
2.7752761840820312
2.762892723083496
2.7419750690460205
2.7004666328430176
2.6555533409118652
2.604196071624756
2.566365957260132
2.5170469284057617
2.4767966270446777
2.429574966430664
2.3865256309509277
2.3736281394958496
2.35310959815979
2.3521995544433594
2.3500664234161377
2.3387417793273926
2.2865238189697266
2.258371353149414
2.2130777835845947
2.163926601409912
2.1587510108947754
2.15602970123291
2.145664930343628
2.1274123191833496
2.110581874847412
2.1112637519836426
2.0856521129608154
2.063628673553467
2.0651543140411377
2.0473721027374268
2.0238406658172607
1.9802446365356445
1.9310474395751953
1.8634085655212402
1.8190816640853882
1.7749782800674438
1.7713243961334229
1.7476187944412231
1.6988452672958374
1.6761589050292969
1.8588331937789917
2.00384259223938
2.119040012359619
2.1113059520721436
2.0290071964263916
1.912911057472229
1.7970905303955078
1.690160870552063
1.6335372924804688
1.6147674322128296
1.5899287462234497
1.5311740636825562
1.4768421649932861
1.4648513793945312
1.533503770828247
1.482202410697937
1.4711545705795288
1.4748759269714355
1.5088120698928833
1.480674386024475
1.4220809936523438
1.3748881816864014
1.3125532865524292
1.3482574224472046
1.39997136592865
1.4670627117156982
1.4851549863815308
1.5027097463607788
1.5119045972824097
1.4808977842330933
1.4675716161727905
1.3982750177383423
1.4252855777740479
1.324803113937378
1.3036234378814697
1.4311258792877197
1.4249933958053589
1.3563857078552246
1.3035588264465332
1.1390570402145386
1.0830011367797852
0.9513133764266968
0.8575156331062317
0.809697687625885
0.8225667476654053
0.8580745458602905
0.8978977203369141
0.9924954175949097
1.016100525856018
0.9793910384178162
0.9518770575523376
0.9400956630706787
0.9142804145812988
0.9044060707092285
0.8437598943710327
0.7908462285995483
0.7239861488342285
0.6644662618637085
0.6254400610923767
0.6103466749191284
0.6011143326759338
0.6405029296875
0.6454561352729797
0.6342725157737732
0.5919204354286194
0.590300977230072
0.5712680220603943
0.5820560455322266
0.6093335747718811
0.5987971425056458
0.6086487174034119
0.5836845636367798
0.5870392322540283
0.5706912279129028
0.5553059577941895
0.5517377257347107
0.5579535365104675
0.5606577396392822
0.5518362522125244
0.5441325902938843
0.5450900793075562
0.5472361445426941
0.5583558678627014
0.562156617641449
0.5650859475135803
0.5642247796058655
0.5670831203460693
0.5618506669998169
0.5816394090652466
0.5914334654808044
0.5989965200424194
0.5769801735877991
0.567952573299408
0.5917899012565613
0.5808044075965881
0.585201621055603
0.6016784310340881
0.577075719833374
0.5919846296310425
0.5916371941566467
0.5770633816719055
0.5674552917480469
0.5587007403373718
0.5547435283660889
0.552244246006012
0.5474811792373657
0.5399430990219116
0.5357710719108582
0.5339899659156799
0.5251837372779846
0.5180003643035889
0.5203933119773865
0.5318563580513
0.5505195260047913
0.550177276134491
0.5375525951385498
0.5486752986907959
0.5611105561256409
0.5843389630317688
0.5634804368019104
0.5567432045936584
0.5568325519561768
0.5499608516693115
0.5454220771789551
0.5167258381843567
0.4901488721370697
0.4788491427898407
0.47048044204711914
0.4674927890300751
0.4658204913139343
0.4682472050189972
0.46343305706977844
0.46300143003463745
0.459963321685791
0.4636324644088745
0.4709978699684143
0.4813450574874878
0.49582868814468384
0.5087176561355591
0.5082781910896301
0.512009859085083
0.5320589542388916
0.5272202491760254
0.520928144454956
0.5052205920219421
0.505919337272644
0.5187633633613586
0.5285589098930359
0.49428045749664307
0.46609675884246826
0.4600265324115753
0.46212756633758545
0.46716487407684326
0.47885921597480774
0.48215585947036743
0.49365389347076416
0.49228495359420776
0.49223291873931885
0.49708595871925354
0.5048579573631287
0.5147401690483093
0.5417468547821045
0.5434590578079224
0.5655038952827454
0.576750636100769
0.5972909331321716
0.5940706729888916
0.5889176726341248
0.5911657214164734
0.5940390229225159
0.599686324596405
0.620924174785614
0.5941076874732971
0.5641940832138062
0.5813018083572388
0.5963211059570312
0.6100860238075256
0.6255751848220825
0.6287205219268799
0.6274548768997192
0.632893979549408
0.6410607695579529
0.6447936296463013
0.6466009020805359
0.6383767127990723
0.6006667613983154
0.5972118377685547
0.5928847789764404
0.5986428260803223
0.6155932545661926
0.6144048571586609
0.618098795413971
0.623964786529541
0.6258858442306519
0.6081817150115967
0.580978512763977
0.5671563744544983
0.5461625456809998
0.5323470234870911
0.5206984877586365
0.5146771669387817
0.5112689137458801
0.5074325203895569
0.5067002773284912
0.512260913848877
0.5217688083648682
0.5169057846069336
0.5157709717750549
0.5130278468132019
0.5022221207618713
0.504787802696228
0.49161240458488464
0.4955715239048004
0.5070715546607971
0.5213897824287415
0.5341399908065796
0.5284565687179565
0.5159335136413574
0.5110028386116028
0.5271399617195129
0.5275589227676392
0.5150632262229919
0.5159112215042114
0.4879218637943268
0.4866065979003906
0.48671504855155945
0.4930000305175781
0.49424999952316284
0.511345386505127
0.5097376108169556
0.5122966766357422
0.5155580639839172
0.5037630200386047
0.47324317693710327
0.45930591225624084
0.4382573068141937
0.43381020426750183
0.41070756316185
0.3877919912338257
0.39463189244270325
0.3996051549911499
0.3984682857990265
0.39831817150115967
0.40862947702407837
0.4056875705718994
0.4004853665828705
0.3867267966270447
0.3931111991405487
0.3810887038707733
0.3803524374961853
0.3768889307975769
0.3775889277458191
0.3759085536003113
0.3736110031604767
0.3759497404098511
0.3783765733242035
0.3772754669189453
0.36974218487739563
0.3634709417819977
0.3745322525501251
0.37222304940223694
0.35051706433296204
0.36347925662994385
0.3602895140647888
0.35921168327331543
0.3585996627807617
0.36467444896698
0.36918342113494873
0.35324224829673767
0.3374927341938019
0.32814329862594604
0.3293566405773163
0.33536165952682495
0.3365652859210968
0.3369147479534149
0.33863693475723267
0.3322250247001648
0.33603283762931824
0.3436029255390167
0.3567354083061218
0.36868640780448914
0.38001853227615356
0.3717806041240692
0.3548114597797394
0.3619545102119446
0.35879838466644287
0.3570072650909424
0.3699740171432495
0.3673246204853058
0.3676464855670929
0.34978562593460083
0.3545580208301544
0.35408875346183777
0.3399032652378082
0.3343948423862457
0.34450939297676086
0.337510883808136
0.33740025758743286
0.3212270140647888
0.31978660821914673
0.32066982984542847
0.3257918655872345
0.3344588875770569
0.34154587984085083
0.342858225107193
0.35464829206466675
0.36321303248405457
0.35852497816085815
0.3750078082084656
0.37840595841407776
0.3891142010688782
0.37945497035980225
0.38645628094673157
0.3884100317955017
0.39445677399635315
0.3982190787792206
0.37853342294692993
0.3703705966472626
0.3453402817249298
0.3525564670562744
0.369864821434021
0.3570384681224823
0.3526536524295807
0.35318315029144287
0.357651025056839
0.35119208693504333
0.3483036160469055
0.34651365876197815
0.33522263169288635
0.3374270498752594
0.35881510376930237
0.4050818085670471
0.4298752546310425
0.48545029759407043
0.5142005085945129
0.5554570555686951
0.569947361946106
0.5621120929718018
0.5661519765853882
0.5607327818870544
0.5598996877670288
0.5470006465911865
0.5452468395233154
0.5621819496154785
0.561298131942749
0.559983491897583
0.5726262331008911
0.5629499554634094
0.5487567186355591
0.5511541962623596
0.5561474561691284
0.5612232685089111
0.5461521148681641
0.5664859414100647
0.5692209601402283
0.5836692452430725
0.5804857015609741
0.5772561430931091
0.554793119430542
0.5529264211654663
0.5578191876411438
0.5672597289085388
0.5787185430526733
0.5851160883903503
0.6074754595756531
0.6311429142951965
0.656036376953125
0.6550561785697937
0.6496305465698242
0.6634469032287598
0.6686404347419739
0.6835695505142212
0.6902551054954529
0.6825440526008606
0.6771361827850342
0.678187906742096
0.6829202175140381
0.6936824321746826
0.7007940411567688
0.7026271820068359
0.6947336196899414
0.6976863741874695
0.7043923139572144
0.6822459101676941
0.6834968328475952
0.6976836919784546
0.7129448652267456
0.7257749438285828
0.750278115272522
0.7587588429450989
0.7834422588348389
0.7989020943641663
0.849816083908081
0.8685979843139648
0.8896350860595703
0.9003772139549255
0.9226001501083374
0.9424609541893005
0.9620864391326904
0.993381679058075
1.035459280014038
1.054337978363037
1.067979335784912
1.1127675771713257
1.1536014080047607
1.1671680212020874
1.1969691514968872
1.2010310888290405
1.1964904069900513
1.2038222551345825
1.2125060558319092
1.2143537998199463
1.236833930015564
1.2171880006790161
1.2228091955184937
1.2294113636016846
1.2509865760803223
1.2702642679214478
1.2844085693359375
1.2938909530639648
1.295030117034912
1.298720359802246
1.2956397533416748
1.3406845331192017
1.3581538200378418
1.3470524549484253
1.356201410293579
1.3673259019851685
1.3875848054885864
1.392910361289978
1.414036750793457
1.424209475517273
1.4135541915893555
1.4088923931121826
1.4268444776535034
1.4397270679473877
1.4370012283325195
1.4308885335922241
1.4440999031066895
1.4873440265655518
1.5100634098052979
1.5315929651260376
1.548093318939209
1.5506541728973389
1.568251132965088
1.5789871215820312
1.5871529579162598
1.603333830833435
1.618042230606079
1.6270980834960938
1.6390563249588013
1.665550947189331
1.6797460317611694
1.7087664604187012
1.731052279472351
1.7197459936141968
1.7386856079101562
1.7686232328414917
1.785159945487976
1.7806894779205322
1.7408190965652466
1.7537758350372314
1.7617900371551514
1.770711064338684
1.784145712852478
1.7761447429656982
1.7790687084197998
1.781589150428772
1.7869162559509277
1.8201618194580078
1.8123598098754883
1.8177114725112915
1.7956074476242065
1.764227032661438
1.7589079141616821
1.7762558460235596
1.7650766372680664
1.760593295097351
1.8001066446304321
1.617189884185791
1.609350562095642
1.5973365306854248
1.5674951076507568
1.5059542655944824
1.4776018857955933
1.4829154014587402
1.4425021409988403
1.4166091680526733
1.4325225353240967
1.4047733545303345
1.3663264513015747
1.3276385068893433
1.2974905967712402
1.259208083152771
1.195999026298523
1.1360036134719849
1.1152267456054688
1.0817110538482666
1.0630854368209839
1.0322171449661255
0.9949336647987366
0.9837550520896912
0.9523568153381348
0.9631820917129517
0.9631927013397217
0.9593269228935242
0.9700479507446289
0.9605365991592407
0.9544004201889038
0.94561767578125
0.9252116680145264
0.919772744178772
0.9112116694450378
0.8881285786628723
0.8861222267150879
0.8795574903488159
0.8764146566390991
0.8365743160247803
0.8164443373680115
0.7912964820861816
0.7817257642745972
0.7719086408615112
0.7500240206718445
0.7224175930023193
0.7501926422119141
0.6611247658729553
0.6650360226631165
0.6376200914382935
0.6507041454315186
0.6158105731010437
0.6010989546775818
0.5785214304924011
0.5542725324630737
0.5692039728164673
0.576134204864502
0.5573352575302124
0.562349796295166
0.5441476106643677
0.5410136580467224
0.5345337986946106
0.5352542400360107
0.5234729051589966
0.5126838088035583
0.5095371007919312
0.5119056105613708
0.54147869348526
0.5293517708778381
0.510948896408081
0.506432056427002
0.5125299096107483
0.5178342461585999
0.5022683143615723
0.512787938117981
0.5278260111808777
0.5471118688583374
0.5598819255828857
0.5832615494728088
0.6029818058013916
0.6162111163139343
0.6388019919395447
0.6611875295639038
0.6767163872718811
0.6973952651023865
0.7169061303138733
0.7291991710662842
0.7481911182403564
0.753221333026886
0.7631539106369019
0.7779185175895691
0.8090142011642456
0.800351083278656
0.8147416114807129
0.8293760418891907
0.8369816541671753
0.8349840044975281
0.8100904822349548
0.8085784912109375
0.8166364431381226
0.8282815217971802
0.8618747591972351
0.861847460269928
0.8549448847770691
0.8400129675865173
0.8399800062179565
0.8522928357124329
0.8617683053016663
0.8915952444076538
0.9032283425331116
0.9241085052490234
0.9586902856826782
0.9784436821937561
0.9911419153213501
1.0054775476455688
1.0282173156738281
1.0611497163772583
1.0962424278259277
1.141178846359253
1.1787256002426147
1.2113242149353027
1.245168924331665
1.2914317846298218
1.2942255735397339
1.324820637702942
1.3392623662948608
1.3605343103408813
1.370416522026062
1.371319055557251
1.4026026725769043
1.4351752996444702
1.4646353721618652
1.4898625612258911
1.5501691102981567
1.601824164390564
1.6419497728347778
1.692515254020691
1.72773277759552
1.7531771659851074
1.8162871599197388
1.8846321105957031
1.9376264810562134
1.9935014247894287
2.035062313079834
2.0813286304473877
2.126105308532715
2.179622173309326
2.203207015991211
2.2495946884155273
2.2822964191436768
2.3180127143859863
2.366816282272339
2.3914148807525635
2.41806697845459
2.464043617248535
2.506960153579712
2.5474352836608887
2.603588581085205
2.6958346366882324
2.7553625106811523
2.8069396018981934
2.8879032135009766
2.9783339500427246
3.058314800262451
3.104733467102051
3.157212018966675
3.1943700313568115
3.2136130332946777
3.2808151245117188
3.310136318206787
3.3628017902374268
3.368863821029663
3.362208366394043
3.3609936237335205
3.3864052295684814
3.3878371715545654
3.412078857421875
3.4654955863952637
3.4547431468963623
3.476881980895996
3.490434169769287
3.5149762630462646
3.5334837436676025
3.5547173023223877
3.572280168533325
3.5967509746551514
3.627638339996338
3.663109302520752
3.6829872131347656
3.7488279342651367
3.806643486022949
3.8285391330718994
3.8173444271087646
3.8468403816223145
3.85514760017395
3.85212779045105
3.861076831817627
3.8796470165252686
3.8794541358947754
3.874046802520752
3.8591182231903076
3.8716888427734375
3.862996816635132
3.7801551818847656
3.723381519317627
3.726083755493164
3.676776885986328
3.634091854095459
3.602781057357788
3.5591063499450684
3.5008530616760254
3.4124503135681152
3.3014907836914062
3.209836483001709
3.12544584274292
3.114025354385376
3.0277209281921387
2.919508934020996
2.884180784225464
2.835416078567505
2.773019313812256
2.722608804702759
2.6842854022979736
2.6573750972747803
2.6147470474243164
2.5533480644226074
2.478015422821045
2.41762375831604
2.375861167907715
2.309598207473755
2.278123617172241
2.2459728717803955
2.210272789001465
2.164584159851074
2.0907821655273438
2.0105137825012207
1.93778395652771
1.878001093864441
1.8402652740478516
1.7784624099731445
1.756011962890625
1.7109637260437012
1.634217381477356
1.5659154653549194
1.480069637298584
1.3862708806991577
1.3267728090286255
1.2677066326141357
1.1728895902633667
1.0872454643249512
1.0282737016677856
1.0184115171432495
0.9781779646873474
0.9464545845985413
0.9148156642913818
0.8747771978378296
0.852904200553894
0.8271304965019226
0.7745606899261475
0.739154040813446
0.677587628364563
0.6228187084197998
0.5777135491371155
0.5462628602981567
0.4737657904624939
0.4281620979309082
0.37641942501068115
0.35743772983551025
0.35623177886009216
0.33802178502082825
0.3304007351398468
0.29363349080085754
0.28380802273750305
0.27553755044937134
0.2569407522678375
0.2374979704618454
0.2528964579105377
0.23163928091526031
0.22955361008644104
0.23944386839866638
0.2572777271270752
0.26619479060173035
0.2674674093723297
0.2549517750740051
0.25111475586891174
0.2801986336708069
0.2938961684703827
0.3385077118873596
0.36698758602142334
0.3463769257068634
0.3420863747596741
0.3283160924911499
0.31947773694992065
0.31631210446357727
0.3076097369194031
0.3036509156227112
0.3201198875904083
0.3229658305644989
0.31893426179885864
0.321205198764801
0.30829671025276184
0.3136415183544159
0.31068718433380127
0.30491623282432556
0.3164874017238617
0.33289897441864014
0.3372651934623718
0.35120734572410583
0.3591361343860626
0.3699873983860016
0.3673873245716095
0.3652307391166687
0.3533259332180023
0.33363938331604004
0.34289082884788513
0.35873183608055115
0.35510140657424927
0.35202765464782715
0.3467963933944702
0.3487797677516937
0.35822543501853943
0.37864771485328674
0.36368101835250854
0.3626500070095062
0.3696056604385376
0.3786141276359558
0.3804711699485779
0.3842814266681671
0.38055408000946045
0.3805031180381775
0.39594796299934387
0.3769172132015228
0.3850000202655792
0.36662402749061584
0.38559070229530334
0.3896923065185547
0.3597494959831238
0.3794897198677063
0.34186142683029175
0.3302169442176819
0.3196304738521576
0.31142327189445496
0.31516358256340027
0.3133820593357086
0.3145548403263092
0.30353641510009766
0.301557332277298
0.2944321036338806
0.28848275542259216
0.2802284359931946
0.27056166529655457
0.27410000562667847
0.26019084453582764
0.25048768520355225
0.2296084463596344
0.22163859009742737
0.2269674688577652
0.24428047239780426
0.2396174818277359
0.22401712834835052
0.2300848811864853
0.2358441799879074
0.2324485331773758
0.23035399615764618
0.22718332707881927
0.2317635715007782
0.23636101186275482
0.23738735914230347
0.23515526950359344
0.2299308329820633
0.23361729085445404
0.23661808669567108
0.23889689147472382
0.24683421850204468
0.24202826619148254
0.23779195547103882
0.23361560702323914
0.23017115890979767
0.2197536826133728
0.22054584324359894
0.22736701369285583
0.22485043108463287
0.2226627916097641
0.22987350821495056
0.2364570051431656
0.2387462854385376
0.24566563963890076
0.24329431354999542
0.243439182639122
0.24954292178153992
0.25424912571907043
0.25668948888778687
0.25651219487190247
0.24787263572216034
0.25701719522476196
0.2517935633659363
0.2578170597553253
0.2485034167766571
0.2437046617269516
0.25200968980789185
0.25815027952194214
0.24383382499217987
0.2326221913099289
0.2213488519191742
0.2307082563638687
0.2073008269071579
0.2381172627210617
0.23884476721286774
0.24388712644577026
0.22205273807048798
0.21263282001018524
0.2022780030965805
0.20266121625900269
0.20015087723731995
0.19649037718772888
0.19503138959407806
0.191429004073143
0.18653756380081177
0.18835492432117462
0.1958155483007431
0.19324353337287903
0.1957477480173111
0.1917392462491989
0.19939716160297394
0.2078005075454712
0.2063664048910141
0.20447449386119843
0.20678552985191345
0.1828708052635193
0.18291085958480835
0.19146710634231567
0.1879419982433319
0.18081356585025787
0.18767112493515015
0.18538378179073334
0.1794918030500412
0.17592744529247284
0.17511622607707977
0.17898030579090118
0.18105147778987885
0.1759696900844574
0.17448808252811432
0.1660545915365219
0.16521722078323364
0.16585662961006165
0.16136474907398224
0.1558379977941513
0.15455619990825653
0.1641041338443756
0.1677551567554474
0.17244647443294525
0.18921563029289246
0.2062014639377594
0.23131373524665833
0.2557506263256073
0.2706761956214905
0.2728368639945984
0.2714192271232605
0.2788720726966858
0.2696612775325775
0.27226629853248596
0.2768244743347168
0.2829100787639618
0.28652018308639526
0.2838612198829651
0.2855241596698761
0.29347988963127136
0.29764503240585327
0.3029367923736572
0.3047434687614441
0.3022274672985077
0.3042989671230316
0.2999502718448639
0.3023919463157654
0.29227662086486816
0.2995831370353699
0.3055727481842041
0.3124169111251831
0.3331816494464874
0.33146944642066956
0.3352561295032501
0.3536321520805359
0.33113017678260803
0.3350719213485718
0.3542584180831909
0.3605250418186188
0.3575208783149719
0.3554590940475464
0.34990620613098145
0.33224067091941833
0.3410164713859558
0.3381931781768799
0.3432742953300476
0.3461885452270508
0.3497564196586609
0.3479432761669159
0.3387686014175415
0.32172006368637085
0.3159741163253784
0.3315964937210083
0.3572103977203369
0.37818974256515503
0.3958563208580017
0.4120323657989502
0.430388867855072
0.4039854407310486
0.4029628336429596
0.4245073199272156
0.4289253056049347
0.4378156363964081
0.4478946030139923
0.4476073682308197
0.4465653598308563
0.44388845562934875
0.4623253345489502
0.4589797556400299
0.4622763395309448
0.45386114716529846
0.43965476751327515
0.44360366463661194
0.43351009488105774
0.42209747433662415
0.4059693217277527
0.3993954062461853
0.38988304138183594
0.38318097591400146
0.39108628034591675
0.4103251099586487
0.4009190499782562
0.39739423990249634
0.40660300850868225
0.4164871573448181
0.4267040491104126
0.4367661774158478
0.43681982159614563
0.44516319036483765
0.44475528597831726
0.4525063931941986
0.4675607681274414
0.46009618043899536
0.46083247661590576
0.464017778635025
0.474893182516098
0.47366800904273987
0.4832247495651245
0.4863779842853546
0.4670180380344391
0.4357110857963562
0.42581385374069214
0.40329036116600037
0.39571648836135864
0.371827095746994
0.34775471687316895
0.3634759783744812
0.3709561824798584
0.39735478162765503
0.40457263588905334
0.4013831317424774
0.40047338604927063
0.4046931564807892
0.39077720046043396
0.40169963240623474
0.40590760111808777
0.4321853220462799
0.4423055350780487
0.4431680142879486
0.4374951124191284
0.4412786364555359
0.4371960163116455
0.43872153759002686
0.428030788898468
0.4045869708061218
0.3831663727760315
0.3813125491142273
0.399793803691864
0.40050506591796875
0.3884069323539734
0.38528937101364136
0.41124239563941956
0.4188053607940674
0.43376463651657104
0.4124706983566284
0.40836194157600403
0.4094085395336151
0.3999536335468292
0.39854195713996887
0.3955160975456238
0.4139517545700073
0.42799022793769836
0.42675986886024475
0.4184108078479767
0.42519447207450867
0.4365905523300171
0.43796008825302124
0.43694087862968445
0.44520384073257446
0.4298079311847687
0.4201296865940094
0.42804592847824097
0.40412840247154236
0.3699835538864136
0.35926759243011475
0.3783254325389862
0.4032834470272064
0.40803006291389465
0.40255311131477356
0.3978514075279236
0.39025887846946716
0.37975648045539856
0.37135836482048035
0.3790800869464874
0.3842475712299347
0.38384315371513367
0.38764119148254395
0.3864479959011078
0.3815833032131195
0.373686283826828
0.38046395778656006
0.383806973695755
0.3946942389011383
0.3941497802734375
0.3886253833770752
0.3978482782840729
0.4103778600692749
0.3945048153400421
0.4259018301963806
0.42141297459602356
0.41822898387908936
0.41670989990234375
0.4274511933326721
0.4341265857219696
0.4361695945262909
0.4283163845539093
0.4201698303222656
0.4185872972011566
0.4174878001213074
0.4114212393760681
0.40951356291770935
0.3965096175670624
0.3829710781574249
0.3877332806587219
0.3837967813014984
0.38840022683143616
0.3929091989994049
0.40891578793525696
0.4085690677165985
0.43096697330474854
0.41569337248802185
0.4148920178413391
0.4329964816570282
0.42190197110176086
0.4004642963409424
0.4017913043498993
0.4095999598503113
0.41145262122154236
0.4117050766944885
0.4120306372642517
0.41182705760002136
0.4049360156059265
0.4034299850463867
0.41009122133255005
0.41318485140800476
0.4141128361225128
0.4199961721897125
0.43247440457344055
0.445344477891922
0.45435360074043274
0.4575020968914032
0.4377589523792267
0.43271583318710327
0.4604901969432831
0.45692893862724304
0.45951753854751587
0.4711872339248657
0.4559059143066406
0.43583643436431885
0.41961997747421265
0.4180542826652527
0.4174624979496002
0.4168340265750885
0.42068392038345337
0.4255134165287018
0.42804163694381714
0.43096959590911865
0.43046802282333374
0.4330596923828125
0.43805667757987976
0.44696110486984253
0.4665641784667969
0.4642140567302704
0.4665069580078125
0.46934565901756287
0.4640440344810486
0.467129111289978
0.4741975665092468
0.47789356112480164
0.46674802899360657
0.4709663391113281
0.44993337988853455
0.42950639128685
0.41721290349960327
0.41768452525138855
0.4181828200817108
0.4237787127494812
0.42307454347610474
0.4239517152309418
0.41733235120773315
0.4208958148956299
0.43142250180244446
0.4381154477596283
0.45157068967819214
0.45530447363853455
0.471253365278244
0.4944148063659668
0.5095207691192627
0.4932783842086792
0.47572872042655945
0.47649458050727844
0.48142534494400024
0.46637162566185
0.45104169845581055
0.44735583662986755
0.4502094089984894
0.44607409834861755
0.4561867117881775
0.46409615874290466
0.4697326421737671
0.47221019864082336
0.47295960783958435
0.47749361395835876
0.4743717908859253
0.48211345076560974
0.48640623688697815
0.49570220708847046
0.5035455226898193
0.5144819617271423
0.5338148474693298
0.5452966094017029
0.5426221489906311
0.5480905175209045
0.5115988850593567
0.4920823276042938
0.5074674487113953
0.48414087295532227
0.478884220123291
0.4794011116027832
0.4578102231025696
0.4424823522567749
0.44452422857284546
0.4584852457046509
0.458497017621994
0.46219149231910706
0.43107813596725464
0.4244813621044159
0.4199003577232361
0.4234013557434082
0.41910168528556824
0.4202418327331543
0.4092321991920471
0.41134849190711975
0.4261614680290222
0.45571213960647583
0.4664107859134674
0.4840666651725769
0.44161632657051086
0.4116763174533844
0.3666541874408722
0.3514192998409271
0.32288774847984314
0.31793487071990967
0.30859512090682983
0.3034701645374298
0.30157437920570374
0.31985992193222046
0.3171597421169281
0.3103882372379303
0.2948548197746277
0.2714823782444
0.2860283851623535
0.288598895072937
0.2914508581161499
0.2747943103313446
0.26807504892349243
0.2552270293235779
0.25727659463882446
0.26663443446159363
0.27330872416496277
0.2501245439052582
0.226133331656456
0.2081688493490219
0.19939422607421875
0.18577101826667786
0.17247222363948822
0.1717020720243454
0.17495879530906677
0.17067289352416992
0.19240878522396088
0.21118614077568054
0.2296786606311798
0.23528943955898285
0.24474307894706726
0.25761106610298157
0.26419222354888916
0.2799796760082245
0.29270100593566895
0.31223687529563904
0.3286900222301483
0.35021838545799255
0.35994401574134827
0.36486348509788513
0.36934325098991394
0.377240926027298
0.3881579041481018
0.399325966835022
0.4165739417076111
0.43438154458999634
0.4392446279525757
0.44635146856307983
0.4616783857345581
0.4788285195827484
0.4987287223339081
0.5098786354064941
0.5192996263504028
0.5205974578857422
0.5234162211418152
0.5354360342025757
0.5412814021110535
0.5370509624481201
0.5536080598831177
0.560727059841156
0.577498197555542
0.5825438499450684
0.5949417352676392
0.6148520112037659
0.6264821887016296
0.6400572061538696
0.6387547850608826
0.6443719863891602
0.7011301517486572
0.7639585137367249
0.8238000273704529
0.8438966870307922
0.8585043549537659
0.8856678009033203
0.8861985206604004
0.8989692330360413
0.9217948913574219
0.9249213933944702
0.9295578002929688
0.9362195730209351
0.9499872326850891
0.9673185348510742
0.9884876012802124
1.016934871673584
1.0528684854507446
1.0765007734298706
1.0996460914611816
1.123342752456665
1.1287833452224731
1.1497431993484497
1.1657733917236328
1.2007900476455688
1.215592861175537
1.2425707578659058
1.2589445114135742
1.2714415788650513
1.2941131591796875
1.3145030736923218
1.3303595781326294
1.3458479642868042
1.3500081300735474
1.362046241760254
1.3663604259490967
1.3884484767913818
1.3792572021484375
1.3934905529022217
1.415196180343628
1.4268615245819092
1.4436020851135254
1.4516005516052246
1.462269902229309
1.4764562845230103
1.4958686828613281
1.4930412769317627
1.496111273765564
1.5119166374206543
1.513034701347351
1.5195116996765137
1.543247103691101
1.5644019842147827
1.5635483264923096
1.5692870616912842
1.5552527904510498
1.5372260808944702
1.5078798532485962
1.5033408403396606
1.4747332334518433
1.4721482992172241
1.447283387184143
1.4281578063964844
1.4272964000701904
1.4274835586547852
1.4195208549499512
1.41055428981781
1.4052646160125732
1.3885555267333984
1.3819284439086914
1.3894788026809692
1.3867405652999878
1.3601336479187012
1.3923805952072144
1.3840159177780151
1.3644301891326904
1.341227412223816
1.3258562088012695
1.3163374662399292
1.3134106397628784
1.3037397861480713
1.296181321144104
1.2890108823776245
1.2745174169540405
1.279299259185791
1.2748537063598633
1.2712905406951904
1.2811949253082275
1.2826963663101196
1.284016489982605
1.280394196510315
1.2480075359344482
1.2308851480484009
1.2135100364685059
1.19088876247406
1.1596879959106445
1.1478655338287354
1.0431863069534302
1.0152941942214966
0.9396502375602722
0.9200742840766907
0.8984691500663757
0.8701770305633545
0.8424604535102844
0.8192200660705566
0.7996975183486938
0.792686939239502
0.768425464630127
0.7364906668663025
0.7176845073699951
0.6932253241539001
0.6710866689682007
0.6527674794197083
0.6368357539176941
0.6225611567497253
0.6169843077659607
0.6376506090164185
0.6445411443710327
0.6476373076438904
0.642715573310852
0.649206280708313
0.6344325542449951
0.6249651312828064
0.6164815425872803
0.6115188002586365
0.6006637215614319
0.599166214466095
0.5886669158935547
0.5773215889930725
0.5717245936393738
0.5492669343948364
0.5342258214950562
0.5355623960494995
0.5213649272918701
0.5224828720092773
0.5168415307998657
0.5230721235275269
0.518799364566803
0.5233213305473328
0.5060461759567261
0.5009551644325256
0.48176121711730957
0.450529009103775
0.43911489844322205
0.4290701746940613
0.43028077483177185
0.4275633990764618
0.42442426085472107
0.42451855540275574
0.40433967113494873
0.3981732428073883
0.3980335593223572
0.4128534197807312
0.4154249131679535
0.4172957241535187
0.40913623571395874
0.4233465790748596
0.4211592674255371
0.4255947470664978
0.4332639276981354
0.43512409925460815
0.44821375608444214
0.43702343106269836
0.46242886781692505
0.4531745910644531
0.46407783031463623
0.4632404148578644
0.4488123059272766
0.4453209638595581
0.47638243436813354
0.4565531611442566
0.4625888168811798
0.47409114241600037
0.4726065695285797
0.4670330286026001
0.4746852219104767
0.4778015613555908
0.4832139015197754
0.501678466796875
0.5116301774978638
0.5367259383201599
0.5436320900917053
0.5546507239341736
0.5584250092506409
0.5640326142311096
0.5716191530227661
0.5732392072677612
0.5852953791618347
0.6042133569717407
0.6205097436904907
0.6208320260047913
0.6253812313079834
0.6188027262687683
0.6012009382247925
0.5807923674583435
0.5663899779319763
0.5538092851638794
0.5504564046859741
0.5556550621986389
0.560767412185669
0.5684457421302795
0.5786911249160767
0.5950776934623718
0.6027779579162598
0.6250109076499939
0.6434641480445862
0.6550928950309753
0.6599863171577454
0.6699400544166565
0.67703777551651
0.683491587638855
0.6962845325469971
0.7092317342758179
0.7375824451446533
0.7599155902862549
0.7981411218643188
0.8295838832855225
0.8703662753105164
0.918921709060669
0.9407461285591125
0.9596553444862366
0.9867047071456909
0.9911021590232849
0.9771386384963989
0.9829726815223694
0.9978656768798828
1.0215572118759155
1.042042851448059
1.0691455602645874
1.0875333547592163
1.1128075122833252
1.1063517332077026
1.120582938194275
1.1263864040374756
1.132584571838379
1.1491338014602661
1.1908812522888184
1.1870410442352295
1.2251360416412354
1.2577170133590698
1.278861165046692
1.3177919387817383
1.334222674369812
1.3753176927566528
1.41556715965271
1.456386685371399
1.4685765504837036
1.4663612842559814
1.455619215965271
1.4275377988815308
1.43505859375
1.4475916624069214
1.461768627166748
1.4522898197174072
1.4369741678237915
1.406963586807251
1.3876703977584839
1.3551298379898071
1.3285595178604126
1.3057749271392822
1.3125014305114746
1.2842274904251099
1.2871184349060059
1.3048614263534546
1.3517873287200928
1.4436373710632324
1.4875282049179077
1.5592470169067383
1.5645647048950195
1.5813184976577759
1.5600855350494385
1.5547068119049072
1.5019999742507935
1.498124599456787
1.471588373184204
1.4689029455184937
1.4617968797683716
1.4921787977218628
1.4970005750656128
1.5132476091384888
1.5173953771591187
1.486695408821106
1.4403213262557983
1.4843499660491943
1.4187756776809692
1.361732006072998
1.3898626565933228
1.3020440340042114
1.3267027139663696
1.3065205812454224
1.2545086145401
1.236334204673767
1.1864326000213623
1.1628868579864502
1.1711816787719727
1.1612670421600342
1.1672593355178833
1.1568939685821533
1.1640318632125854
1.1516414880752563
1.1525132656097412
1.145483374595642
1.1267950534820557
1.098150372505188
1.081703543663025
1.068792462348938
1.0730671882629395
1.0572317838668823
1.0255213975906372
0.9902979731559753
0.9617300033569336
0.9264163374900818
0.9064080715179443
0.8728485107421875
0.7943692803382874
0.7638797163963318
0.7574214339256287
0.7398361563682556
0.7128502726554871
0.6734116673469543
0.6542463898658752
0.6413092017173767
0.6390664577484131
0.6311699151992798
0.6253812909126282
0.6084627509117126
0.5911733508110046
0.5721463561058044
0.5630062818527222
0.5479578375816345
0.5367910861968994
0.5210288166999817
0.521454930305481
0.5335410237312317
0.5565035939216614
0.5249086022377014
0.5083609819412231
0.5039134621620178
0.4998818337917328
0.46871599555015564
0.4852486550807953
0.4651002585887909
0.4367752969264984
0.42301225662231445
0.4144354462623596
0.40578579902648926
0.41384580731391907
0.40650027990341187
0.41322192549705505
0.40635818243026733
0.40670013427734375
0.4042286276817322
0.3994881510734558
0.39680254459381104
0.4050433039665222
0.3780424892902374
0.40134894847869873
0.414028525352478
0.40690967440605164
0.38523855805397034
0.38239338994026184
0.3784642815589905
0.38863301277160645
0.3945308029651642
0.40773865580558777
0.40135839581489563
0.3819717764854431
0.37013012170791626
0.3750322461128235
0.37717288732528687
0.38221433758735657
0.38368093967437744
0.3870214819908142
0.39138635993003845
0.39465510845184326
0.3948691189289093
0.39969536662101746
0.40277400612831116
0.4029040038585663
0.39934414625167847
0.4216992259025574
0.44144949316978455
0.4358225464820862
0.4364211857318878
0.47212883830070496
0.4635739326477051
0.4602713882923126
0.4598526954650879
0.4759518802165985
0.4695887565612793
0.4464390277862549
0.4487769901752472
0.448259174823761
0.45659035444259644
0.45313432812690735
0.44059619307518005
0.44482487440109253
0.4499076306819916
0.45232829451560974
0.4583517014980316
0.4623706638813019
0.4701637029647827
0.4843146502971649
0.4945352375507355
0.5246885418891907
0.5485977530479431
0.537982165813446
0.5094599723815918
0.48303723335266113
0.4649839997291565
0.44442272186279297
0.4169747531414032
0.42555856704711914
0.4031500220298767
0.388663113117218
0.3936440646648407
0.38980022072792053
0.3828463852405548
0.3932129144668579
0.3970899283885956
0.40127527713775635
0.3942970931529999
0.39767712354660034
0.3995419442653656
0.39602580666542053
0.3920964002609253
0.3933252692222595
0.4057539105415344
0.39986130595207214
0.4256218671798706
0.43571680784225464
0.37837833166122437
0.35235849022865295
0.28364256024360657
0.24338018894195557
0.23163709044456482
0.2293548434972763
0.22274327278137207
0.2334296852350235
0.23745428025722504
0.24063915014266968
0.2355034351348877
0.23977026343345642
0.2257513552904129
0.21881631016731262
0.21397195756435394
0.20470771193504333
0.20107142627239227
0.209167942404747
0.21638983488082886
0.20641300082206726
0.22366158664226532
0.2507951855659485
0.28090742230415344
0.26434189081192017
0.2505315840244293
0.23724642395973206
0.2118881642818451
0.19336462020874023
0.17354612052440643
0.1611567884683609
0.1582360863685608
0.15970391035079956
0.15711039304733276
0.15667368471622467
0.1578463912010193
0.1619759500026703
0.1658191978931427
0.15808123350143433
0.14887560904026031
0.15654367208480835
0.15453647077083588
0.15661409497261047
0.16238872706890106
0.1600283980369568
0.16844449937343597
0.17070230841636658
0.16661357879638672
0.1702972650527954
0.17550158500671387
0.17706571519374847
0.16602744162082672
0.163376584649086
0.16052110493183136
0.15983234345912933
0.15970151126384735
0.15872186422348022
0.15913785994052887
0.1546325981616974
0.15547995269298553
0.15934151411056519
0.15776513516902924
0.14914412796497345
0.14912578463554382
0.15513493120670319
0.15168176591396332
0.15027016401290894
0.15213441848754883
0.15295685827732086
0.15537890791893005
0.16657117009162903
0.16687054932117462
0.16502158343791962
0.1623767763376236
0.1673244684934616
0.16977496445178986
0.16512669622898102
0.16321809589862823
0.1575155258178711
0.16387256979942322
0.1506602019071579
0.14988981187343597
0.14515671133995056
0.1435149908065796
0.15215425193309784
0.1507718861103058
0.1385868638753891
0.13843601942062378
0.13412877917289734
0.13268016278743744
0.13213373720645905
0.1285763382911682
0.12760356068611145
0.1306076943874359
0.12713979184627533
0.12322287261486053
0.13223373889923096
0.1355064958333969
0.13274414837360382
0.13277889788150787
0.13306015729904175
0.1327427625656128
0.13241834938526154
0.13300640881061554
0.13153290748596191
0.13460838794708252
0.1361307054758072
0.13779643177986145
0.14400337636470795
0.14588870108127594
0.1420956552028656
0.14504539966583252
0.14516140520572662
0.14450249075889587
0.14514786005020142
0.14121466875076294
0.13741448521614075
0.1323523074388504
0.13538387417793274
0.13885195553302765
0.15754811465740204
0.1787119209766388
0.21035045385360718
0.2427946776151657
0.2747085988521576
0.293643593788147
0.2925754189491272
0.2884426712989807
0.28510740399360657
0.2850564420223236
0.2806192636489868
0.28307369351387024
0.30121269822120667
0.29828816652297974
0.299223393201828
0.303454726934433
0.2910071313381195
0.2927704453468323
0.28335002064704895
0.2813359797000885
0.2830311954021454
0.2693862020969391
0.2645256817340851
0.26228320598602295
0.26621299982070923
0.2895146608352661
0.331842303276062
0.35674989223480225
0.37808218598365784
0.3826204538345337
0.3815116882324219
0.3746934235095978
0.37456798553466797
0.37569525837898254
0.3726603090763092
0.38104569911956787
0.38814666867256165
0.38239896297454834
0.37110424041748047
0.38616761565208435
0.39399734139442444
0.40392598509788513
0.4078068435192108
0.40934064984321594
0.4032139480113983
0.39721229672431946
0.3846217691898346
0.3671324551105499
0.3740939795970917
0.3766833543777466
0.35964617133140564
0.35339945554733276
0.3641829788684845
0.3502868711948395
0.36228907108306885
0.3657664358615875
0.35081082582473755
0.3552875816822052
0.35223597288131714
0.35724756121635437
0.3629230260848999
0.3664623200893402
0.3532826602458954
