0.11166167259216309
0.11821572482585907
0.14191806316375732
0.13230270147323608
0.1326574832201004
0.136550635099411
0.1306512951850891
0.1325410157442093
0.13624702394008636
0.15457972884178162
0.14768649637699127
0.16091331839561462
0.1715802550315857
0.16288499534130096
0.15914341807365417
0.16511820256710052
0.18940536677837372
0.1885008066892624
0.18951156735420227
0.19773635268211365
0.1883857101202011
0.1865704506635666
0.1853109896183014
0.1988542526960373
0.1995655745267868
0.20569662749767303
0.2176538109779358
0.21423962712287903
0.20556657016277313
0.20379327237606049
0.20419496297836304
0.20413820445537567
0.20578384399414062
0.21509075164794922
0.21768257021903992
0.21483741700649261
0.21428939700126648
0.21219119429588318
0.21495561301708221
0.21868357062339783
0.2286624163389206
0.2337222397327423
0.23710772395133972
0.24191954731941223
0.24158844351768494
0.25240451097488403
0.25153058767318726
0.26237326860427856
0.26580026745796204
0.2660601735115051
0.27642306685447693
0.2751004695892334
0.28865575790405273
0.28400948643684387
0.2870928645133972
0.2889834940433502
0.2885361313819885
0.3014666438102722
0.31952428817749023
0.31731659173965454
0.31082308292388916
0.3118571937084198
0.3126422166824341
0.30501434206962585
0.307169646024704
0.30684763193130493
0.3129408359527588
0.29942768812179565
0.2999378442764282
0.2907719612121582
0.2808593511581421
0.28194671869277954
0.2874090075492859
0.28272485733032227
0.2846165895462036
0.28100454807281494
0.2878991961479187
0.2820602059364319
0.28867900371551514
0.2880638837814331
0.2958448827266693
0.2889786958694458
0.28883805871009827
0.29291391372680664
0.2832295596599579
0.28675270080566406
0.29193755984306335
0.2739071249961853
0.27210134267807007
0.27806293964385986
0.27260422706604004
0.2592580020427704
0.2565978467464447
0.24771961569786072
0.24593940377235413
0.23933164775371552
0.2381797730922699
0.24031022191047668
0.23275277018547058
0.23291730880737305
0.22922366857528687
0.22996923327445984
0.23003004491329193
0.23418425023555756
0.22990715503692627
0.21837615966796875
0.2160172462463379
0.21146278083324432
0.21111629903316498
0.2146051973104477
0.22125309705734253
0.22187569737434387
0.21045558154582977
0.21230755746364594
0.21011702716350555
0.20867133140563965
0.21300391852855682
0.22206351161003113
0.21442043781280518
0.20083218812942505
0.19801156222820282
0.19493919610977173
0.19288310408592224
0.19645655155181885
0.20470619201660156
0.20147161185741425
0.18464338779449463
0.17951516807079315
0.17944931983947754
0.18485085666179657
0.18333584070205688
0.18083946406841278
0.1785469651222229
0.168039008975029
0.16067425906658173
0.15978270769119263
0.16325443983078003
0.15990343689918518
0.15970921516418457
0.15397851169109344
0.14509108662605286
0.1411316990852356
0.13606521487236023
0.1375333070755005
0.138392835855484
0.149240642786026
0.13127756118774414
0.12149256467819214
0.12379907071590424
0.13216117024421692
0.15059992671012878
0.15993165969848633
0.16421568393707275
0.1604894995689392
0.13967570662498474
0.1389404535293579
0.1505545973777771
0.16817520558834076
0.17749536037445068
0.18837839365005493
0.16493123769760132
0.1505316197872162
0.1451447606086731
0.1572643518447876
0.16959016025066376
0.18672971427440643
0.18849137425422668
0.1754605770111084
0.16403895616531372
0.16114799678325653
0.1683412790298462
0.17043563723564148
0.1785142868757248
0.16373178362846375
0.15424410998821259
0.15049278736114502
0.15008266270160675
0.16154788434505463
0.16652517020702362
0.17065100371837616
0.17456112802028656
0.18361660838127136
0.18169450759887695
0.17393946647644043
0.18362341821193695
0.1951899528503418
0.1966364085674286
0.17994831502437592
0.17296123504638672
0.1805935502052307
0.17727839946746826
0.17959588766098022
0.17186924815177917
0.17043820023536682
0.17936423420906067
0.17472946643829346
0.16185437142848969
0.17101606726646423
0.16778874397277832
0.164407879114151
0.1646682322025299
0.1618150770664215
0.15443144738674164
0.153323233127594
0.1485808789730072
0.1534387469291687
0.16199618577957153
0.15586331486701965
0.14712846279144287
0.14719927310943604
0.14857029914855957
0.14973026514053345
0.15028733015060425
0.15263888239860535
0.157310351729393
0.1530066430568695
0.15407046675682068
0.14731985330581665
0.14618410170078278
0.14809876680374146
0.15050260722637177
0.14775314927101135
0.15420076251029968
0.15220467746257782
0.15843917429447174
0.15555070340633392
0.15599380433559418
0.15484920144081116
0.1537182480096817
0.15354105830192566
0.14823828637599945
0.1488586813211441
0.15035514533519745
0.14538463950157166
0.1387333869934082
0.12954644858837128
0.12623116374015808
0.11906494200229645
0.1154424175620079
0.11969631165266037
0.11158087104558945
0.112474724650383
0.09861107915639877
0.0973387062549591
0.09998168796300888
0.10703527182340622
0.09907738864421844
0.0946330651640892
0.10029055923223495
0.08346067368984222
0.08813266456127167
0.08586397767066956
0.09435635060071945
0.09667982906103134
0.08248366415500641
0.08101321756839752
0.07348033040761948
0.07350747287273407
0.0682123675942421
0.07830506563186646
0.0698540210723877
0.06815391778945923
0.07316222041845322
0.0767863541841507
0.08404301106929779
0.08507873862981796
0.10004910826683044
0.08477859199047089
0.0702262818813324
0.0677679255604744
0.06658649444580078
0.06467902660369873
0.06914545595645905
0.0772317424416542
0.07538404315710068
0.07969029247760773
0.08295691013336182
0.08766733109951019
0.09285017102956772
0.09733989834785461
0.10570517182350159
0.09063465893268585
0.0886940062046051
0.09065787494182587
0.09212522953748703
0.09530393779277802
0.09458929300308228
0.11133407056331635
0.10613007843494415
0.0928034782409668
0.08575736731290817
0.08045651763677597
0.07999446988105774
0.07348629087209702
0.0744561180472374
0.07471700012683868
0.08467402309179306
0.08668933808803558
0.08128267526626587
0.08030226826667786
0.08602862060070038
0.08871762454509735
0.08602745831012726
0.09610599279403687
0.11487400531768799
0.10232925415039062
0.09784450381994247
0.08444355428218842
0.07550811767578125
0.0703827515244484
0.07967156171798706
0.09039348363876343
0.07289212942123413
0.08974151313304901
0.06421083956956863
0.06635135412216187
0.07181024551391602
0.06549937278032303
0.07348102331161499
0.0824144184589386
0.07559772580862045
0.07506116479635239
0.07856377959251404
0.0816098302602768
0.08293779194355011
0.08038591593503952
0.08485602587461472
0.07996359467506409
0.07125304639339447
0.066471628844738
0.052391938865184784
0.05875810608267784
0.05482099950313568
0.05310772359371185
0.054736118763685226
0.058389849960803986
0.058376189321279526
0.060482583940029144
0.05992988869547844
0.06349162757396698
0.06139929220080376
0.06378114223480225
0.06688430160284042
0.05482567846775055
0.054113440215587616
0.06184443086385727
0.0784134566783905
0.06644652783870697
0.0708765983581543
0.06589476019144058
0.06465230882167816
0.07039564847946167
0.0802723690867424
0.09452243894338608
0.09497286379337311
0.08969184011220932
0.07677961885929108
0.07248140871524811
0.06857737898826599
0.06818859279155731
0.07745378464460373
0.07670915126800537
0.07342453300952911
0.07099419832229614
0.07016430795192719
0.07484416663646698
0.07970808446407318
0.10021137446165085
0.10353025794029236
0.10287243127822876
0.0952274426817894
0.09159674495458603
0.0951865166425705
0.0986025333404541
0.10298965871334076
0.09745354950428009
0.09045284986495972
0.08235611766576767
0.08048151433467865
0.08196385204792023
0.08426062762737274
0.09134461730718613
0.09198012202978134
0.0952165275812149
0.09574717283248901
0.0926177129149437
0.09220137447118759
0.09170649945735931
0.08894672244787216
0.09225107729434967
0.10304276645183563
0.10285308212041855
0.1024952381849289
0.10208955407142639
0.10312213748693466
0.11889185011386871
0.11930990219116211
0.12634669244289398
0.12757183611392975
0.12812654674053192
0.12336333096027374
0.12368027865886688
0.1312197893857956
0.12876388430595398
0.13156893849372864
0.1261880099773407
0.12028798460960388
0.12234976142644882
0.11427991092205048
0.11013621091842651
0.10692673921585083
0.1054646372795105
0.10355931520462036
0.09936150163412094
0.09704001247882843
0.09168824553489685
0.08618845790624619
0.08332924544811249
0.08142639696598053
0.08180601894855499
0.08129425346851349
0.08323751389980316
0.08972559869289398
0.09033044427633286
0.07649960368871689
0.07545025646686554
0.07670994848012924
0.07863244414329529
0.07945079356431961
0.08337374031543732
0.0814693421125412
0.07589880377054214
0.07911070436239243
0.08611397445201874
0.08667264878749847
0.07825453579425812
0.08787882328033447
0.0753624215722084
0.06994375586509705
0.06648513674736023
0.0649944543838501
0.066077321767807
0.07080782949924469
0.08721213042736053
0.08020030707120895
0.06894009560346603
0.08135627955198288
0.07736223191022873
0.07620378583669662
0.08072918653488159
0.08245281875133514
0.08233343809843063
0.07552699744701385
0.07549329847097397
0.07554648816585541
0.07484223693609238
0.08878209441900253
0.0971260815858841
0.08696287870407104
0.08281604945659637
0.08355998992919922
0.0752563625574112
0.0751052051782608
0.09352439641952515
0.09178169816732407
0.0796278566122055
0.08045904338359833
0.07633977383375168
0.0639735758304596
0.06182284280657768
0.0819239616394043
0.07642033696174622
0.05708813667297363
0.05985292047262192
0.060517992824316025
0.05718111991882324
0.061575472354888916
0.08386090397834778
0.08068658411502838
0.07835859060287476
0.07829105854034424
0.07194285839796066
0.05760389566421509
0.05625659227371216
0.07249723374843597
0.06382051855325699
0.05850572511553764
0.05812166631221771
0.05014200136065483
0.05502992868423462
0.0544794499874115
0.06777020543813705
0.06247330829501152
0.048515480011701584
0.049058057367801666
0.04720541834831238
0.05022454261779785
0.0542733371257782
0.07458329200744629
0.07292257994413376
0.06206398829817772
0.058568622916936874
0.049722086638212204
0.045988403260707855
0.04523216933012009
0.05804835259914398
0.07131952047348022
0.06611984223127365
0.05273078382015228
0.047647904604673386
0.04682132229208946
0.04786825180053711
0.05709698423743248
0.05967670679092407
0.050516363233327866
0.0373946949839592
0.03729820251464844
0.03693529963493347
0.040498338639736176
0.05575945973396301
0.057072050869464874
0.044971764087677
0.03842601180076599
0.04801679402589798
0.0528116375207901
0.057319700717926025
0.06532606482505798
0.06871591508388519
0.06505133956670761
0.054171010851860046
0.054242368787527084
0.05488147586584091
0.05473971366882324
0.05812690779566765
0.06138334795832634
0.0554020032286644
0.05142880603671074
0.049776893109083176
0.05241185426712036
0.04895782470703125
0.049702540040016174
0.05046800896525383
0.04917929694056511
0.04752793908119202
0.046681977808475494
0.04640350490808487
0.04364297538995743
0.04055756330490112
0.03998062014579773
0.038301870226860046
0.03890744969248772
0.03589380905032158
0.039476484060287476
0.0331028550863266
0.037808649241924286
0.03336081653833389
0.034699857234954834
0.034570835530757904
0.037407711148262024
0.03160993754863739
0.029699623584747314
0.02992921881377697
0.03030865453183651
0.02997998706996441
0.030285362154245377
0.03156233951449394
0.030725155025720596
0.030607840046286583
0.034503351897001266
0.033648356795310974
0.03765445202589035
0.03254430741071701
0.03233426809310913
0.032119110226631165
0.030981332063674927
0.035761263221502304
0.03798987343907356
0.03636631369590759
0.03688773512840271
0.035660237073898315
0.03338240832090378
0.03643682226538658
0.042682718485593796
0.04582566022872925
0.04892401397228241
0.04827122390270233
0.04386589676141739
0.040305837988853455
0.03938537836074829
0.03910684585571289
0.03907652199268341
0.045432768762111664
0.04958191141486168
0.045139849185943604
0.04403677582740784
0.050764232873916626
0.054827313870191574
0.0618445947766304
0.07287706434726715
0.0772349163889885
0.07718080282211304
0.06550952792167664
0.06709770858287811
0.07548592984676361
0.06803296506404877
0.08327344059944153
0.08816429227590561
0.07814869284629822
0.0760621577501297
0.09302344173192978
0.09261145442724228
0.09561612457036972
0.11461865156888962
0.128407284617424
0.1196332797408104
0.0986463874578476
0.10806014388799667
0.12076704204082489
0.13443118333816528
0.1414991021156311
0.14790073037147522
0.10982569307088852
0.09305551648139954
0.09548869729042053
0.09736593067646027
0.11303242295980453
0.1442800611257553
0.137440487742424
0.12047582119703293
0.11655034869909286
0.1147485226392746
0.13603711128234863
0.1817655861377716
0.21153664588928223
0.1776382178068161
0.1622222363948822
0.1532839983701706
0.1503375917673111
0.16437828540802002
0.21411865949630737
0.2438948154449463
0.19956275820732117
0.18117837607860565
0.1825186312198639
0.1435236930847168
0.20804235339164734
0.24211078882217407
0.22266671061515808
0.21511320769786835
0.21329204738140106
0.21824321150779724
0.2147231101989746
0.23818205296993256
0.300996333360672
0.3191356658935547
0.27297741174697876
0.27152037620544434
0.2734922766685486
0.2605668902397156
0.26981794834136963
0.32182058691978455
0.3149750828742981
0.2990090250968933
0.2932239770889282
0.2927621304988861
0.3044193387031555
0.3297082185745239
0.37435054779052734
0.3554031550884247
0.35025614500045776
0.3579188585281372
0.33459973335266113
0.335038959980011
0.3477724492549896
0.39633750915527344
0.384980171918869
0.3572952449321747
0.33691978454589844
0.3343406915664673
0.3270736336708069
0.3338620662689209
0.36239373683929443
0.34754425287246704
0.36012935638427734
0.36254915595054626
0.3594489097595215
0.33373773097991943
0.3375379741191864
0.36494898796081543
0.3677152991294861
0.36241328716278076
0.351595014333725
0.3334072530269623
0.3217063546180725
0.3244997262954712
0.3217679560184479
0.3402211368083954
0.33944272994995117
0.3316834270954132
0.3147651255130768
0.3058597445487976
0.30300483107566833
0.2959730327129364
0.2998504042625427
0.30683720111846924
0.30720311403274536
0.3024117946624756
0.30035480856895447
0.31006452441215515
0.3149328827857971
0.32402878999710083
0.3393731713294983
0.35081252455711365
0.32844632863998413
0.32981911301612854
0.32317620515823364
0.34066057205200195
0.32602831721305847
0.3287631869316101
0.32917699217796326
0.3010707497596741
0.29642367362976074
0.29391390085220337
0.30266329646110535
0.3395824432373047
0.3215130567550659
0.3103210926055908
0.30115070939064026
0.2929334044456482
0.2939842939376831
0.31210651993751526
0.33222341537475586
0.316328763961792
0.3042563199996948
0.29611319303512573
0.28179794549942017
0.287580668926239
0.3184170424938202
0.3308395743370056
0.32391631603240967
0.31444117426872253
0.29418283700942993
0.28791582584381104
0.29873162508010864
0.3221849501132965
0.3420301377773285
0.31615933775901794
0.2962857484817505
0.2785290479660034
0.27374863624572754
0.2902297377586365
0.3446604013442993
0.3945137858390808
0.33730727434158325
0.27167248725891113
0.27176928520202637
0.25445395708084106
0.26001930236816406
0.30158060789108276
0.3237798810005188
0.2824636697769165
0.26874256134033203
0.25898024439811707
0.2492232769727707
0.2527552545070648
0.2939923405647278
0.3236839771270752
0.3034634590148926
0.2991074025630951
0.26585811376571655
0.24694502353668213
0.26535314321517944
0.31810832023620605
0.34945592284202576
0.3373919725418091
0.280206561088562
0.25834688544273376
0.25793755054473877
0.26405787467956543
0.3010190725326538
0.320249080657959
0.2789633870124817
0.2514416575431824
0.23633001744747162
0.22555015981197357
0.2378803938627243
0.26684480905532837
0.3078504204750061
0.2840127646923065
0.2554967403411865
0.24759981036186218
0.23788921535015106
0.23227789998054504
0.23645758628845215
0.250363290309906
0.24263986945152283
0.22831258177757263
0.21713337302207947
0.2075829952955246
0.2047966718673706
0.2072213888168335
0.21872971951961517
0.22987514734268188
0.22171378135681152
0.21671876311302185
0.21947751939296722
0.21173346042633057
0.19689953327178955
0.18404118716716766
0.16515348851680756
0.15359437465667725
0.13753753900527954
0.12851087749004364
0.11756487935781479
0.11787444353103638
0.11144521832466125
0.10837095230817795
0.10661043971776962
0.10751771181821823
0.11246700584888458
0.09678157418966293
0.0939309224486351
0.08985080569982529
0.08049878478050232
0.08076398819684982
0.07591748982667923
0.08776964992284775
0.08318264782428741
0.08396664261817932
0.08028446137905121
0.07998975366353989
0.0778157114982605
0.07288309186697006
0.07305851578712463
0.06595819443464279
0.07497081160545349
0.06794764846563339
0.07641394436359406
0.07357276231050491
0.07160545885562897
0.07059694826602936
0.0685054287314415
0.06641093641519547
0.0843445286154747
0.08389030396938324
0.08436223864555359
0.08778884261846542
0.08515312522649765
0.08458904922008514
0.08871742337942123
0.09659674018621445
0.08172228932380676
0.0704599991440773
0.06554271280765533
0.07628870010375977
0.077460378408432
0.07175763696432114
0.07097554206848145
0.0794392079114914
0.08115284144878387
0.08275309205055237
0.10389488190412521
0.10217492282390594
0.08046001195907593
0.07698488235473633
0.07925586402416229
0.06785734742879868
0.06769625842571259
0.07453365623950958
0.0718521922826767
0.06785173714160919
0.07260346412658691
0.06735800206661224
0.07144619524478912
0.06953578442335129
0.07747630774974823
0.08155326545238495
0.07939639687538147
0.08352964371442795
0.08533118665218353
0.0847017914056778
0.08360534906387329
0.0851965993642807
0.08353279531002045
0.07754479348659515
0.08259361982345581
0.08740216493606567
0.09174900501966476
0.08229654282331467
0.08709060400724411
0.0938996821641922
0.0963582843542099
0.10082487761974335
0.08177602291107178
0.08429136127233505
0.07463984191417694
0.07671429216861725
0.07693348824977875
0.07819649577140808
0.08212221413850784
0.07981991022825241
0.08475496619939804
0.08548380434513092
0.08840823173522949
0.08614234626293182
0.08719994872808456
0.0892176628112793
0.09316734969615936
0.10550104081630707
0.10205855220556259
0.09570829570293427
0.10224511474370956
0.11044454574584961
0.13940323889255524
0.12663768231868744
0.11419253051280975
0.11194543540477753
0.10791197419166565
0.11373455822467804
0.1239393800497055
0.1262211948633194
0.13438576459884644
0.13035862147808075
0.11864729970693588
0.11167579144239426
0.11024272441864014
0.12363927066326141
0.13599884510040283
0.1259516179561615
0.13768944144248962
0.13406939804553986
0.13424478471279144
0.13037200272083282
0.1405676305294037
0.13238289952278137
0.13607415556907654
0.13412028551101685
0.1314881592988968
0.12030166387557983
0.12629100680351257
0.13921886682510376
0.1709246039390564
0.1450105607509613
0.14199694991111755
0.13647890090942383
0.14448115229606628
0.15762543678283691
0.19623307883739471
0.22746962308883667
0.22093603014945984
0.2142271250486374
0.19704103469848633
0.2010909616947174
0.21717536449432373
0.23140820860862732
0.22676238417625427
0.2274545431137085
0.2260597199201584
0.21430635452270508
0.202355295419693
0.21022282540798187
0.2405610978603363
0.2256852388381958
0.2074652910232544
0.21113884449005127
0.20096080005168915
0.20815607905387878
0.23454663157463074
0.26696211099624634
0.21386557817459106
0.1981605738401413
0.1879778951406479
0.1822667419910431
0.17008444666862488
0.17536810040473938
0.20335635542869568
0.18066692352294922
0.1771814227104187
0.18002444505691528
0.1898384392261505
0.18612007796764374
0.18750259280204773
0.19224557280540466
0.17416593432426453
0.15204095840454102
0.14646193385124207
0.1472180187702179
0.1434394121170044
0.16218841075897217
0.1629762351512909
0.1356392204761505
0.13742688298225403
0.14295659959316254
0.129959836602211
0.12809611856937408
0.14779745042324066
0.13634434342384338
0.10993584990501404
0.10681231319904327
0.10876118391752243
0.10352377593517303
0.09704266488552094
0.11289374530315399
0.11862631887197495
0.11264583468437195
0.11224415153265
0.11695210635662079
0.11913131922483444
0.09715396165847778
0.09559677541255951
0.09822817891836166
0.10206051915884018
0.1079547256231308
0.12179674953222275
0.11959751695394516
0.10661216825246811
0.10645576566457748
0.10244742035865784
0.0989522784948349
0.09865652024745941
0.11033643782138824
0.10790455341339111
0.10072307288646698
0.099307581782341
0.09740118682384491
0.08881205320358276
0.08439463376998901
0.0914602130651474
0.08719547837972641
0.08342069387435913
0.08113813400268555
0.08710417151451111
0.08975622057914734
0.07979626953601837
0.07961075007915497
0.07064267992973328
0.06717877089977264
0.06718911230564117
0.06863407790660858
0.07468712329864502
0.0737612247467041
0.07218717038631439
0.06671243906021118
0.0635138601064682
0.06008237600326538
0.05927714705467224
0.05852785333991051
0.05889054387807846
0.06931620836257935
0.0649077445268631
0.05808521807193756
0.052554771304130554
0.04941948503255844
0.04755849391222
0.045372866094112396
0.046765875071287155
0.04399096965789795
0.0402323417365551
0.04088854417204857
0.03904218599200249
0.041128773242235184
0.04378731548786163
0.04717306047677994
0.03924962878227234
0.03774632513523102
0.03672145679593086
0.036374256014823914
0.04141050949692726
0.04810071736574173
0.058054178953170776
0.05701042339205742
0.05562729388475418
0.05448455363512039
0.05284835025668144
0.056754790246486664
0.07074311375617981
0.06885211169719696
0.06994278728961945
0.06626459956169128
0.06374339759349823
0.0604897104203701
0.06283234059810638
0.07210998237133026
0.07105287164449692
0.06708569824695587
0.06483962386846542
0.06440890580415726
0.0644150972366333
0.07020457834005356
0.0786530077457428
0.07247819006443024
0.07308655977249146
0.06977900117635727
0.06761666387319565
0.07673902064561844
0.07978750765323639
0.06852921098470688
0.06738348305225372
0.07012460380792618
0.06761397421360016
0.06418827176094055
0.06393647938966751
0.07807695120573044
0.08521907031536102
0.07475334405899048
0.07589756697416306
0.07357525080442429
0.06878264248371124
0.06785565614700317
0.07726574689149857
0.07394491881132126
0.07181772589683533
0.07490281760692596
0.07081207633018494
0.07316325604915619
0.08262649923563004
0.07817864418029785
0.0738542303442955
0.07333876192569733
0.07327887415885925
0.08029145002365112
0.0810217559337616
0.09778030961751938
0.1273794025182724
0.11655104160308838
0.11399286240339279
0.1056971475481987
0.1104033887386322
0.11184893548488617
0.11245846748352051
0.13587035238742828
0.13499891757965088
0.11856189370155334
0.11231677234172821
0.11819349974393845
0.11897258460521698
0.1054074764251709
0.10084174573421478
0.1013285219669342
0.10004901885986328
0.09660132974386215
0.10135417431592941
0.10053394734859467
0.0936664268374443
0.09373479336500168
0.10513283312320709
0.11187072843313217
0.11949743330478668
0.12593023478984833
0.12519638240337372
0.11666345596313477
0.11261989921331406
0.11588454246520996
0.11735757440328598
0.1172320693731308
0.12535631656646729
0.12023879587650299
0.10946213454008102
0.10573385655879974
0.11313625425100327
0.11444543302059174
0.11072048544883728
0.13420569896697998
0.13448962569236755
0.12236712872982025
0.12574037909507751
0.13106204569339752
0.14227908849716187
0.1416381597518921
0.14811530709266663
0.14535924792289734
0.14075389504432678
0.13694027066230774
0.13191241025924683
0.13413164019584656
0.1318071186542511
0.14824120700359344
0.1571389138698578
0.14939191937446594
0.16918574273586273
0.17971639335155487
0.18100187182426453
0.1751018464565277
0.19329313933849335
0.18945401906967163
0.16975241899490356
0.15480086207389832
0.16081511974334717
0.1601422280073166
0.16453313827514648
0.17110857367515564
0.16168002784252167
0.14755234122276306
0.1430538296699524
0.14007636904716492
0.1434909999370575
0.1535729616880417
0.16256120800971985
0.16201671957969666
0.15119269490242004
0.1521844118833542
0.14957909286022186
0.1453937590122223
0.15815114974975586
0.1700415313243866
0.17359817028045654
0.1670834720134735
0.14611360430717468
0.15283451974391937
0.16328856348991394
0.16309070587158203
0.16879215836524963
0.1605515331029892
0.14401420950889587
0.13174961507320404
0.12979654967784882
0.12391873449087143
0.13256773352622986
0.15037846565246582
0.16510337591171265
0.15909144282341003
0.1441199779510498
0.12893594801425934
0.13059654831886292
0.14004869759082794
0.1559828817844391
0.1665842980146408
0.1647386997938156
0.14056846499443054
0.13546648621559143
0.13225241005420685
0.13633693754673004
0.14187192916870117
0.14492468535900116
0.13845987617969513
0.1420300304889679
0.14346671104431152
0.14357028901576996
0.1452830582857132
0.15557721257209778
0.15212303400039673
0.1437261402606964
0.1390870213508606
0.13720373809337616
0.13548795878887177
0.13271069526672363
0.1370254009962082
0.13700835406780243
0.13272666931152344
0.12979164719581604
0.1300627738237381
0.12887072563171387
0.12645989656448364
0.1272786259651184
0.13258013129234314
0.1301877647638321
0.12498742341995239
0.1209162101149559
0.11556514352560043
0.10527682304382324
0.09556041657924652
0.09037481248378754
0.09736575931310654
0.11197513341903687
0.10307063162326813
0.09787142276763916
0.09176038205623627
0.09147684276103973
0.0904722511768341
0.10320399701595306
0.10817115008831024
0.10262197256088257
0.09313278645277023
0.08739879727363586
0.08838799595832825
0.09355981647968292
0.08571536839008331
0.10091592371463776
0.09067528694868088
0.08649998903274536
0.08468857407569885
0.09528996795415878
0.099444180727005
0.09308811277151108
0.11810411512851715
0.10774151980876923
0.10006203502416611
0.09485667198896408
0.10663801431655884
0.10762425512075424
0.09983573853969574
0.126266211271286
0.10982831567525864
0.10692693293094635
0.10717946290969849
0.11478565633296967
0.11216242611408234
0.10736771672964096
0.12599670886993408
0.12322334945201874
0.11759492754936218
0.11398738622665405
0.11761389672756195
0.11667080968618393
0.11694000661373138
0.13451442122459412
0.14009064435958862
0.1289730668067932
0.12563902139663696
0.12727594375610352
0.12669627368450165
0.12690883874893188
0.12986940145492554
0.13249614834785461
0.12910017371177673
0.12800055742263794
0.13115786015987396
0.1256035566329956
0.12477290630340576
0.12512676417827606
0.13302858173847198
0.13786301016807556
0.13495534658432007
0.14016883075237274
0.14008191227912903
0.13377636671066284
0.13906961679458618
0.1411685347557068
0.13008755445480347
0.1339905858039856
0.13228188455104828
0.12376648187637329
0.12228207290172577
0.1265888214111328
0.11909575760364532
0.11560410261154175
0.11564479768276215
0.11915275454521179
0.11754153668880463
0.10818803310394287
0.10508137941360474
0.10407882183790207
0.10986635088920593
0.1051432341337204
0.10984920710325241
0.10827954858541489
0.10100513696670532
0.09883247315883636
0.10102446377277374
0.1018407940864563
0.10075871646404266
0.10559770464897156
0.10574548691511154
0.11081846058368683
0.11383715271949768
0.11584111303091049
0.11966246366500854
0.11213390529155731
0.11082698404788971
0.1085347980260849
0.11357807368040085
0.10533726215362549
0.10383844375610352
0.09809431433677673
0.09521365165710449
0.09717150032520294
0.09826230257749557
0.10321128368377686
0.09276285022497177
0.09421318024396896
0.09677457809448242
0.09177373349666595
0.09460987150669098
0.10120894759893417
0.11531328409910202
0.11254522204399109
0.09323574602603912
0.0876484215259552
0.08393820375204086
0.08269070833921432
0.09360280632972717
0.10924490541219711
0.12085042893886566
0.09765767306089401
0.09665592759847641
0.09427159279584885
0.09255911409854889
0.09698233008384705
0.11983053386211395
0.16370762884616852
0.13600003719329834
0.11432575434446335
0.10242176055908203
0.10403710603713989
0.11910539120435715
0.14596256613731384
0.14724388718605042
0.13248661160469055
0.12704052031040192
0.11736222356557846
0.10546553134918213
0.11591599881649017
0.1222262904047966
0.1464982032775879
0.12360205501317978
0.11853164434432983
0.116838738322258
0.11761578917503357
0.1294926404953003
0.16391576826572418
0.18281340599060059
0.16851630806922913
0.16121238470077515
0.14883175492286682
0.14278899133205414
0.1434912383556366
0.16194958984851837
0.19678644835948944
0.18148040771484375
0.17241768538951874
0.15349020063877106
0.1551121473312378
