0.3963620364665985
0.37110182642936707
0.3375623822212219
0.31604838371276855
0.27211445569992065
0.2562718093395233
0.23027585446834564
0.20679619908332825
0.19011791050434113
0.17393575608730316
0.15095004439353943
0.1614326536655426
0.17587681114673615
0.20096516609191895
0.24343262612819672
0.27667540311813354
0.29345598816871643
0.3019163906574249
0.3032796084880829
0.31012386083602905
0.30721497535705566
0.3201964199542999
0.31798020005226135
0.32057228684425354
0.3344678282737732
0.33709293603897095
0.3729776442050934
0.45327135920524597
0.5995488166809082
0.89704829454422
1.0944470167160034
1.4060564041137695
1.62844717502594
1.763474464416504
1.9463577270507812
2.14740252494812
2.400546073913574
2.6007416248321533
2.731619358062744
2.748861312866211
2.8637654781341553
2.975234031677246
2.9501636028289795
2.9303364753723145
2.9856772422790527
2.8794472217559814
2.863781690597534
2.8032217025756836
2.700810432434082
2.5880439281463623
2.4252638816833496
2.2459418773651123
2.110706329345703
1.925196886062622
1.6931037902832031
1.5665775537490845
1.3870915174484253
1.1579675674438477
0.9447669982910156
0.8083556294441223
0.6508082747459412
0.5276293158531189
0.44021835923194885
0.459506094455719
0.5075775980949402
0.533467710018158
0.5757569670677185
0.5750535130500793
0.5674816966056824
0.5826413035392761
0.5769731402397156
0.6144210696220398
0.6773600578308105
0.7350460886955261
0.7981172800064087
0.8695697784423828
0.9106300473213196
0.9867423176765442
1.0158405303955078
1.0610356330871582
1.084234595298767
1.071241855621338
1.0728323459625244
1.0937623977661133
1.093910813331604
1.1843270063400269
1.2337161302566528
1.303249716758728
1.3209362030029297
1.538338541984558
1.7108560800552368
1.9238938093185425
2.07421612739563
2.146411418914795
2.2551310062408447
2.3224003314971924
2.269285202026367
2.2274742126464844
2.1429102420806885
2.101452350616455
2.0570504665374756
1.9927046298980713
1.8458003997802734
1.6826456785202026
1.561292052268982
1.4259971380233765
1.2721585035324097
1.1655877828598022
1.0293235778808594
0.8975991606712341
0.7682399153709412
0.6914535164833069
0.6325282454490662
0.6266135573387146
0.5812333226203918
0.5855206847190857
0.606017529964447
0.678443431854248
0.7304781675338745
0.7734755873680115
0.8519232869148254
0.8728343844413757
0.8618888258934021
0.8879116177558899
0.8666443824768066
0.8635082244873047
0.8594081997871399
0.927283763885498
1.020971655845642
1.1140803098678589
1.2092565298080444
1.4393267631530762
1.7699579000473022
2.2143101692199707
2.6543006896972656
2.95047926902771
3.239086151123047
3.5785508155822754
4.139841556549072
4.607230186462402
5.201666355133057
5.783835411071777
6.347516059875488
6.883579254150391
7.3358473777771
7.947892665863037
8.11209774017334
8.172337532043457
8.066370964050293
7.940345764160156
7.597415447235107
7.281277656555176
6.9150590896606445
6.404922008514404
5.827957630157471
5.348538398742676
4.7992753982543945
4.287844657897949
3.8543331623077393
3.4641366004943848
3.276702642440796
3.1037137508392334
2.9626309871673584
3.0149149894714355
3.0989651679992676
3.245913028717041
3.477886199951172
3.793912649154663
3.8814053535461426
4.0509161949157715
