0.6351614594459534
0.7860613465309143
1.0887340307235718
1.4208247661590576
2.4993491172790527
3.2499935626983643
3.549082040786743
3.7559382915496826
3.808924436569214
3.7599472999572754
4.0227885246276855
4.042448043823242
4.128513336181641
4.384657382965088
4.562505722045898
4.834902763366699
4.680682182312012
4.391388893127441
4.045876502990723
3.7859954833984375
3.5252490043640137
3.336076259613037
3.4250714778900146
3.488983154296875
3.2062833309173584
2.711367607116699
2.582231044769287
2.250047206878662
1.6891734600067139
1.0440287590026855
1.2931506633758545
1.99549400806427
2.2677714824676514
2.3189613819122314
2.303898811340332
1.8217214345932007
1.4635432958602905
1.6024638414382935
1.6939516067504883
1.4131141901016235
1.4695100784301758
1.5480633974075317
1.6300033330917358
1.475812315940857
1.2232900857925415
0.8328356146812439
0.8606324195861816
1.2133616209030151
1.7747299671173096
1.4987952709197998
1.5315831899642944
1.5635532140731812
1.5180532932281494
1.6188127994537354
1.4802131652832031
1.1491739749908447
1.2378835678100586
1.1205439567565918
1.2540507316589355
1.4305874109268188
2.796206474304199
3.284205436706543
3.5113754272460938
3.1982414722442627
2.679004192352295
2.3626463413238525
2.9602019786834717
3.7655022144317627
4.06396484375
4.143167972564697
3.9023451805114746
3.521376848220825
3.2848875522613525
2.742218494415283
2.4611258506774902
2.1718645095825195
1.9606642723083496
1.5371915102005005
1.3366351127624512
1.0529608726501465
1.2302006483078003
0.8467082381248474
0.8550248146057129
1.0266001224517822
1.2488493919372559
1.621382474899292
1.8840196132659912
1.9883241653442383
2.0189602375030518
1.6829150915145874
1.3656247854232788
1.5007244348526
1.4229600429534912
1.314144253730774
1.2667176723480225
1.1822023391723633
1.1531457901000977
0.9789245128631592
0.8614534735679626
0.8792812824249268
0.7805904150009155
0.8492967486381531
1.0582371950149536
1.7881274223327637
2.281613826751709
2.588844060897827
2.984232187271118
3.3121337890625
4.376299858093262
5.514096260070801
6.047551155090332
6.867254257202148
6.950132846832275
7.755484580993652
8.95528793334961
9.855569839477539
10.099162101745605
9.79993724822998
9.679317474365234
9.928414344787598
9.91935920715332
9.653059005737305
9.6343355178833
9.200652122497559
8.778959274291992
8.53455924987793
8.235020637512207
8.127556800842285
6.99753999710083
6.255846977233887
5.76386833190918
5.591264247894287
4.682905673980713
3.60310435295105
4.0607476234436035
5.073881149291992
5.610072612762451
5.926569938659668
6.263423442840576
5.300897598266602
5.619224548339844
5.7831315994262695
5.0055766105651855
4.746077537536621
3.826040506362915
4.553930282592773
5.482367515563965
6.169334888458252
5.633653163909912
4.586722373962402
4.742825508117676
6.409061431884766
8.44112777709961
8.989099502563477
8.79371452331543
8.28377628326416
8.860128402709961
8.815441131591797
8.513041496276855
7.784778594970703
7.203719615936279
6.750000953674316
6.516808986663818
5.1326398849487305
4.063930988311768
3.477154016494751
2.755769729614258
1.9717683792114258
1.6671533584594727
1.2760367393493652
