0.4462008476257324
0.43790119886398315
0.4515613317489624
0.5852336883544922
0.6946851015090942
0.12394332885742188
0.15317660570144653
0.20876961946487427
0.20503148436546326
0.2331409901380539
0.3143034875392914
0.2745106518268585
0.3553611636161804
0.3889542520046234
0.470384418964386
0.4241863489151001
0.4506789743900299
0.42552468180656433
0.3362509310245514
0.22264336049556732
0.14242619276046753
0.10797157883644104
0.12299323081970215
0.1635669320821762
0.18266768753528595
0.1846589595079422
0.14183174073696136
0.17252622544765472
0.20291513204574585
0.1548406332731247
0.12489698082208633
0.12056400626897812
0.3133351504802704
0.3654116094112396
0.289177268743515
0.3786037564277649
0.42916688323020935
0.4563421607017517
0.5208352208137512
0.5376700758934021
0.367664635181427
0.21642953157424927
0.14797843992710114
0.08939537405967712
0.09911371767520905
0.09563785791397095
0.10139399766921997
0.11843247711658478
0.1415027529001236
0.2274717390537262
0.3476485311985016
0.5395939946174622
0.6616249084472656
0.7241052985191345
0.6473335027694702
0.6027030944824219
0.5550082325935364
0.4480598270893097
0.41511696577072144
0.42542871832847595
0.46476882696151733
0.5300902724266052
0.5773377418518066
0.5606638789176941
0.6736671924591064
0.5637980103492737
0.5755780935287476
0.6713687181472778
0.6107072234153748
0.6254745125770569
0.4436674118041992
0.42016592621803284
0.4021354615688324
0.3231995701789856
