0.4431327283382416
0.5728825926780701
0.7258694171905518
1.2464168071746826
2.07338809967041
2.949927806854248
3.4621734619140625
3.8115103244781494
4.0436859130859375
3.855705738067627
4.328434467315674
4.273899555206299
4.1202921867370605
4.045856952667236
3.794078826904297
4.166736602783203
4.066948413848877
3.737013339996338
3.7263286113739014
3.5230872631073
3.3196218013763428
3.6102654933929443
3.4262616634368896
3.3722426891326904
3.085050344467163
2.100050926208496
1.8853583335876465
1.5227645635604858
1.3203288316726685
0.8543410897254944
0.7641303539276123
0.9273300170898438
0.9017934799194336
0.8767261505126953
0.8545732498168945
0.8865888714790344
0.7940401434898376
0.6833821535110474
0.6269913911819458
0.6708673238754272
0.8188994526863098
0.8771398663520813
0.8078840374946594
0.7036978006362915
0.6973175406455994
0.7799344658851624
0.9415437579154968
0.9794549942016602
1.0170382261276245
1.2764335870742798
1.493045687675476
1.472765326499939
1.387620449066162
1.3236240148544312
1.1266905069351196
0.939924955368042
0.8436633944511414
1.032734990119934
1.1774219274520874
1.5574973821640015
1.8893661499023438
2.587613105773926
2.353820562362671
2.5182979106903076
2.598872184753418
2.5545542240142822
3.015913486480713
2.8800292015075684
3.0019280910491943
3.231807231903076
3.0184268951416016
2.8231801986694336
2.688479423522949
2.3177356719970703
1.9810550212860107
1.8835269212722778
2.1484103202819824
2.1563069820404053
1.6296499967575073
1.0422227382659912
1.1754857301712036
0.7736587524414062
0.5778841972351074
0.6196267604827881
0.5263554453849792
0.5123453736305237
0.534850001335144
0.6029316186904907
0.5666971206665039
0.5723384618759155
0.6511579155921936
0.8272355794906616
0.854220449924469
0.8706138134002686
0.9109021425247192
0.9553442597389221
0.8957710266113281
0.7820591926574707
0.538923442363739
0.534079909324646
0.5745434761047363
0.7100907564163208
1.0526334047317505
1.9039920568466187
2.3585455417633057
2.2784032821655273
2.3720173835754395
2.8141913414001465
3.9139201641082764
5.132827281951904
5.3579182624816895
5.561733722686768
6.36576509475708
8.06749439239502
8.62355899810791
9.513286590576172
9.918642044067383
10.53466510772705
10.887887001037598
10.516502380371094
10.123202323913574
9.64831256866455
9.597746849060059
9.614736557006836
9.329142570495605
8.476500511169434
7.649818420410156
7.330503463745117
7.120347023010254
6.413255214691162
5.03424596786499
3.9785661697387695
3.2972447872161865
3.100618362426758
3.8994200229644775
3.929105520248413
3.62548828125
3.907388687133789
4.084110736846924
4.284006595611572
4.422297954559326
4.564272880554199
4.799030780792236
4.422070026397705
3.60514760017395
4.2160725593566895
4.744320392608643
4.732441425323486
4.315263748168945
3.580108404159546
3.563037872314453
4.855055809020996
5.889591693878174
6.305837154388428
6.174559116363525
5.787862777709961
6.586287975311279
7.504642963409424
6.861629009246826
6.318972587585449
5.979722499847412
5.792860507965088
5.507194995880127
5.028841018676758
4.415783405303955
3.8588380813598633
3.1192569732666016
2.3077430725097656
2.0681087970733643
1.627581000328064
