0.47544774413108826
0.6527087688446045
0.8395382165908813
1.3941545486450195
2.262533187866211
3.075460195541382
3.316579580307007
3.5753886699676514
3.692552089691162
3.5573325157165527
3.816572666168213
3.858030080795288
3.7528371810913086
3.8352699279785156
4.142977237701416
4.47775936126709
4.478500843048096
4.232635021209717
3.9708449840545654
3.886410713195801
3.672866106033325
3.4337573051452637
3.2249643802642822
3.4788289070129395
3.397552967071533
2.4363291263580322
2.136641502380371
1.6613363027572632
1.3554123640060425
0.8763229846954346
0.8419671654701233
1.0662001371383667
1.0798677206039429
1.0427790880203247
0.963711142539978
0.8574050664901733
0.7467895150184631
0.6408690214157104
0.5888498425483704
0.6190260052680969
0.7146199941635132
0.7831555604934692
0.7639201879501343
0.7015619874000549
0.6525983810424805
0.6767078638076782
0.7910372614860535
0.8871655464172363
0.9983161091804504
1.2596451044082642
1.4792609214782715
1.4756624698638916
1.4180197715759277
1.3500553369522095
1.1206713914871216
0.9188440442085266
0.8102082014083862
0.9340937733650208
1.1016758680343628
1.378210186958313
1.8878756761550903
2.4973723888397217
2.4985387325286865
2.1509437561035156
2.0976061820983887
2.303710699081421
2.610706329345703
2.858393669128418
2.9835495948791504
2.9854047298431396
2.929879903793335
2.8830790519714355
2.767301559448242
2.483795642852783
2.253352642059326
2.263432025909424
2.327468156814575
2.1950337886810303
1.774885654449463
1.4089308977127075
1.3820966482162476
0.870320200920105
0.7393293976783752
0.872927188873291
0.9447489380836487
1.0558319091796875
1.0817124843597412
1.1263209581375122
0.9440041780471802
0.8204607367515564
0.8070309162139893
0.8966291546821594
0.9285021424293518
0.9142559766769409
0.8856323957443237
0.933488667011261
0.9301698207855225
0.820746660232544
0.6382932662963867
0.6864410638809204
0.7109768390655518
0.8026043176651001
1.074615478515625
1.8530709743499756
2.2655885219573975
2.2166073322296143
2.35018253326416
2.770493507385254
3.9048142433166504
5.256694316864014
5.721634864807129
5.96601676940918
6.518754482269287
7.503102779388428
8.479548454284668
9.040736198425293
9.056623458862305
9.125598907470703
9.516297340393066
9.583303451538086
9.731985092163086
9.488567352294922
9.616250038146973
9.556233406066895
9.39699935913086
8.988295555114746
8.377696990966797
8.061909675598145
8.212841033935547
8.173604011535645
7.007687568664551
6.128509521484375
4.679356098175049
4.140314102172852
4.359670639038086
4.665492057800293
4.591823101043701
4.562274932861328
4.565769672393799
4.604923725128174
4.647390365600586
4.599612236022949
4.675217151641846
4.402177810668945
3.644447088241577
4.353118419647217
4.885434150695801
4.868445873260498
4.437196254730225
3.6728134155273438
3.620295286178589
4.673623085021973
5.629071235656738
6.1674370765686035
6.106029033660889
5.720519065856934
6.497354507446289
7.584554672241211
7.002001762390137
6.398011684417725
5.969673156738281
5.725566864013672
5.390552043914795
4.767777442932129
4.124800682067871
3.6153922080993652
2.9231269359588623
2.2243525981903076
1.9321422576904297
1.5438544750213623
