0.7692312598228455
0.7721538543701172
0.8088201880455017
0.7859500646591187
0.7664992213249207
0.6704092025756836
0.5555426478385925
0.46479111909866333
0.3447292447090149
0.3823211193084717
0.3737007975578308
0.34884077310562134
0.360959529876709
0.5390774011611938
0.3754396438598633
0.3762456178665161
0.37361782789230347
0.4950411915779114
0.3803337812423706
0.47410866618156433
0.48491889238357544
0.3216126561164856
0.3143620193004608
0.23615878820419312
0.21843457221984863
0.24084734916687012
0.2065213918685913
0.15288493037223816
0.10496430099010468
0.07713084667921066
0.07738180458545685
0.09361007064580917
0.14352640509605408
0.18330208957195282
0.17919543385505676
0.10404720157384872
0.09152883291244507
0.08240562677383423
0.07433176785707474
0.07456421107053757
0.1003592237830162
0.11502411216497421
0.16107907891273499
0.2724013030529022
0.42551708221435547
0.5512334108352661
0.604965329170227
0.6464060544967651
0.779536247253418
0.8802067041397095
0.98529452085495
0.9886565208435059
1.0151031017303467
0.9913516044616699
0.989598274230957
0.9697820544242859
0.9302515983581543
0.8255872130393982
1.5302404165267944
1.5287635326385498
1.5486712455749512
1.5473370552062988
1.480728030204773
2.5964081287384033
2.696640729904175
2.7156972885131836
2.6760969161987305
2.8123607635498047
3.0348873138427734
3.141964912414551
3.0483760833740234
2.8758621215820312
2.7385473251342773
2.6400351524353027
2.486558437347412
2.3071999549865723
3.379183530807495
3.3671154975891113
3.1042373180389404
2.656841278076172
2.0781025886535645
1.7177966833114624
1.2976906299591064
1.0245674848556519
0.928163468837738
0.9960116744041443
1.0629490613937378
1.028786063194275
0.9546318054199219
0.8559686541557312
0.7483546137809753
0.6588361263275146
0.6162483096122742
0.6408319473266602
0.7056005001068115
0.7538986206054688
0.7495459318161011
0.7060269117355347
0.6769561171531677
0.7067811489105225
0.7849702835083008
0.8921729922294617
1.0483756065368652
1.2457407712936401
1.4048560857772827
1.457647681236267
1.4145792722702026
1.2962487936019897
1.1298569440841675
0.9499079585075378
0.8877153396606445
0.8877153396606445
0.9486593008041382
1.4559205770492554
1.9211528301239014
2.294595718383789
2.3822851181030273
2.2490296363830566
2.184086799621582
2.33734130859375
2.5909371376037598
2.8175501823425293
2.9424493312835693
2.966278076171875
2.9327878952026367
2.8600869178771973
2.7113921642303467
2.50148344039917
2.333526849746704
2.2814178466796875
2.2619781494140625
2.035520315170288
1.615051031112671
1.3821467161178589
1.0340185165405273
0.8192065954208374
0.9270315170288086
0.9658479690551758
1.0144532918930054
1.0337518453598022
1.021812915802002
0.9390382766723633
0.8017780184745789
0.7387804985046387
0.7742287516593933
0.7540494203567505
0.8040105700492859
0.8109027743339539
0.7996569871902466
0.7614433765411377
0.7166843414306641
0.7020128965377808
0.7882146239280701
0.8654861450195312
1.020188570022583
1.2711738348007202
1.602664828300476
1.7197569608688354
1.6615608930587769
1.6069697141647339
1.6033363342285156
1.877955675125122
2.333665609359741
2.585801601409912
2.815300941467285
3.261613607406616
3.9627835750579834
4.491820335388184
6.672552108764648
8.858969688415527
