0.43934789299964905
0.4375212788581848
0.4358261227607727
0.4307118356227875
0.42571672797203064
0.42298436164855957
0.41802287101745605
0.4183803200721741
0.41528692841529846
0.4188095033168793
0.4195491373538971
0.41980648040771484
0.416269987821579
0.4146749675273895
0.4119429588317871
0.4079362452030182
0.4063035547733307
0.40493083000183105
0.40008312463760376
0.3973657488822937
0.3942957818508148
0.3930404782295227
0.3962453007698059
0.39411839842796326
0.39626193046569824
0.39891618490219116
0.3984314501285553
0.39826709032058716
0.3989402949810028
0.3978206515312195
0.3961504399776459
0.39629051089286804
0.39551255106925964
0.3985082805156708
0.4014114439487457
0.40227970480918884
0.4074796736240387
0.41348788142204285
0.4162057936191559
0.4209062159061432
0.42665401101112366
0.4306643009185791
0.43288737535476685
0.43480363488197327
0.4343765676021576
0.43681594729423523
0.43429404497146606
0.4336518347263336
0.43188896775245667
0.42940568923950195
0.42694398760795593
0.42476996779441833
0.42413264513015747
0.42261409759521484
0.42311736941337585
0.42370256781578064
0.42978596687316895
0.4333895146846771
0.43451425433158875
0.44286689162254333
0.4461773931980133
0.45220765471458435
0.46140703558921814
0.46302351355552673
0.46795424818992615
0.467825710773468
0.4671611487865448
0.46796631813049316
0.46483203768730164
0.4615170657634735
0.45935899019241333
0.4517276883125305
0.44464966654777527
0.4436354637145996
0.4383563995361328
0.4395730495452881
0.43816080689430237
0.43425408005714417
0.43754157423973083
0.4315316379070282
0.43388548493385315
0.43468713760375977
0.4332444667816162
0.43989354372024536
0.4436405599117279
0.4491296708583832
0.4511065185070038
0.45631667971611023
0.4615527093410492
0.4619450569152832
0.4650290012359619
0.4624413549900055
0.46122869849205017
0.4578675925731659
0.45200419425964355
0.4479754567146301
0.4432676434516907
0.43162623047828674
0.43082934617996216
0.42651820182800293
0.4215357005596161
0.4222687780857086
0.4175463616847992
0.41829562187194824
0.4151402413845062
0.41400209069252014
0.4151841104030609
0.41472411155700684
0.41298529505729675
0.41227760910987854
0.41230446100234985
0.413457453250885
0.41305622458457947
0.4117124676704407
0.4072178900241852
0.4068683087825775
0.40358400344848633
0.4042067527770996
0.40650415420532227
0.4065891206264496
0.4083423614501953
0.4067234694957733
0.4070417582988739
0.4104909896850586
0.41286468505859375
0.41778141260147095
0.4224104583263397
0.4239649772644043
0.42522531747817993
0.42585858702659607
0.43017229437828064
0.43166419863700867
0.42844054102897644
0.428781121969223
0.4264879822731018
0.4225156903266907
0.42680931091308594
0.42547664046287537
0.4278862476348877
0.4302639067173004
0.4354954659938812
0.4386947751045227
0.44533759355545044
0.4484284520149231
0.45413365960121155
0.45408907532691956
0.4573875069618225
0.4550759494304657
0.4552212655544281
0.4532133638858795
0.4546143114566803
0.46039682626724243
0.4617644250392914
0.4663025438785553
0.47147828340530396
0.47807246446609497
0.48357877135276794
0.4831100404262543
0.48227235674858093
0.48263469338417053
0.4812634587287903
0.48249754309654236
0.4778328835964203
0.4796787202358246
0.47436490654945374
0.4741586148738861
0.46923109889030457
0.46986743807792664
0.4674285352230072
0.4693904519081116
0.468858540058136
0.4701092839241028
0.4702244699001312
0.4690128266811371
0.4701562821865082
0.4657318592071533
0.46646928787231445
0.4735713005065918
0.47352656722068787
0.47881728410720825
0.481932133436203
0.48168131709098816
0.4853762090206146
0.4857145845890045
0.48607727885246277
0.48559266328811646
0.4892084300518036
0.48561927676200867
0.48400697112083435
0.4832679331302643
0.4831239879131317
0.4791536331176758
0.483020544052124
0.48106351494789124
0.47905245423316956
0.4825696051120758
0.48136886954307556
0.48091554641723633
0.47759175300598145
0.48038503527641296
0.4803534150123596
0.4845312535762787
0.484894335269928
0.49012288451194763
0.49485430121421814
0.4960179924964905
0.49768009781837463
0.4970870614051819
0.498966783285141
0.5022339224815369
0.5026816725730896
0.503860592842102
0.502001941204071
0.49874529242515564
0.49700433015823364
0.4922541677951813
0.49183326959609985
0.4910205900669098
0.490800142288208
0.48687416315078735
0.4897293746471405
0.48993682861328125
0.48779210448265076
0.4846158027648926
0.48580238223075867
0.4857661724090576
0.4886673390865326
0.49377232789993286
0.4912542998790741
0.49846845865249634
0.5029719471931458
0.501416802406311
0.5035700798034668
0.5060343742370605
0.5052219033241272
0.49868470430374146
0.4950670897960663
0.4892190992832184
0.48338523507118225
0.47988268733024597
0.4795437753200531
0.4745100438594818
0.4733048379421234
0.4677550494670868
0.46949276328086853
0.4686973989009857
0.4645237624645233
0.461777925491333
0.4512622356414795
0.4497840404510498
0.4445796608924866
0.44199028611183167
0.44346925616264343
0.4423907399177551
0.44371506571769714
0.4436623156070709
0.4437716007232666
0.44609037041664124
0.44432035088539124
0.442672461271286
0.44053030014038086
0.4360225200653076
0.437399685382843
0.4262274205684662
0.4210684299468994
0.41305088996887207
0.40899619460105896
0.4096109867095947
0.4064939618110657
0.40578052401542664
0.40104952454566956
0.39826080203056335
0.39734718203544617
0.39172765612602234
0.3937714993953705
0.39746126532554626
0.39506182074546814
0.3967518210411072
0.40209731459617615
0.39993181824684143
0.40837106108665466
0.40354982018470764
0.40785789489746094
0.40392085909843445
0.4043635427951813
0.4045718312263489
0.40488407015800476
0.40863037109375
0.4020478427410126
0.4003288447856903
0.4044629633426666
0.40432411432266235
0.4078857898712158
0.4094291627407074
0.4094207286834717
0.4086317718029022
0.41116809844970703
0.40922531485557556
0.40825462341308594
0.40835580229759216
0.40649276971817017
0.39875099062919617
0.4012998640537262
0.39581555128097534
0.39982858300209045
0.4035486876964569
0.4073488712310791
0.4116722643375397
0.4185342490673065
0.426495760679245
0.42849159240722656
0.43725863099098206
0.4424913823604584
0.44532307982444763
0.4398171603679657
0.4422454535961151
0.4390578269958496
0.43589305877685547
0.43345651030540466
0.43296346068382263
0.43062707781791687
0.43343839049339294
0.43699508905410767
0.4409206509590149
0.4394052028656006
0.4414287507534027
0.43787604570388794
0.4391579329967499
0.43472787737846375
0.4352705180644989
0.42966529726982117
0.42413806915283203
0.41592302918434143
0.4103486239910126
0.4059745967388153
0.3998711407184601
0.39727431535720825
0.39179882407188416
0.38905832171440125
0.38483262062072754
0.37840962409973145
0.37684208154678345
0.373336523771286
0.3752211034297943
0.37519845366477966
0.37760037183761597
0.3846856951713562
0.3874189555644989
0.3922986090183258
0.39766308665275574
0.40531882643699646
0.40898486971855164
0.41379737854003906
0.41573429107666016
0.41968876123428345
0.417387455701828
0.418832927942276
0.4206819534301758
0.41885843873023987
0.41640225052833557
0.41393110156059265
0.41472673416137695
0.41117557883262634
0.40885233879089355
0.40804561972618103
0.40557560324668884
0.4035164415836334
0.40123042464256287
0.40049806237220764
0.4032509922981262
0.40570735931396484
0.40818825364112854
0.4134848117828369
0.41846808791160583
0.42199593782424927
0.42611953616142273
0.4319981634616852
0.4354875981807709
0.43826815485954285
0.44123193621635437
0.44116446375846863
0.438952773809433
0.43969273567199707
0.43653765320777893
0.4367814064025879
0.43692031502723694
0.43836960196495056
0.4370673596858978
0.4364190995693207
0.434777170419693
0.43628644943237305
0.4318505823612213
0.4303624629974365
0.43216514587402344
0.43223223090171814
0.43454691767692566
0.4410383701324463
0.44339996576309204
0.4427672028541565
0.44436484575271606
0.44422945380210876
0.4391082227230072
0.43117085099220276
0.4275670647621155
0.4170500338077545
0.4105277955532074
0.3979114592075348
0.3869817852973938
0.3813953399658203
0.3769388198852539
0.37373489141464233
0.37195080518722534
0.3718724846839905
0.37335309386253357
0.3742832839488983
0.3781374394893646
0.3794364631175995
0.3801034390926361
0.384261816740036
0.38924914598464966
0.390632688999176
0.39829349517822266
0.4012371003627777
0.399026095867157
0.4040137827396393
0.40679141879081726
0.40997323393821716
0.41131791472435
0.4113701283931732
0.4124811589717865
0.4202375113964081
0.42036065459251404
0.4183931350708008
0.41361427307128906
0.42065879702568054
0.41873693466186523
0.42407989501953125
0.4271194636821747
0.4239499270915985
0.42641040682792664
0.4212060570716858
0.42650824785232544
0.4271802008152008
0.4187963902950287
0.41832002997398376
0.41873785853385925
0.4201655089855194
0.41688767075538635
0.4127986431121826
0.40490612387657166
0.3990543782711029
0.40012428164482117
0.3997480571269989
0.3943865895271301
0.3912472724914551
0.3922097682952881
0.39165833592414856
0.3868215084075928
0.38684892654418945
0.38906797766685486
0.3923109173774719
0.39290428161621094
0.3914926052093506
0.39249086380004883
0.39058801531791687
0.39226874709129333
0.38997581601142883
0.39271068572998047
0.3895261287689209
0.38515806198120117
0.3821714520454407
0.3784782588481903
0.3763895332813263
0.37585845589637756
0.37916672229766846
0.38275206089019775
0.3831738531589508
0.38280531764030457
0.39011117815971375
0.3905932903289795
0.3952001929283142
0.3938078284263611
0.3951302170753479
0.3964989483356476
0.3954760432243347
0.3960919678211212
0.3954508304595947
0.39463597536087036
0.3930494785308838
0.3998965322971344
0.40108251571655273
0.4091706871986389
0.4078712463378906
0.40875574946403503
0.4058073163032532
0.4081058204174042
0.40322551131248474
0.40029770135879517
0.39602741599082947
0.3898531198501587
0.3815460205078125
0.376811683177948
0.3667699992656708
0.3641001880168915
0.35759010910987854
0.35625800490379333
0.3492947816848755
0.3463205099105835
0.34338924288749695
0.3406085669994354
0.33719560503959656
0.3380013704299927
0.3363919258117676
0.341543048620224
0.3427775502204895
0.34892719984054565
0.35087087750434875
0.3563053607940674
0.3576996922492981
0.3604929745197296
0.36063531041145325
0.3634380102157593
0.36172378063201904
0.363565057516098
0.36501356959342957
0.36221250891685486
0.35947710275650024
0.3590645492076874
0.3605446517467499
0.36087557673454285
0.364022433757782
0.3650139570236206
0.3642376959323883
0.363664448261261
0.365275114774704
0.3666953146457672
0.3662875294685364
0.3661932647228241
0.36795932054519653
0.3734903037548065
0.37412402033805847
0.37924495339393616
0.38580912351608276
0.39081427454948425
0.39033421874046326
0.39379850029945374
0.4002089202404022
0.4032283425331116
0.4050767123699188
0.40569600462913513
0.410062313079834
0.40205737948417664
0.40219807624816895
0.40555140376091003
0.41303402185440063
0.4111957252025604
0.41102370619773865
0.4115931987762451
0.41370612382888794
0.4147825837135315
0.4118882715702057
0.41301336884498596
0.4131740629673004
0.41663676500320435
0.41702672839164734
0.4204734265804291
0.42047569155693054
0.4198707044124603
0.421715646982193
0.4190804660320282
0.41192299127578735
0.4090366065502167
0.4113633632659912
0.4007945954799652
0.3945992887020111
0.38951629400253296
0.38447389006614685
0.3793364465236664
0.37765923142433167
0.37541985511779785
0.37790223956108093
0.3794000446796417
0.3772042691707611
0.3758191764354706
0.37442123889923096
0.37271231412887573
0.37669166922569275
0.3795364797115326
0.3818237781524658
0.3816635310649872
0.38549017906188965
0.38906964659690857
0.38783860206604004
0.3894157409667969
0.3906170427799225
0.39029213786125183
0.39115116000175476
0.38974830508232117
0.3885292410850525
0.3902132511138916
0.38838064670562744
0.3873387575149536
0.3895893394947052
0.3914813697338104
0.39521604776382446
0.3975556790828705
0.40070006251335144
0.40020719170570374
0.39914026856422424
0.4027130603790283
0.4014635682106018
0.4039396345615387
0.40440502762794495
0.40311169624328613
0.40316373109817505
0.40315261483192444
0.4020664393901825
0.3997621238231659
0.39992547035217285
0.3986816704273224
0.4000045955181122
0.40313324332237244
0.4078691899776459
0.4117795526981354
0.41680341958999634
0.4197964370250702
0.4220127761363983
0.4282882809638977
0.4323459267616272
0.43454819917678833
0.4364573657512665
0.4391019940376282
0.4373639225959778
0.4390678405761719
0.44048237800598145
0.4346694052219391
0.430657297372818
0.4282739758491516
0.42310261726379395
0.41952356696128845
0.4117610454559326
0.41242048144340515
0.4131370484828949
0.4108407199382782
0.41226157546043396
0.4152093827724457
0.41743120551109314
0.42165708541870117
0.42647144198417664
0.4309866428375244
0.4338558614253998
0.4398364722728729
0.4395765960216522
0.44507303833961487
0.4426974356174469
0.4454631805419922
0.44702959060668945
0.44943967461586
0.44405674934387207
0.4530215263366699
0.4592779576778412
0.4616590440273285
0.4519740641117096
0.4763919413089752
0.4763365387916565
0.5120231509208679
0.519300639629364
0.5481818318367004
0.5389629602432251
0.572989284992218
0.5707489252090454
0.5807116627693176
0.5798394083976746
0.604184091091156
0.5791003108024597
0.6121448874473572
0.6251336932182312
0.6164313554763794
0.6311197876930237
0.6486366391181946
0.6381912231445312
0.6299556493759155
0.6403945088386536
0.6234232783317566
0.6249932646751404
0.6047147512435913
0.6009618639945984
0.5902926325798035
0.5936791300773621
0.5882450938224792
0.5932371020317078
0.6055800914764404
0.6050089001655579
0.6157781481742859
0.6131026148796082
0.6253820061683655
0.6130076050758362
0.6144521236419678
0.600500762462616
0.6018369793891907
0.602700412273407
0.6019124984741211
0.5905196070671082
0.6037502884864807
0.5838832855224609
0.596554696559906
0.5835345387458801
0.5883399248123169
0.5976536273956299
0.5933023691177368
0.5827919840812683
0.5818483829498291
0.5723552107810974
0.5723840594291687
0.5742585062980652
0.5765343308448792
0.5783473253250122
0.5729158520698547
0.5635133981704712
0.5571199059486389
0.5506913065910339
0.5469036102294922
0.5452781915664673
0.540059506893158
0.5350752472877502
0.5299100875854492
0.5255139470100403
0.5249003767967224
0.5258194208145142
0.5226914286613464
0.5279285311698914
0.5338732600212097
0.5418981909751892
0.5485634207725525
0.5580215454101562
0.5648046135902405
0.5726420283317566
0.5779078602790833
0.578320324420929
0.580260694026947
0.5768378973007202
0.568047821521759
0.5619058609008789
0.5592425465583801
0.5543289184570312
0.5461331009864807
0.5393456816673279
0.5441800355911255
0.5442202687263489
0.5423809885978699
0.5471187233924866
0.5527215600013733
0.5639798045158386
0.5652936100959778
0.5777382850646973
0.5838133692741394
0.5939022898674011
0.6090863943099976
0.6211554408073425
0.6315177083015442
0.6443621516227722
0.650093674659729
0.646072506904602
0.647322416305542
0.6407226920127869
0.6501795649528503
0.6420409679412842
0.6494747400283813
0.636399507522583
0.6368029117584229
0.6270866394042969
0.6293819546699524
0.6391222476959229
0.6371974349021912
0.64725661277771
0.6535746455192566
0.6548402905464172
0.6466798186302185
0.6432676315307617
0.6474035382270813
0.6473130583763123
0.6474789977073669
0.6537186503410339
0.6581694483757019
0.6587443947792053
0.6536387801170349
0.6520986557006836
0.6457338333129883
0.6538746953010559
0.6505841612815857
0.6498045325279236
0.6496118903160095
0.6486958265304565
0.655363142490387
0.6483892798423767
0.6492194533348083
0.6535264253616333
0.6496372222900391
0.6514873504638672
0.6502704620361328
0.6483930349349976
0.6499590277671814
0.6420796513557434
0.6318792104721069
0.638102650642395
0.6261599063873291
0.6151596903800964
0.6053454279899597
0.5938043594360352
0.5865679979324341
0.581584632396698
0.5677434206008911
0.5657280087471008
0.5611721277236938
0.5580369234085083
0.5649914741516113
0.5625917315483093
0.5556835532188416
0.5490081906318665
0.5508104562759399
0.5527445673942566
0.5460337400436401
0.544762134552002
0.5466263890266418
0.5417844653129578
0.5460041761398315
0.5472093224525452
0.5467425584793091
0.5406692028045654
0.5337902307510376
0.5281935334205627
0.5165249705314636
0.5186497569084167
0.5148061513900757
0.5107569098472595
0.5087549686431885
0.5084612369537354
0.5068184733390808
0.5122590661048889
0.5297858119010925
0.5252341628074646
0.5425533652305603
0.5448237657546997
0.5506388545036316
0.5715867280960083
0.5683967471122742
0.6051826477050781
0.6474467515945435
0.5660322904586792
0.5861703753471375
0.5647444725036621
0.5663596391677856
0.5797247290611267
0.5740246176719666
0.5667714476585388
0.6022927761077881
0.6052253842353821
0.6123906373977661
0.6197202801704407
0.6298374533653259
0.6386270523071289
0.6044432520866394
0.6186090111732483
0.5821917653083801
0.5731998085975647
0.5661534667015076
0.5586599707603455
0.5388085246086121
0.5220555067062378
0.52226722240448
0.5351719856262207
0.5322281718254089
0.5403384566307068
0.5354893803596497
0.5377811789512634
0.5413579940795898
0.5546841025352478
0.5592915415763855
0.5626679062843323
0.5566961765289307
0.5550829768180847
0.5581607222557068
0.5660991072654724
0.5674803256988525
0.5645096302032471
0.5679070353507996
0.5617731809616089
0.5524917244911194
0.5448621511459351
0.5486586093902588
0.5486087203025818
0.5448772311210632
0.5412459969520569
0.551565408706665
0.5473170876502991
0.5541664958000183
0.5601475834846497
0.5524706840515137
0.5631110072135925
0.5471794605255127
0.5537123084068298
0.5628134608268738
0.5530058145523071
0.5625793933868408
0.5587220191955566
0.5593225955963135
0.5631012916564941
0.5620328783988953
0.5560248494148254
0.5477477312088013
0.5468280911445618
0.5418898463249207
0.536516547203064
0.5208176970481873
0.5209130048751831
0.5162069201469421
0.5200881958007812
0.5109984874725342
0.5084756016731262
0.515217661857605
0.502178966999054
0.509732723236084
0.5064907073974609
0.500917911529541
0.5058526992797852
0.5069765448570251
0.5077478289604187
0.5107042193412781
0.511574923992157
0.5127632021903992
0.507779061794281
0.5189135670661926
0.5195309519767761
0.5169262290000916
0.521032452583313
0.5148673057556152
0.5121914744377136
0.5148133039474487
0.5069640278816223
0.5062193274497986
0.5141841769218445
0.5117514729499817
0.5064656138420105
0.4993464946746826
0.4952002167701721
0.4954369068145752
0.49376317858695984
0.4909228980541229
0.48929014801979065
0.4835587441921234
0.47947460412979126
0.4773169159889221
0.4743700921535492
0.4662187099456787
0.4601214528083801
0.46035489439964294
0.4638420641422272
0.45682641863822937
0.46884679794311523
0.4648468494415283
0.47107967734336853
0.471215158700943
0.47633281350135803
0.47995004057884216
0.48090749979019165
0.48316511511802673
0.4852948784828186
0.48258447647094727
0.4812973439693451
0.4791698157787323
0.4762086570262909
0.47320809960365295
0.4705043435096741
0.46468815207481384
0.46197324991226196
0.45864009857177734
0.4554152488708496
0.4495944678783417
0.44568219780921936
0.44238701462745667
0.43818026781082153
0.4342903196811676
0.4347076416015625
0.4333570599555969
0.43532535433769226
0.43414148688316345
0.4349573254585266
0.4330361783504486
0.4383764863014221
0.4421658217906952
0.4410601556301117
0.44680270552635193
0.4443128705024719
0.4480549991130829
0.451524943113327
0.45699605345726013
0.45125529170036316
0.4551205337047577
0.4469332695007324
0.44713446497917175
0.44168001413345337
0.44367262721061707
0.4402647912502289
0.43473848700523376
0.4317178428173065
0.4274619221687317
0.42608195543289185
0.42775678634643555
0.43227076530456543
0.43006157875061035
0.4366912543773651
0.43309369683265686
0.43007737398147583
0.43744078278541565
0.4301256835460663
0.4351983964443207
0.43603163957595825
0.4327227771282196
0.4407348334789276
0.44233494997024536
0.45119690895080566
0.4585997760295868
0.46060505509376526
0.45485591888427734
0.46005979180336
0.46442922949790955
0.4634997546672821
0.468364953994751
0.4704584777355194
0.4690763056278229
0.47005096077919006
0.46648526191711426
0.4688935875892639
0.4709249436855316
0.4709300994873047
0.4733559191226959
0.4776845872402191
0.47614845633506775
0.4813810884952545
0.4730849266052246
0.47109267115592957
0.4722541868686676
0.47678399085998535
0.4796772599220276
0.4840218722820282
0.496995747089386
0.49955400824546814
0.510322093963623
0.5097739100456238
0.5095114707946777
0.5149171948432922
0.5213910937309265
0.5236718058586121
0.518778920173645
0.511023223400116
0.5079113841056824
0.5065438151359558
0.509877622127533
0.5088885426521301
0.5089532136917114
0.5179285407066345
0.515077531337738
0.5178120732307434
0.5197959542274475
0.5227895379066467
0.5209862589836121
0.5258557200431824
0.5311027765274048
0.5340481996536255
0.5442900657653809
0.5474737882614136
0.5486693382263184
0.5557229518890381
0.5613027811050415
0.5643705725669861
0.5743191838264465
0.5727783441543579
0.571662425994873
0.5734911561012268
0.5659950375556946
0.5715002417564392
0.5702742338180542
0.5658823251724243
0.5648607015609741
0.5686686635017395
0.5680177211761475
0.5737983584403992
0.5690515041351318
0.5564655065536499
0.5608048439025879
0.5627860426902771
0.5598165392875671
0.5610491633415222
0.5663248300552368
0.5748707056045532
0.5779016017913818
0.5864741802215576
0.5916008949279785
0.590369462966919
0.593815267086029
0.59654700756073
0.5960381031036377
0.5932173728942871
0.5884084105491638
0.5871930718421936
0.5836208462715149
0.5783867239952087
0.5809006094932556
0.58674556016922
0.5869858264923096
0.5905745029449463
0.5899462103843689
0.5830036997795105
0.5825511813163757
0.5789468288421631
0.5839815139770508
0.5815765857696533
0.5784395337104797
0.5806721448898315
0.5723670125007629
0.5734128952026367
0.5729045271873474
0.5692009925842285
0.5679603815078735
0.5705904960632324
0.5714594721794128
0.571675717830658
0.5800344944000244
0.581527054309845
0.5914818644523621
0.59635990858078
0.595940351486206
0.6091823577880859
0.6084825396537781
0.6136900782585144
0.617794930934906
0.6086358428001404
0.6090788245201111
0.6062345504760742
0.604058563709259
0.5925959944725037
0.5818411707878113
0.5742754936218262
0.5667448043823242
0.562244713306427
0.5554669499397278
0.5499438643455505
0.5466715693473816
0.5419535040855408
0.5412433743476868
0.5424151420593262
0.5604428052902222
0.5420093536376953
0.550518274307251
0.5531200170516968
0.5536252856254578
0.5592033267021179
0.572248637676239
0.5680554509162903
0.5919554233551025
0.5822364687919617
0.5943411588668823
0.5843842625617981
0.5844187140464783
0.6009485125541687
0.5959511399269104
0.5958814024925232
0.5866865515708923
0.5989527106285095
0.6000341773033142
0.595184326171875
0.58604496717453
0.602327287197113
0.5667101740837097
0.5805649161338806
0.5977227091789246
0.5855500102043152
0.5602359175682068
0.5593118667602539
0.5507170557975769
0.5521740317344666
0.5706230998039246
0.5677499175071716
0.5746747851371765
0.5781792402267456
0.576644241809845
0.581146776676178
0.5998905897140503
0.5963764786720276
0.5945833325386047
0.6020996570587158
0.5971980094909668
0.5961504578590393
0.5927254557609558
0.6023532748222351
0.605600118637085
0.6004323363304138
0.5943511128425598
0.5856040716171265
0.5651840567588806
0.5616628527641296
0.5492667555809021
0.5478417277336121
0.533237636089325
0.5355421900749207
0.526800274848938
0.5181734561920166
0.5144332647323608
0.5138607025146484
0.5060051083564758
0.4984101951122284
0.5046419501304626
0.5140364170074463
0.5071679949760437
0.5129086375236511
0.5084656476974487
0.5109602808952332
0.51749187707901
0.5221342444419861
0.5245916247367859
0.5223016142845154
0.5211895108222961
0.5227805972099304
0.518430233001709
0.5168221592903137
0.5218765139579773
0.5273298621177673
0.5200469493865967
0.5227532982826233
0.5289171934127808
0.5238537192344666
0.5311082005500793
0.5179543495178223
0.5276398062705994
0.5267764925956726
0.532765805721283
0.5247191786766052
0.5302854776382446
0.5338756442070007
0.529484212398529
0.5276902914047241
0.5290338397026062
0.5234715342521667
0.5237502455711365
0.5199128985404968
0.5151702165603638
0.50822514295578
0.5031927824020386
0.5015026926994324
0.49884232878685
0.49892768263816833
0.5051676630973816
0.5021538734436035
0.5061925053596497
0.5044049024581909
0.5088722705841064
0.5011069774627686
0.5042642951011658
0.5059884786605835
0.5122641324996948
0.523493766784668
0.5339442491531372
0.5447900295257568
0.549547016620636
0.5566735863685608
0.5637726187705994
0.5650203824043274
0.5683224201202393
0.5686611533164978
0.5678064227104187
0.5616057515144348
0.5568597912788391
0.5549608469009399
0.5454850792884827
0.547534167766571
0.5518390536308289
0.5556909441947937
0.5578605532646179
0.5563368201255798
0.5564566254615784
0.5571600198745728
0.5572957992553711
0.555036723613739
0.5593840479850769
0.5563718676567078
0.5545241236686707
0.5549917817115784
0.5575740933418274
0.558829128742218
0.558975875377655
0.5620478987693787
0.549899697303772
0.5532307624816895
0.5515414476394653
0.5555545687675476
0.5579685568809509
0.5669267773628235
0.5621260404586792
0.5677922368049622
0.5721668601036072
0.5835186243057251
0.5865573287010193
0.5887682437896729
0.5924714207649231
0.5930154323577881
0.5956445336341858
0.5936054587364197
0.5893093943595886
0.589009165763855
0.5840311646461487
0.5806417465209961
0.5724071860313416
0.5716456770896912
0.5646838545799255
0.56460040807724
0.570239245891571
0.5719910264015198
0.5715770125389099
0.5787631273269653
0.5805598497390747
0.5945987701416016
0.5972742438316345
0.6009074449539185
0.6188176274299622
0.6214746832847595
0.6424693465232849
0.6478055715560913
0.6570128798484802
0.6534873247146606
0.6698823571205139
0.6754972338676453
0.6850456595420837
0.7067092657089233
0.7004689574241638
0.7038552761077881
0.7150463461875916
0.6949465870857239
0.71698397397995
0.71686190366745
0.7157205939292908
0.7039687037467957
0.6961910724639893
0.6674900054931641
0.6523419618606567
0.6272668838500977
0.6232114434242249
0.6121330261230469
0.6026833653450012
0.6091312766075134
0.6206696033477783
0.6071389317512512
0.6169517636299133
0.6042868494987488
0.6285027861595154
0.6209060549736023
0.6308302283287048
0.6285682916641235
0.6227967143058777
0.610303521156311
0.6070495247840881
0.5935781598091125
0.5887944102287292
0.5907880663871765
0.5944316983222961
0.5908755660057068
0.5841287970542908
0.5770596861839294
0.5734593272209167
0.5653660297393799
0.5609382390975952
0.5601339340209961
0.5569891333580017
0.5600090622901917
0.565667450428009
0.5604605078697205
0.5549196004867554
0.5547041893005371
0.5626441240310669
0.5744685530662537
0.5788258910179138
0.5930410027503967
0.5981626510620117
0.6032412052154541
0.613407552242279
0.6110612154006958
0.6182897686958313
0.62179034948349
0.6257067322731018
0.6176297664642334
0.6143831610679626
0.6075834631919861
0.606003999710083
0.6074231863021851
0.5946792960166931
0.5961710810661316
0.5937212109565735
0.5851238965988159
0.5862426161766052
0.5816469192504883
0.5779079794883728
0.5665090084075928
0.577063798904419
0.5768073201179504
0.561905026435852
0.5686524510383606
0.5571610927581787
0.5545432567596436
0.549401581287384
0.5533639788627625
0.5444857478141785
0.5405494570732117
0.540881335735321
0.5379385948181152
0.5211901664733887
0.515649676322937
0.5002864599227905
0.4842908978462219
0.48686009645462036
0.4763270914554596
0.47928425669670105
0.4740018844604492
0.46560096740722656
0.46424493193626404
0.45670390129089355
0.45324569940567017
0.44908905029296875
0.4510675072669983
0.4530603885650635
0.458727091550827
0.4698488712310791
0.4787817597389221
0.48451128602027893
0.49902746081352234
0.5013958811759949
0.5184471011161804
0.5216702222824097
0.5264770984649658
0.5374377965927124
0.5429609417915344
0.54759281873703
0.54934161901474
0.5533891320228577
0.5544160008430481
0.5527963042259216
0.553353488445282
0.5583977103233337
0.5557301044464111
0.5494607090950012
0.5493819713592529
0.5430294871330261
0.5389668345451355
0.5399789810180664
0.5449963212013245
0.5443708300590515
0.5501885414123535
0.5573250651359558
0.5600599646568298
0.5662797689437866
0.562718391418457
0.5673093199729919
0.576097309589386
0.5794641971588135
0.5854083299636841
0.6014989018440247
0.5982005596160889
0.6083928942680359
0.6077850461006165
0.6117514967918396
0.6148465275764465
0.6255596876144409
0.6274864077568054
0.6170343160629272
0.6136509776115417
0.6003942489624023
0.5988921523094177
0.5884000062942505
0.5786990523338318
0.5655547976493835
0.552926778793335
0.5425378680229187
0.535205602645874
0.5298554301261902
0.5214119553565979
0.5175837278366089
0.5241557359695435
0.5248738527297974
0.5258899927139282
0.5259613990783691
0.5329390168190002
0.5350164771080017
0.5381459593772888
0.5412923693656921
0.547238826751709
0.5567049384117126
0.5655196905136108
0.5666717886924744
0.5468302965164185
0.5589160919189453
0.5671843886375427
0.5880972146987915
0.581645667552948
0.5902709364891052
0.5641025900840759
0.570659339427948
0.5822717547416687
0.6022472381591797
0.6048278212547302
0.6170893311500549
0.619511067867279
0.6191996932029724
0.6204075813293457
0.653117835521698
0.6603013873100281
0.6755430102348328
0.6925370693206787
0.7190462946891785
0.733273446559906
0.7556890845298767
0.7698366045951843
0.7625820636749268
0.7575596570968628
0.758897066116333
0.7513300776481628
0.7449432015419006
0.7157307267189026
0.6851407885551453
0.6497434973716736
0.6081046462059021
0.5983274579048157
0.5687659382820129
0.5652462840080261
0.5513839721679688
0.5401215553283691
0.5210053324699402
0.520022988319397
0.5063799023628235
0.4993627667427063
0.49359652400016785
0.47722187638282776
0.4877902567386627
0.4744069278240204
0.47571516036987305
0.46853509545326233
0.4798499047756195
0.4810759723186493
0.4743160307407379
0.48620253801345825
0.5010506510734558
0.5018593668937683
0.49621182680130005
0.4924127161502838
0.4994395673274994
0.4951062798500061
0.49778982996940613
0.5074471831321716
0.5058613419532776
0.5012183785438538
0.49878010153770447
0.4966394603252411
0.495413601398468
0.4978163242340088
0.4885373115539551
0.48912283778190613
0.49841976165771484
0.503922164440155
0.5023295283317566
0.5054742693901062
0.5091054439544678
0.5065304636955261
0.5207036733627319
0.5172438025474548
0.5296361446380615
0.5401313900947571
0.5454811453819275
0.5467737913131714
0.5506030321121216
0.5488340258598328
0.5528293251991272
0.5590322017669678
0.5492581725120544
0.548348605632782
0.5401660203933716
0.5273768305778503
0.51944500207901
0.5059361457824707
0.5077290534973145
0.49716049432754517
0.4929477870464325
0.48836323618888855
0.48676443099975586
0.4741538166999817
0.4664430618286133
0.4624551236629486
0.4661026895046234
0.461923211812973
0.46469002962112427
0.46182700991630554
0.46643000841140747
0.46778517961502075
0.46312418580055237
0.46278029680252075
0.4624512195587158
0.4547450542449951
0.4541749060153961
0.4493008553981781
0.4415627121925354
0.43600693345069885
0.4263288080692291
0.4145677983760834
0.4107559621334076
0.40801572799682617
0.3972020745277405
0.3959638774394989
0.3914368152618408
0.38945528864860535
0.38412901759147644
0.37925484776496887
0.38061267137527466
0.3772933781147003
0.3788243234157562
0.37918514013290405
0.3825843334197998
0.3870603144168854
0.394441157579422
0.39763620495796204
0.3997042775154114
0.4035901129245758
0.4092737138271332
0.41950151324272156
0.4253796637058258
0.43404504656791687
0.43270450830459595
0.435610830783844
0.4409407079219818
0.44078683853149414
0.44080033898353577
0.4435844123363495
0.4418709874153137
0.4383654296398163
0.4353075921535492
0.43862929940223694
0.4368332028388977
0.4399297833442688
0.4405096173286438
0.43781477212905884
0.4360085129737854
0.4320394992828369
0.42921873927116394
0.42477113008499146
0.4255710244178772
0.41799989342689514
0.41309958696365356
0.4117203652858734
0.40602508187294006
0.40509435534477234
0.4025556147098541
0.4009297490119934
0.4006149470806122
0.39461395144462585
0.39307934045791626
0.3878425657749176
0.39243170619010925
0.3904513418674469
0.3841314911842346
0.3860624134540558
0.3878548741340637
0.386955589056015
0.3915404975414276
0.3930226266384125
0.391594260931015
0.39098796248435974
0.3895338177680969
0.38523855805397034
0.38008418679237366
0.3743084967136383
0.36776265501976013
0.3645213544368744
0.3570249080657959
0.35207420587539673
0.3477252721786499
0.3466329276561737
0.34217599034309387
0.3426782786846161
0.34198054671287537
0.3410647511482239
0.33844074606895447
0.3361811339855194
0.33387884497642517
0.3340042233467102
0.33391842246055603
0.3399573862552643
0.3479093015193939
0.35472461581230164
0.361485093832016
0.3662760853767395
0.36988720297813416
0.37589749693870544
0.3770458698272705
0.3784094750881195
0.3787870407104492
0.3753446638584137
0.37876930832862854
0.3753452003002167
0.37800541520118713
0.38099539279937744
0.3842866122722626
0.3869619369506836
0.38923197984695435
0.39670273661613464
0.3936251401901245
0.39835888147354126
0.3982698917388916
0.3993006944656372
0.402900755405426
0.4085758328437805
0.4155360162258148
0.42379069328308105
0.43527576327323914
0.4362201392650604
0.44311830401420593
0.44700583815574646
0.4552060663700104
0.4536460041999817
0.45261597633361816
0.4515242278575897
0.4493095576763153
0.4346117675304413
0.4299803376197815
0.4304578900337219
0.43017441034317017
0.42841774225234985
0.42113766074180603
0.4151507318019867
0.4085100591182709
0.40564289689064026
0.40877190232276917
0.401055246591568
0.40275540947914124
0.39916133880615234
0.4104667603969574
0.41665196418762207
0.4171581268310547
0.4307291507720947
0.4348770081996918
0.4360446035861969
0.4444867670536041
0.44580385088920593
0.44200006127357483
0.45653706789016724
0.454115629196167
0.4538215696811676
0.4468376636505127
0.44733139872550964
0.4490237832069397
0.4568919241428375
0.45761963725090027
0.45042839646339417
0.4524965286254883
0.4498502314090729
0.4475482404232025
0.44661980867385864
0.44398361444473267
0.45729389786720276
0.45980364084243774
0.471386581659317
0.48127299547195435
0.4950438141822815
0.5076259970664978
0.516436755657196
0.520686686038971
0.5320785641670227
0.5440519452095032
0.548683762550354
0.5550822615623474
0.5618883967399597
0.5592315196990967
0.5614243745803833
0.5677397847175598
0.5694888830184937
0.5643971562385559
0.5694934725761414
0.559100866317749
0.5608189105987549
0.5577559471130371
0.5527985692024231
0.5503717660903931
0.5522965788841248
0.552051842212677
0.5481544137001038
0.5456116795539856
0.5418471097946167
0.5414577126502991
0.5364526510238647
0.5307733416557312
0.5265716910362244
0.5249825716018677
0.5206730365753174
0.5209307670593262
0.5290401577949524
0.5346812605857849
0.5368069410324097
0.5387948155403137
0.5451151132583618
0.5490527153015137
0.5542957782745361
0.5571603178977966
0.5570144057273865
0.5610458850860596
0.5595864057540894
0.5588487982749939
0.5593448877334595
0.5571349263191223
0.5549699068069458
0.5514931082725525
0.5471491813659668
0.5459681153297424
0.5395457148551941
0.5377291440963745
0.5358749628067017
0.531753659248352
0.526485800743103
0.5320597887039185
0.5315737128257751
0.5351213216781616
0.5362586379051208
0.5350778102874756
0.5376656651496887
0.5347124338150024
0.5383505821228027
0.5365961194038391
0.5354434251785278
0.5345823764801025
0.5377926230430603
0.5377935767173767
0.5382902026176453
0.5376271605491638
0.536268413066864
0.5315533876419067
0.5257682204246521
0.517488956451416
0.5102483034133911
0.5052115321159363
0.492687463760376
0.4865969717502594
0.4794795513153076
0.4787460267543793
0.4730387330055237
0.4766378402709961
0.4757095277309418
0.47769275307655334
0.4837673306465149
0.4837319552898407
0.48608407378196716
0.48544931411743164
0.4893423616886139
0.49028539657592773
0.49367743730545044
0.4915637969970703
0.5036835074424744
0.5038630962371826
0.5100340247154236
0.5094248652458191
0.5008288025856018
0.49982690811157227
0.4930013120174408
0.4906117022037506
0.493481308221817
0.48517727851867676
0.4769834578037262
0.47366395592689514
0.4644433557987213
0.4599716365337372
0.4593690037727356
0.4544890522956848
0.4568997025489807
0.4508609473705292
0.45139676332473755
0.4523904323577881
0.44905486702919006
0.45440125465393066
0.44618502259254456
0.45063790678977966
0.4667842388153076
0.47547221183776855
0.4864671230316162
0.5030437707901001
0.5160853266716003
0.5281010866165161
0.5415796041488647
0.5506718158721924
0.5632001161575317
0.5731849074363708
0.5775973200798035
0.5716213583946228
0.567233681678772
0.5603889226913452
0.549269437789917
0.551233172416687
0.5485219359397888
0.5489409565925598
0.5464547276496887
0.5479056239128113
0.5470213890075684
0.5430063605308533
0.5434221625328064
0.5459782481193542
0.5428082346916199
0.5681349039077759
0.5723864436149597
0.5797626376152039
0.5975377559661865
0.60136479139328
0.6111329197883606
0.6068376898765564
0.6114200949668884
0.6210765242576599
0.6141230463981628
0.6147207021713257
0.6071271300315857
0.5997421741485596
0.5847341418266296
0.5738216042518616
0.566742479801178
0.5678245425224304
0.5749501585960388
0.5659131407737732
0.5515355467796326
0.5451878905296326
0.5514373779296875
0.545635461807251
0.542881190776825
0.5347055196762085
0.5475476980209351
0.5476329326629639
0.542870044708252
0.5512669682502747
0.555220901966095
0.5527850985527039
0.5497867465019226
0.5523660778999329
0.545414388179779
0.5496176481246948
0.5393118262290955
0.5405899286270142
0.5294551849365234
0.5280212163925171
0.5238028168678284
0.5190266966819763
0.5205134153366089
0.5212372541427612
0.5187398791313171
0.5149062871932983
0.5148133039474487
0.5098027586936951
0.5073556303977966
0.507561981678009
0.5153390169143677
0.5079097151756287
0.507803201675415
0.5162866711616516
0.5029605031013489
0.5078639984130859
0.508023738861084
0.5067360997200012
0.5124279260635376
0.5146420001983643
0.5177768468856812
0.516728401184082
0.5207797884941101
0.5181769132614136
0.5196916460990906
0.5172613859176636
0.5139386057853699
0.5154294371604919
0.5091603994369507
0.5119692087173462
0.509555459022522
0.5049651265144348
0.5062177777290344
0.4971516728401184
0.4995167851448059
0.4910953640937805
0.4877249300479889
0.4806971549987793
0.4713704288005829
0.4601801335811615
0.4551791846752167
0.44954630732536316
0.4370536506175995
0.43107476830482483
0.4294281005859375
0.4228287637233734
0.42046886682510376
0.41540661454200745
0.4158889949321747
0.4169865548610687
0.41392141580581665
0.4147549569606781
0.4199676513671875
0.42001405358314514
0.4208187162876129
0.42009755969047546
0.42183637619018555
0.4215705096721649
0.41529712080955505
0.41156521439552307
0.4044526219367981
0.3982008099555969
0.3940431475639343
0.3859919607639313
0.3749958574771881
0.36347445845603943
0.3624739646911621
0.3448881506919861
0.34335842728614807
0.33457452058792114
0.33294424414634705
0.32744300365448
0.3303408920764923
0.3284246325492859
0.333583801984787
0.3356567621231079
0.32639390230178833
0.3329201936721802
0.32986021041870117
0.3336973488330841
0.3421421945095062
0.34823063015937805
0.3499622941017151
0.34313204884529114
0.3409084677696228
0.3454572856426239
0.3441008925437927
0.33929529786109924
0.34003815054893494
0.3393971621990204
0.3396894335746765
0.3380962312221527
0.33861562609672546
0.3371216952800751
0.34027454257011414
0.3396036624908447
0.3407740890979767
0.342820942401886
0.3451012074947357
0.34245365858078003
0.3431250751018524
0.34290215373039246
0.340221643447876
0.34338995814323425
0.34588709473609924
0.35165297985076904
0.35421550273895264
0.3522529602050781
0.35434412956237793
0.35224005579948425
0.35274213552474976
0.3542484939098358
0.35163381695747375
0.35098788142204285
0.3471013009548187
0.34061044454574585
0.33491358160972595
0.33307409286499023
0.33357900381088257
0.33094796538352966
0.33270397782325745
0.3282272517681122
0.3274250030517578
0.32994696497917175
0.3272666931152344
0.32849493622779846
0.32846370339393616
0.32922279834747314
0.32859253883361816
0.33100518584251404
0.33816325664520264
0.3388255536556244
0.3422201871871948
0.343929260969162
0.34436139464378357
0.3464198410511017
0.34878990054130554
0.3499164283275604
0.3499980866909027
0.35160255432128906
0.35256704688072205
0.3511298596858978
0.35488012433052063
0.3543032109737396
0.3567352592945099
0.3595949709415436
0.3601228892803192
0.3621046841144562
0.36118584871292114
0.35979703068733215
0.359794944524765
0.3608733117580414
0.36609575152397156
0.37335190176963806
0.38381096720695496
0.3924104869365692
0.4018378257751465
0.4117638170719147
0.41619786620140076
0.42443782091140747
0.4340532422065735
0.43922218680381775
0.4408131539821625
0.44842883944511414
0.45552006363868713
0.449268639087677
0.45243212580680847
0.45653972029685974
0.45302391052246094
0.45501968264579773
0.46119245886802673
0.45853176712989807
0.46619901061058044
0.45769667625427246
0.45700550079345703
0.45045873522758484
0.4501565396785736
0.4539051949977875
0.4477534294128418
0.45579439401626587
0.4522887170314789
0.45586925745010376
0.4586731493473053
0.4536714553833008
0.4593660533428192
0.462667852640152
0.45981565117836
0.46746665239334106
0.4708760678768158
0.4674195349216461
0.4770435392856598
0.4811438024044037
0.4767512381076813
0.48135700821876526
0.4888237416744232
0.48660731315612793
0.48172566294670105
0.4793534278869629
0.4766347110271454
0.4674721360206604
0.46363160014152527
0.4598007798194885
0.456071674823761
0.44591599702835083
0.4377973675727844
0.4306248128414154
0.42295002937316895
0.4150558114051819
0.4113214612007141
0.4080544412136078
0.40165242552757263
0.3992021977901459
0.39463937282562256
0.39566361904144287
0.3967321217060089
0.3957240581512451
0.39810246229171753
0.3949340879917145
0.3970968425273895
0.39882829785346985
0.39990654587745667
0.39622077345848083
0.39809945225715637
0.400879830121994
0.4057306945323944
0.40880924463272095
0.4033188819885254
0.40091800689697266
0.3981812596321106
0.3943452537059784
0.3913252055644989
0.3864043354988098
0.382670521736145
0.386745810508728
0.37469086050987244
0.37240275740623474
0.36930570006370544
0.362682580947876
0.36720898747444153
0.36112701892852783
0.3594934046268463
0.3577161133289337
0.3546846807003021
0.3570916950702667
0.35228249430656433
0.3556467592716217
0.35333243012428284
0.36127573251724243
0.36290034651756287
0.370637983083725
0.3751354515552521
0.37783414125442505
0.38367676734924316
0.38841956853866577
0.3902501165866852
0.39474308490753174
0.3994710147380829
0.40330252051353455
0.4108038544654846
0.4052440822124481
0.4095788598060608
0.4111686646938324
0.4146644175052643
0.41802453994750977
0.42120668292045593
0.4220220148563385
0.4206613004207611
0.42267870903015137
0.42560654878616333
0.4293642044067383
0.42884397506713867
0.4318575859069824
0.43205443024635315
0.4376116693019867
0.4450747072696686
0.4628326892852783
0.46871432662010193
0.485293447971344
0.4987850785255432
0.5087847113609314
0.5176876187324524
0.5298616290092468
0.5400299429893494
0.5426597595214844
0.5466976761817932
0.5542210936546326
0.5598899722099304
0.5622982382774353
0.5610514879226685
0.5610693693161011
0.5569965243339539
0.5551185011863708
0.5568401217460632
0.5561248064041138
0.5527490377426147
0.5506768822669983
0.5527152419090271
0.5517112612724304
0.5503208637237549
0.5528929829597473
0.5602347254753113
0.5570885539054871
0.5534526705741882
0.5598928332328796
0.5610313415527344
0.563132643699646
0.5555713772773743
0.5487030148506165
0.5598291158676147
0.5521287322044373
0.562075138092041
0.5672765970230103
0.5724200010299683
0.5681819319725037
0.5839676260948181
0.5932221412658691
0.5953276753425598
0.5981842279434204
0.6005385518074036
0.6024081707000732
0.6092342734336853
0.6088699698448181
0.6173750758171082
0.6279355883598328
0.6309661269187927
0.6398124694824219
0.6506398916244507
0.6628157496452332
0.6687237620353699
0.6859362125396729
0.6867530941963196
0.6915268301963806
0.7032789587974548
0.7183899879455566
0.7248855829238892
0.7387171387672424
0.7466996312141418
0.7645480036735535
0.7639448046684265
0.7821879982948303
0.7987704873085022
0.790379524230957
0.8110354542732239
0.8122331500053406
0.7913775444030762
0.7747568488121033
0.7817894816398621
0.761577844619751
0.7425262331962585
0.733232319355011
0.7382579445838928
0.7014307975769043
0.7015682458877563
0.7015332579612732
0.6945111155509949
0.6855502128601074
0.6853067874908447
0.6905538439750671
0.697165310382843
0.6929029822349548
0.6774010062217712
0.6786304116249084
0.6766110062599182
0.6648806929588318
0.6525360941886902
0.6356418132781982
0.6347394585609436
0.6305857300758362
0.6177466511726379
0.60579514503479
0.602792501449585
0.591295599937439
0.5773255228996277
0.5675097107887268
0.5545848608016968
0.54725581407547
0.5310289859771729
0.524860680103302
0.5159776210784912
0.5045850872993469
0.5001605749130249
0.49865323305130005
0.4975183606147766
0.4964919686317444
0.49476930499076843
0.4880056083202362
0.490255743265152
0.4850623607635498
0.4855152666568756
0.47775349020957947
0.4776560366153717
0.470093697309494
0.47142767906188965
0.4752214550971985
0.47037482261657715
0.4607958495616913
0.4564638137817383
0.4497920572757721
0.4414096772670746
0.444526344537735
0.436865895986557
0.43288347125053406
0.42906808853149414
0.42561817169189453
0.42074814438819885
0.4143771827220917
0.41578420996665955
0.40742745995521545
0.4141305983066559
0.41324755549430847
0.4138248860836029
0.4074663817882538
0.4039052426815033
0.4058779180049896
0.40846019983291626
0.40625396370887756
0.40124255418777466
0.404356449842453
0.40801477432250977
0.4223642945289612
0.4258973300457001
0.4344496726989746
0.43905124068260193
0.441148042678833
0.45225831866264343
0.46503862738609314
0.47182416915893555
0.47277650237083435
0.47657474875450134
0.47719818353652954
0.47258853912353516
0.4724200665950775
0.4618849456310272
0.4708150029182434
0.47328898310661316
0.4659700095653534
0.46828386187553406
0.46216192841529846
0.4639427661895752
0.46417418122291565
0.46830376982688904
0.4774087071418762
0.4843514859676361
0.49057990312576294
0.5045637488365173
0.5051449537277222
0.5042238831520081
0.5107958912849426
0.5074453353881836
0.511968195438385
0.5137940049171448
0.5091666579246521
0.5013480186462402
0.4900991916656494
0.4814254939556122
0.4824053943157196
0.4778047502040863
0.47652846574783325
0.46570059657096863
0.46875110268592834
0.46467074751853943
0.4587560296058655
0.459725946187973
0.45477285981178284
0.45456090569496155
0.46404072642326355
0.46574392914772034
0.47564029693603516
0.4780910015106201
0.4807375371456146
0.48859062790870667
0.48708128929138184
0.4919624328613281
0.4883396625518799
0.4896024763584137
0.486318975687027
0.4790113568305969
0.4854339063167572
0.4784916043281555
0.4800916612148285
0.4810645282268524
0.48427876830101013
0.4861929416656494
0.4873872399330139
0.4878189265727997
0.49468469619750977
0.4915555417537689
0.4931987226009369
0.49608516693115234
0.5021135210990906
0.5116755366325378
0.5213246941566467
0.5346399545669556
0.5470274686813354
0.5521084070205688
0.560142993927002
0.5654102563858032
0.56748366355896
0.5742068886756897
0.5756487250328064
0.577943742275238
0.5746617317199707
0.5779778361320496
0.5756523013114929
0.5750156044960022
0.5747358202934265
0.5778831839561462
0.5860246419906616
0.5915099382400513
0.5949530601501465
0.5915302634239197
0.5881284475326538
0.591495931148529
0.5885491371154785
0.5944492220878601
0.5884613394737244
0.588676393032074
0.5875887870788574
0.5904099941253662
0.5794901847839355
0.575421154499054
0.5724098086357117
0.5729956030845642
0.5662865042686462
0.5657621026039124
0.5711168646812439
0.5762136578559875
0.5754828453063965
0.5786645412445068
0.5747571587562561
0.5824074149131775
0.5930575728416443
0.5928781032562256
0.5981572270393372
0.6045673489570618
0.6108949184417725
0.6142913699150085
0.6103192567825317
0.610107421875
0.607653021812439
0.6066067814826965
0.5964490175247192
0.5815349221229553
0.5740554928779602
0.5644101500511169
0.5493778586387634
0.535273015499115
0.5195653438568115
0.5090060830116272
0.5019741058349609
0.49463120102882385
0.4897708594799042
0.4862000048160553
0.48548775911331177
0.4809783399105072
0.4772591292858124
0.4765135943889618
0.47627511620521545
0.47049546241760254
0.4668467044830322
0.4685196578502655
0.4736761152744293
0.47983476519584656
0.48037606477737427
0.47196266055107117
0.47335097193717957
0.4676051139831543
0.4606759548187256
0.454367458820343
0.4545871913433075
0.44369712471961975
0.43944206833839417
0.4330912232398987
0.4268591105937958
0.4310830533504486
0.42990216612815857
0.4301137924194336
0.43125277757644653
0.4350835978984833
0.43594756722450256
0.43500325083732605
0.4428744316101074
0.44422847032546997
0.449103981256485
0.45570164918899536
0.45942559838294983
0.464162677526474
0.4623797535896301
0.4585108458995819
0.45922523736953735
0.457202672958374
0.4467775821685791
0.4458797872066498
0.4377060830593109
0.43755418062210083
0.4302142262458801
0.4196639060974121
0.41055479645729065
0.40666672587394714
0.40716227889060974
0.3989972174167633
0.3962860107421875
0.3924211263656616
0.3874736726284027
0.3825616240501404
0.3830937445163727
0.3811039924621582
0.3795540928840637
0.3799005448818207
0.3860647976398468
0.39268308877944946
0.3996834456920624
0.40127691626548767
0.4047755300998688
0.40892645716667175
0.4183920919895172
0.42451849579811096
0.42962393164634705
0.4303548336029053
0.43203869462013245
0.43464261293411255
0.438676118850708
0.4392719864845276
0.44085273146629333
0.4521182179450989
0.4588899314403534
0.4593352973461151
0.46499571204185486
0.46195346117019653
0.47043392062187195
0.4731861650943756
0.4796367585659027
0.47958531975746155
0.4803023040294647
0.4832420349121094
0.4872837960720062
0.4884321689605713
0.49410080909729004
0.48732277750968933
0.49764734506607056
0.49373364448547363
0.5085389614105225
0.5065358877182007
0.5156925320625305
0.5185083746910095
0.5239565372467041
0.5278622508049011
0.5313112139701843
0.5439721941947937
0.54742032289505
0.5489026308059692
0.5448281764984131
0.5464548468589783
0.5494113564491272
0.5388144254684448
0.5435342788696289
0.540691077709198
0.5385953783988953
0.5448700785636902
0.5564907193183899
0.566267192363739
0.572590708732605
0.5948054194450378
0.6052500605583191
0.6197326183319092
0.641419529914856
0.6481164693832397
0.6590057015419006
0.6681444048881531
0.6838290691375732
0.6989919543266296
0.7119113802909851
0.7229058146476746
0.7274752855300903
0.7395972013473511
0.7444718480110168
0.7500474452972412
0.7517035603523254
0.7542983889579773
0.748778223991394
0.7521442174911499
0.7461068034172058
0.7406061887741089
0.7268869280815125
0.7211911082267761
0.7116637229919434
0.7024694085121155
0.6877807974815369
0.6870973706245422
0.6795133948326111
0.6733552813529968
0.6698777675628662
0.6649225950241089
0.668813169002533
0.6710235476493835
0.6741989254951477
0.6775054335594177
0.677709698677063
0.6763677000999451
0.6770032048225403
0.677700936794281
0.678727388381958
0.6880720257759094
0.6885019540786743
0.6930552124977112
0.696890652179718
0.6952620148658752
0.6940793395042419
0.6909732222557068
0.6874217987060547
0.6839033365249634
0.6730795502662659
0.6714081764221191
0.6663927435874939
0.665928065776825
0.6698330044746399
0.6601191163063049
0.6689388155937195
0.6615871787071228
0.6614217758178711
0.6681513786315918
0.6605782508850098
0.6558921337127686
0.6492010951042175
0.6426382660865784
0.6373637914657593
0.6241592168807983
0.6222772002220154
0.6175478100776672
0.6174424290657043
0.6110008358955383
0.6094054579734802
0.6037683486938477
0.5969362258911133
0.5866383910179138
0.5817621946334839
0.5718597173690796
0.5646317005157471
0.5522847771644592
0.5373968482017517
0.5172550082206726
0.5068921446800232
0.4964331090450287
0.4802272319793701
0.4696790874004364
0.45286065340042114
0.4464293122291565
0.4331088066101074
0.42227789759635925
0.41298016905784607
0.40975818037986755
0.4046402871608734
0.39717593789100647
0.39497050642967224
0.39904728531837463
0.3980993330478668
0.39320942759513855
0.3884335160255432
0.38721898198127747
0.3870807886123657
0.37940773367881775
0.3816073536872864
0.37902966141700745
0.373649001121521
0.3685651421546936
0.36732175946235657
0.36460909247398376
0.3645007312297821
0.3589881360530853
0.35927534103393555
0.3646955192089081
0.3605106770992279
0.3537063002586365
0.35571059584617615
0.3546411693096161
0.3531937897205353
0.3561684787273407
0.3578251302242279
0.3613594174385071
0.3653561472892761
0.37505391240119934
0.3817299008369446
0.390494167804718
0.3974730968475342
0.4018191397190094
0.4070727527141571
0.41445404291152954
0.4178364872932434
0.42039141058921814
0.42279908061027527
0.4250507354736328
0.4250984191894531
0.42772337794303894
0.42996105551719666
0.440061092376709
0.45170244574546814
0.4571675956249237
0.4681541621685028
0.4706164300441742
0.4728849530220032
0.4760427474975586
0.4798416793346405
0.48567938804626465
0.489309161901474
0.4871024787425995
0.48955032229423523
0.4877416789531708
0.4834432601928711
0.47899195551872253
0.48346883058547974
0.4851849675178528
0.49057847261428833
0.49696388840675354
0.4920039176940918
0.5070880651473999
0.5074982047080994
0.5114877223968506
0.5239756107330322
0.5285113453865051
0.5296733379364014
0.5369822978973389
0.5433180332183838
0.5410427451133728
0.5392329096794128
0.5371047258377075
0.5364739298820496
0.5489667654037476
0.5670194029808044
0.576409101486206
0.592777669429779
0.6090126037597656
0.6240174770355225
0.6311177611351013
0.6401025056838989
0.6538479328155518
0.6678838729858398
0.6807724833488464
0.6945054531097412
0.7000307440757751
0.7036685943603516
0.7013519406318665
0.7088613510131836
0.7174893617630005
0.7112941145896912
0.7251097559928894
0.737795352935791
0.7294834852218628
0.7271227240562439
0.725256085395813
0.7398937344551086
0.7446056604385376
0.727486789226532
0.7300443053245544
0.7228647470474243
0.7025541663169861
0.6935875415802002
0.67884361743927
0.6625544428825378
0.6489807367324829
0.639176070690155
0.6338973045349121
0.6294814944267273
0.6260794997215271
0.6305407881736755
0.6349603533744812
0.6379485726356506
0.6401597857475281
0.6406865119934082
0.6405388116836548
0.6481494903564453
0.642340362071991
0.6359344124794006
0.6412729620933533
0.6383637189865112
0.6312968730926514
0.6259934306144714
0.6157556176185608
0.6108105182647705
0.6004623770713806
0.5894514918327332
0.5831220149993896
0.5687823295593262
0.5619233250617981
0.5539059042930603
0.5455886721611023
0.5390865206718445
0.5347347259521484
0.5281240940093994
0.521446704864502
0.5226449370384216
0.5151283740997314
0.5110003352165222
0.5222053527832031
0.5128173828125
0.5081662535667419
0.5214796662330627
0.5157355666160583
0.5175834894180298
0.5133139491081238
0.516417384147644
0.5112146735191345
0.5007867217063904
0.4916090965270996
0.48611050844192505
0.48165327310562134
0.4730178415775299
0.46961626410484314
0.4627476632595062
0.4555750787258148
0.4512549936771393
0.44916173815727234
0.44612154364585876
0.4420900046825409
0.4378645122051239
0.4330000877380371
0.4278019964694977
0.43197575211524963
0.42147326469421387
0.42821359634399414
0.4130418300628662
0.41726645827293396
0.4159303605556488
0.4307110011577606
0.44166144728660583
0.44237199425697327
0.44801631569862366
0.4475421607494354
0.4503476321697235
0.4572245180606842
0.4661142826080322
0.46763139963150024
0.4679067134857178
0.46579647064208984
0.46018537878990173
0.46498462557792664
0.462630957365036
0.46584030985832214
0.46616435050964355
0.4664837419986725
0.4522736668586731
0.44864964485168457
0.44468966126441956
0.44499507546424866
0.4398932158946991
0.44866156578063965
0.4569058120250702
0.4536268711090088
0.4703272879123688
0.47267207503318787
0.47336623072624207
0.47549816966056824
0.47111278772354126
0.47620365023612976
0.46821409463882446
0.4743382930755615
0.4774128496646881
0.47633013129234314
0.47772642970085144
0.4821810722351074
0.47973114252090454
0.4788661003112793
0.4857390820980072
0.48207613825798035
0.4885731637477875
0.4762471616268158
0.4717589020729065
0.49414750933647156
0.4815846085548401
0.4832893908023834
0.49039164185523987
0.4991525113582611
0.5002138614654541
0.509270966053009
0.5216051936149597
0.5195697546005249
0.525374174118042
0.5355235934257507
0.5331962704658508
0.5408698916435242
0.541094958782196
0.5405017733573914
0.5361732840538025
0.5335373282432556
0.527484118938446
0.527186930179596
0.5318685173988342
0.5332297086715698
0.5295122265815735
0.529676079750061
0.5391987562179565
0.5230440497398376
0.5259520411491394
0.5195152759552002
0.5264745950698853
0.5294173955917358
0.5357807278633118
0.5465827584266663
0.5491425395011902
0.5598541498184204
0.5673025250434875
0.5701371431350708
0.5783701539039612
0.5784353017807007
0.5835272669792175
0.5778583884239197
0.583082377910614
0.5799639225006104
0.5777045488357544
0.5756605863571167
0.579192042350769
0.5785223841667175
0.5738651156425476
0.5723304748535156
0.5708451867103577
0.5688507556915283
0.56373131275177
0.5596919059753418
0.5574769377708435
0.556226372718811
0.5465701818466187
0.5472948551177979
0.5418767929077148
0.5353672504425049
0.5322281718254089
0.5279392600059509
0.5209433436393738
0.518926203250885
0.5204164981842041
0.5216440558433533
0.521868109703064
0.5251595377922058
0.5278335213661194
0.5297636985778809
0.5320244431495667
0.5288839936256409
0.5325979590415955
0.5355417728424072
0.5290476083755493
0.5263774394989014
0.5262519717216492
0.5242975354194641
0.5256361365318298
0.521659791469574
0.5192106366157532
0.5150513052940369
0.5058251023292542
0.4976406991481781
0.4968428611755371
0.4903176426887512
0.48416867852211
0.4778977036476135
0.4828873574733734
0.478079617023468
0.4767278730869293
0.47692975401878357
0.47260570526123047
0.4761216342449188
0.47488799691200256
0.4782874584197998
0.4768927991390228
0.4743460714817047
0.47710785269737244
0.4724824130535126
0.47837361693382263
0.47746309638023376
0.4759320318698883
0.48276302218437195
0.4832768142223358
0.4766492545604706
0.4636314809322357
0.45838674902915955
0.44934725761413574
0.4442877769470215
0.4329394996166229
0.42345577478408813
0.4144762456417084
0.4062967896461487
0.4056377410888672
0.40333619713783264
0.40572237968444824
0.40293917059898376
0.4006633758544922
0.3927024304866791
0.3925813138484955
0.39514943957328796
0.3896278738975525
0.3853987157344818
0.38574767112731934
0.3871697783470154
0.39404258131980896
0.39739298820495605
0.39818617701530457
0.4013076424598694
0.40230613946914673
0.4021836221218109
0.40531793236732483
0.40993738174438477
0.4104946255683899
0.41012459993362427
0.40564242005348206
0.3951195478439331
0.3896797001361847
0.3801439702510834
0.3769497871398926
0.36487194895744324
0.35863834619522095
0.35064634680747986
0.33820655941963196
0.3346402049064636
0.33026835322380066
0.3246323764324188
0.32463935017585754
0.3265063464641571
0.33412742614746094
0.34090957045555115
0.34332194924354553
0.3447721004486084
0.35007980465888977
0.35123714804649353
0.3539961874485016
0.35285183787345886
0.35213547945022583
0.3515706956386566
0.3487943708896637
0.34276852011680603
0.3429485559463501
0.34111735224723816
0.34050697088241577
0.3444715440273285
0.3374558985233307
0.3388068974018097
0.3373464047908783
0.3352821469306946
0.3379136025905609
0.3359813094139099
0.33545178174972534
0.33826082944869995
0.34111708402633667
0.3419288694858551
0.3451671898365021
0.3530138432979584
0.35809773206710815
0.35891830921173096
0.35871681571006775
0.3600504696369171
0.3605957329273224
0.3606316149234772
0.35849663615226746
0.3574328124523163
0.3581618666648865
0.35757121443748474
0.3537438213825226
0.3533663749694824
0.35661500692367554
0.35639679431915283
0.35597333312034607
0.3581521213054657
0.3579431176185608
0.3552906811237335
0.3527335226535797
0.35436758399009705
0.3560774624347687
0.3598320186138153
0.36306047439575195
0.36831727623939514
0.3729816973209381
0.37449827790260315
0.3764076828956604
0.3825762867927551
0.385604590177536
0.3896983563899994
0.3927899897098541
0.39912042021751404
0.4069764316082001
0.41489481925964355
0.41951724886894226
0.42621564865112305
0.434009313583374
0.4389304220676422
0.4443725645542145
0.45073387026786804
0.45173200964927673
0.4524497985839844
0.4506077468395233
0.4528156816959381
0.4540822207927704
0.45709726214408875
0.45570895075798035
0.45788127183914185
0.46323853731155396
0.4617304801940918
0.46301499009132385
0.46551138162612915
0.46186667680740356
0.46094393730163574
0.46146640181541443
0.46733003854751587
0.47119536995887756
0.47268256545066833
0.47057124972343445
0.47528186440467834
0.4811645448207855
0.4845981299877167
0.48464107513427734
0.49030718207359314
0.489753395318985
0.4891182482242584
0.48678943514823914
0.48661819100379944
0.4880174696445465
0.4843485355377197
0.4851395785808563
0.4805603623390198
0.4797150194644928
0.47506722807884216
0.4735259711742401
0.47398853302001953
0.4703231453895569
0.4708022177219391
0.47114109992980957
0.474576860666275
0.47950124740600586
0.481586754322052
0.48389706015586853
0.4850805699825287
0.48874422907829285
0.48890048265457153
0.4905829131603241
0.4891710877418518
0.49213871359825134
0.4876658022403717
0.4887475073337555
0.4907897412776947
0.49201127886772156
0.4915364384651184
0.48934608697891235
0.4845259189605713
0.47648167610168457
0.47088462114334106
0.4625166356563568
0.4546282887458801
0.4454030990600586
0.43644219636917114
0.4316982924938202
0.42419347167015076
0.4221269190311432
0.4197295308113098
0.4173090159893036
0.4132850170135498
0.4118722975254059
0.4076352119445801
0.4064064919948578
0.40472421050071716
0.40193772315979004
0.3959752023220062
0.39768609404563904
0.3996065557003021
0.40068742632865906
0.4075454771518707
0.4141291677951813
0.42545148730278015
0.4357667863368988
0.44471475481987
0.45279595255851746
0.4629839360713959
0.4740384519100189
0.4801928997039795
0.4889373779296875
0.494383305311203
0.49931350350379944
0.502107560634613
0.5015655755996704
0.5043807625770569
0.5034615397453308
0.5013058185577393
0.5030101537704468
0.502693772315979
0.5001291036605835
0.49453112483024597
0.49270525574684143
0.49785423278808594
0.49527788162231445
0.4941349923610687
0.4959632456302643
0.49522677063941956
0.491688072681427
0.4930710792541504
0.49303632974624634
0.4937205910682678
0.49556049704551697
0.49475058913230896
0.4928864538669586
0.5016699433326721
0.5050410628318787
0.509659469127655
0.5166924595832825
0.5226408839225769
0.5293653607368469
0.5342530608177185
0.5384054183959961
0.5421443581581116
0.5417648553848267
0.5425819158554077
0.5430020093917847
0.5468146204948425
0.5514909625053406
0.5522779822349548
0.5560968518257141
0.5588521361351013
0.5613327026367188
0.5603444576263428
0.5634117126464844
0.5606780052185059
0.5596319437026978
0.5575763583183289
0.5541061758995056
0.5497526526451111
0.5457090735435486
0.5438053011894226
0.5420905947685242
0.5382155179977417
0.5406734347343445
0.5350034832954407
0.5321646332740784
0.5328187942504883
0.5328864455223083
0.5264303088188171
0.5270280241966248
0.5267035961151123
0.5311092138290405
0.529817521572113
0.5307983160018921
0.5328206419944763
0.5334236025810242
0.5373139977455139
0.5393654704093933
0.5428773164749146
0.5488529205322266
0.5521053671836853
0.5565672516822815
0.563014030456543
0.570880115032196
0.5782997012138367
0.5813741087913513
0.5882725119590759
0.5938392281532288
0.5950221419334412
0.601642370223999
0.6067704558372498
0.6047845482826233
0.6047677397727966
0.6024630069732666
0.6054276823997498
0.6003716588020325
0.598449170589447
0.5920903086662292
0.5827760100364685
0.5706188678741455
0.5591027140617371
0.5484734773635864
0.5385317802429199
0.526857316493988
0.5190521478652954
0.5074918270111084
0.4993588626384735
0.4959418475627899
0.49416860938072205
0.4918421804904938
0.4954138398170471
0.49651119112968445
0.49477872252464294
0.49534979462623596
0.4968287944793701
0.4957423210144043
0.499955415725708
0.5021580457687378
0.505217969417572
0.5109144449234009
0.511715292930603
0.5147181749343872
0.5198124051094055
0.5252651572227478
0.5296040177345276
0.5326000452041626
0.5324293971061707
0.5348252654075623
0.5366426110267639
0.5389895439147949
0.5340351462364197
0.5334753394126892
0.5207428336143494
0.5144683718681335
0.5041060447692871
0.4978533387184143
0.4851737916469574
0.4686824381351471
0.4565928876399994
0.4429454803466797
0.4389112591743469
0.4344523549079895
0.4359085261821747
0.43721190094947815
0.43684086203575134
0.4415293335914612
0.4433005452156067
0.4463651180267334
0.4452074468135834
0.44494763016700745
0.44101500511169434
0.4442397654056549
0.4400211274623871
0.4398835599422455
0.4381067454814911
0.4409096837043762
0.43454599380493164
0.43662014603614807
0.4367372989654541
0.44017836451530457
0.4427599012851715
0.44567474722862244
0.4505837857723236
0.4476349353790283
0.44850102066993713
0.4509361684322357
0.44596239924430847
0.44766661524772644
0.4553515911102295
0.4545125961303711
0.45321303606033325
0.45607176423072815
0.45452436804771423
0.4589039981365204
0.4646044671535492
0.4638481140136719
0.4717734456062317
0.4763687252998352
0.4770938456058502
0.4791267514228821
0.4854747951030731
0.4870862662792206
0.48835936188697815
0.4868709146976471
0.4911212623119354
0.4821908175945282
0.48709675669670105
0.4808807373046875
0.48532238602638245
0.47679492831230164
0.4690376818180084
0.46439170837402344
0.45698028802871704
0.4527765214443207
0.44723984599113464
0.43414369225502014
0.42522573471069336
0.42240238189697266
0.4193785786628723
0.4149506092071533
0.40504390001296997
0.4052284359931946
0.4054579734802246
0.39895445108413696
0.3955037295818329
0.401011198759079
0.390370637178421
0.38631290197372437
0.38993725180625916
