55.34677422720761
55.28011098901481
55.41213942241933
56.40719361983903
55.77461562027412
57.28432773493543
55.15796254752755
56.01169866787866
55.69850448822324
53.50847241242073
54.087855807531646
54.38165951213475
53.52031471284788
52.947751442983545
51.61116998272952
51.67151566720051
51.25627607516661
49.70074706456717
49.4795450425586
50.6110519436715
50.2011854613181
49.36215154763465
50.28530494600807
49.9691678899952
51.287309157606806
50.25820033477766
51.135416569207614
50.66180548295549
49.88658810856844
51.4388534771088
50.34358552922351
52.14328159491335
51.52039112571154
52.329423197016524
52.48437679778686
52.79986684601515
53.516160769103095
52.581446549951096
51.90654905775879
50.57731952149525
52.528017846101264
52.07562754406441
52.07800432227696
53.83631040814417
52.424385202668375
51.08038575663881
51.29801373626503
53.01080780991977
54.03597465297982
57.399946630490255
55.279072260660065
54.029620033430156
54.38283579769999
55.70888865212391
56.60423080544131
55.82213416734107
56.21182155426731
55.31560273123941
54.70920186260566
55.9502819100979
57.377242718439454
56.29722424017448
55.36264820785042
54.312598010825596
56.5056228851435
56.587388667900285
56.68034995534619
56.60163740255059
59.45501041600209
57.54422945101225
58.07465431251504
59.04715697886819
61.14133513903151
61.327358746038996
60.232234421843124
61.22045975635472
60.49179474941901
62.13388832238383
63.16660073187912
62.60623594675911
64.38458065659925
64.13851575931714
63.23418991532712
63.785494100447
64.36099653421024
64.31930716358802
63.65654376898615
62.91678934209531
62.78129391463499
64.44464016376963
64.53923097769989
64.95596840996379
62.51306929738601
62.14286566619451
64.48350073790924
63.59138272039156
62.694364421752894
61.741177027422516
60.86686362123362
60.673704429896475
61.52222987730236
60.72085335440599
60.71609421786917
61.410325484744725
60.096076166443666
60.64312107190425
60.56728415762011
59.104634635292605
61.04051159530228
59.873307912284986
59.56390976969464
60.384810088586484
58.36358851093882
59.65440679486826
58.43071147476863
57.54533434377893
56.051732032737306
55.85364152950629
56.543277631855744
56.110710083489714
55.503707796928694
56.386446140798384
53.38800528440418
53.80465873860478
54.730349138163106
55.4137489373242
56.17251281119597
54.81132711297043
56.21312824756388
54.23832550120693
55.92778646780447
57.55540726509838
56.864430290868484
57.38369770194059
58.71887238780071
57.039981295191204
55.68541497482567
54.98324184980876
54.83991287749327
54.291967159481196
54.15908845531265
53.474902306394675
53.84195314057855
53.23959555677708
54.339091535288986
53.20633023804269
52.65152440966685
53.74233342095035
54.11659934206765
55.26735034527459
55.16950863440475
55.22966357068503
55.19633091491134
54.21092275128377
55.23431559867122
55.921828730500685
54.892858998790636
54.894595586417566
55.922723448587
56.2898266395829
56.670745202062385
56.18813736318459
55.37572203456822
56.21085590332619
56.4538777041667
56.1713699405505
56.93727135583526
58.092151863555344
58.70439779244018
59.11672053430507
58.32661411346463
60.765841795973344
60.344242554414016
60.52755277364856
59.6576200407663
60.340507162051466
60.66793830890058
60.558190512428624
60.68970645014879
61.584056323302946
61.10478992579113
60.373144421592826
62.04303195026368
61.251277525531385
61.794945859329246
61.45590624945107
62.84156531474535
61.994804657248
61.39938230571584
61.508615277554284
63.63311990719329
62.34361142250023
64.13137871350419
63.83987607449955
63.87373045211184
63.70957676350828
64.99649506274037
63.74734172051978
64.3626405476058
62.48686540001073
61.772891569550914
62.79901762849281
62.599793022319766
63.354439100906546
63.05071893299083
61.380811104573255
61.887277988836274
62.13132323041859
61.52186078316241
61.445772632356174
61.060130789001114
60.2083743652186
61.40822134010456
61.4429926666831
62.175296115970134
61.51478946739832
63.391678970044225
63.47565531864806
62.622233931833655
63.09232492286337
62.627235351466524
61.89630879582322
59.900106436100025
59.50368896222423
59.42404388988731
59.3218333102963
58.00068442171648
59.02105808647071
59.02645528370276
55.92523850410304
58.30245806453083
59.11673247220673
57.79268025732666
57.614118621519964
57.25929641117305
59.71362122495665
60.79719244475549
62.03343152284223
62.38984196888204
63.52587200706398
64.29812443039262
63.50819878438252
63.174029076150866
65.46443746313865
64.13343770342263
64.0056971111883
63.649350564133556
62.86917251934398
62.72125693524494
63.82789591432695
63.37889393633767
62.857679140999416
62.71211736236292
62.7745212560515
63.351418655266464
62.14947651786615
63.6360433850121
62.8645350162286
63.1513062229806
61.86167011157641
62.63006958120173
63.73896601358667
64.06119027777555
64.7271704799467
65.16044031532226
64.95485640481473
64.64661783953756
63.744403913455216
63.919145875707905
64.75072454042093
63.47538623132949
63.017672558984145
62.60152399413416
61.85775849528352
61.26463146975092
62.08086471342525
61.49590245863663
61.28828345246489
61.005617554301566
60.24829269121718
60.93932605508897
59.98548718413643
59.52915431963989
59.398138316723525
58.80390875728511
59.35244748605916
58.069214064372645
59.29511787921655
59.48629608911539
59.83306883054023
57.98568673744082
58.27226921235835
58.75944296688134
57.49131228344253
55.84036149961787
56.2711614917695
55.3443330839779
56.847324185184206
57.66512480510833
56.96526984388039
58.685959645472124
57.813811127000804
57.62955774013296
57.26772486845053
59.396408387079994
59.86510266739337
61.76675757051524
60.678970822819025
61.44321234496338
62.72655166442215
62.93891526894067
63.732926142846416
63.47636333971418
67.07429335039652
68.25421974810283
70.1246000681099
69.86282761675541
68.76987439722187
68.41212281646074
67.67008901368013
68.49642762695997
69.62967631540448
70.9391025711932
74.27814704372895
71.2332266060194
70.06665407765105
71.3417759267343
71.84473472804123
72.20027317579562
72.78263850240893
74.73019599986384
76.9410889661027
77.98440820912832
76.54261435654254
78.75370124489555
80.41367500131659
79.11549108130978
79.1064072992107
82.9376884679294
82.09985980103652
81.49708189902795
84.71608423225234
83.94137871282497
85.42677060172403
85.86367698698446
86.02585782435324
86.24145562837673
87.37612105587623
88.18447588444512
87.127403959667
85.5060379353185
86.61985668958282
86.21821855491565
86.54829237501008
87.78072646447094
86.3460880000114
86.98712407978087
86.68336377897056
84.3890822837749
87.23048503274318
84.25974354223172
84.51067560729933
82.11781219616603
85.21885744115423
84.30499927570874
84.43409071994432
83.11961132751749
83.24520457592884
83.80715164540405
84.58115653846049
83.00176096151571
84.26720360995775
83.54799211578612
83.12247414829629
82.9651355491425
82.4210791503023
82.34018101602206
81.2366939150425
80.28126005358403
79.24769461230633
78.6920231062627
79.7033256954094
77.12031842483742
76.5582716639344
77.77546486615051
77.9910116013737
75.769846058277
71.96854630077593
71.86155752915238
72.95195041869403
69.99778243024954
70.38478796780534
71.11164629538173
69.91487628911379
68.89948646168892
70.03991672279544
69.52150390896591
69.58223099456686
68.43215979030741
68.34393555536647
68.3502609872266
69.67601451015945
69.37633967765524
68.34393188091363
65.6352257199943
65.18381724204882
64.18551917365247
64.71911856892028
63.816540546416924
62.585651890466465
59.024443817827276
58.48696690953004
58.548777176452745
58.83064206287845
56.93153773822577
57.3694369187455
58.401550605981726
59.08220581803849
58.25701448254469
58.87577257466421
58.753663074087804
58.50731053989039
56.70254719103818
56.24348476470121
55.933735541010044
56.5184397007936
55.54247979850447
57.33072630845741
55.8788711373728
54.89742163670198
54.48959575530505
53.710164917725386
51.66203772079568
53.006275587611746
51.146753536123306
50.79387472590599
50.599579800742006
49.13142588189751
47.496784546782436
47.33235864362786
48.57349742121589
48.06308152576124
48.06425219827363
47.999989499795916
47.91034694597104
49.18977015606582
47.85538501933869
48.669060979967504
46.98408783229461
48.670898328131024
47.52838719506749
47.0502042620801
48.102257544260304
48.139364474266394
50.48509078620564
47.76340652830349
49.57448111084646
49.715799665895624
48.646121600489764
46.97030753685807
47.91722189026799
48.06219547306248
48.60839482972713
46.259071245748906
48.78114450734351
48.83296799232438
49.24616522800032
49.823814173874105
48.7415060359599
49.09992344250982
50.51493428703395
50.825229887629256
52.335769566655394
52.60906861413875
53.098786346825406
53.772723323815775
54.372299023194856
54.74150414104886
58.31335495062009
58.830242935083376
58.126907767416085
60.52874331370694
60.427036021212075
60.47366373808495
59.86218446833546
63.353736056810234
60.481891773846144
65.80706790229455
62.824143954471936
63.50808621953108
62.851108772444775
61.36601870315241
59.57995814492402
63.51408634483958
63.37856923057989
62.774505893726634
63.90822146816102
66.45644950561845
69.12111508176844
64.37874424242372
69.84149980432791
70.1673050534411
72.49190053050667
73.32965894649044
71.87652454452868
72.81264184825126
75.91762167943428
71.53125461652118
73.04106979268056
74.7511539504501
70.19453816712958
69.8317698181604
70.98401036557388
72.72073059305272
69.52914099042493
69.25495299402652
69.8523805174108
72.01766018253053
73.34209656347602
73.90163982307782
72.60915616247642
71.80485990659352
75.15292599291749
71.95483348014294
73.57729023646633
75.62677277878433
73.86143107071699
74.47597376339262
72.97260824777534
72.85513693295637
74.26441472708919
76.08543456325145
76.78539186565807
75.90131400779713
75.9880167023978
74.39488141082539
75.43950618870001
75.74690093297754
75.57537999989029
80.20087519303026
78.1142450248882
80.18071312153778
80.11503359849854
80.19209396888145
78.0373468925285
75.60433661097683
77.58740284774792
77.9746865687316
78.36609789681988
76.8865035077688
78.47844896644843
78.19007301392244
74.2913870928392
76.8205735311363
78.98549643498998
77.66772147744395
75.31896888182573
75.06758590947929
73.81682965354702
69.77363918787766
71.03375586774672
73.56928462513494
74.71157085405332
72.45123925360112
75.64066788299465
76.18467269830262
74.00852086402544
73.55388308716313
72.0804950403877
69.23721852260346
69.98984669475087
71.96656019885849
69.80674446668259
71.65400161934892
69.40299285190483
68.00793630117353
69.61001607913074
70.47570584161443
72.33150697681265
70.41788888922159
69.37414299995265
68.14599258062862
69.93760112962921
67.38585422039682
67.31360371404683
68.16952486657742
66.61849071634632
67.83810462566446
68.5376901844455
70.49983073680612
69.47796710252135
70.51603697944289
69.78210268369489
68.82669539054321
66.91461474834024
66.39082876591493
67.25017343166267
68.13463160427662
67.24261314939376
68.59611051055838
65.89819610519476
66.66277360422599
65.72811972267165
64.74875165013815
64.1025889467516
63.86920011154493
63.81513627022891
63.55126297395038
62.90393328052496
63.65050531801656
63.93392623486293
62.01063530166176
63.55250834531488
65.08774324028275
65.22844975146833
64.41247674961237
64.87493900006771
63.52578998089129
61.58192845952578
61.64241031168802
60.96141558243751
59.65690775397765
60.85975552512831
58.340962696726514
58.84852126330501
58.81885511046193
57.62983673608492
58.02371583101356
57.62664642664516
57.66484591798393
58.04760682335325
58.41332188721928
58.28399666140806
57.30827263736688
57.0510922153189
56.29581619992152
56.47950428593912
56.25764663941391
56.45500453210716
57.03771824058864
55.58339478796713
54.657785287442515
54.6813066201301
54.7791696884013
55.49132131749921
55.38244906458368
54.230194057529516
53.87042709453642
53.463771372770765
54.38023534324317
53.6743632439024
55.726586725484495
55.058899168177724
55.60742678709089
55.59246865151054
55.134249503266865
55.724408765733806
55.35332925442659
55.89983300979635
56.70409571959234
54.812292391196166
55.46746728870403
55.104779701171005
55.34457803186685
55.94509245240508
56.18224303719684
56.15891659345428
55.37316553716793
56.17458473916881
56.67467306102585
56.425423500472604
55.97765011815579
56.55185278242546
56.89868550353655
56.236020909744006
57.28455909778853
56.60769946309574
57.82028742621221
56.33606556034197
56.58727002090681
58.52099864338296
57.55943773703542
57.57961166853606
60.95385891415575
59.73307332035262
58.89819018662931
57.490279621484454
57.370722388171075
57.32178852476041
58.20959593781703
56.91402079100746
56.68642288289733
55.32223912774458
56.02387291325224
54.3080736417875
55.29050170937272
55.55436588505626
55.13864055274346
55.92904805253216
54.48354157053291
57.01219787967135
55.48730122126229
57.64802622285473
57.26045354427637
56.458061235004664
56.51267851067568
55.729508491794334
55.71133568858956
56.75742351593932
54.43600265430433
52.45903873616798
51.55605447048969
52.7752656030609
54.00913070781264
55.72579737657176
54.70170381662676
53.83091686217615
54.42097168845803
54.54815891958034
53.854912122220725
54.15177889891258
53.62162243852768
52.222795448009485
52.524377403855944
54.66075356391656
56.442440593448715
57.74834032144066
54.89696246237696
55.34569897059696
54.16371819475395
53.72171389343349
54.54159763908318
55.61361372343339
56.72620930439266
55.666699130752484
55.28867792289071
55.62063606640577
56.849212791247716
55.8894599657633
55.677815009458115
54.88845474645807
56.27002404294008
56.2761504845531
57.883718715656286
58.114866760137716
57.15619435180731
57.37493146168334
58.815637692107735
57.660347228675874
58.08573902932415
58.094730549823076
58.89649110107998
59.118236635914435
58.879506551530774
59.0288172083366
59.785126983760755
59.95421825701758
59.66827998052074
59.58061950947461
58.8782339840383
58.83737908629462
58.69788309961439
57.7894674187539
58.22068051719686
57.88400902837397
56.96735959525369
57.088850768872796
57.48536722786037
56.745234025190214
56.526001960834826
58.19182328540481
56.567187704181066
57.48791052864158
57.27230415848051
57.15420661676862
56.81131051494662
56.920586998218
55.65124693580983
55.98564338147588
55.87839260816774
56.73493799154666
55.5504275120594
56.19709316630073
54.81794175504034
54.94310490585145
55.30841754706212
54.51805647478123
54.6718177016049
54.87993779181889
53.58441777707404
54.2025611375637
54.55891155478322
53.567491800346616
53.624430415354695
53.27151277473305
52.5863440290392
53.44925072496575
53.110760224557296
51.96007273979813
53.78222277327308
53.325369902271646
53.28378345675388
52.35475797770676
53.66536362277911
54.61942232603566
53.9869810579376
53.66867872427021
55.253806367163925
55.01165488472669
55.122144808730184
55.05936993207502
54.62362760531717
56.621699489321294
55.59620222741107
55.55424579020182
54.96474201457499
56.006879557198616
54.88541963972621
55.76642475895198
54.90733917093479
55.42025305117243
55.86944443826126
56.33883926912173
56.59121801486479
57.559012846383496
57.52322581633483
57.0883178669126
59.40806894364055
57.06564011838611
57.81750731432316
57.806002639614455
57.686172241091874
57.276944103411054
56.55487332566052
57.3564798155446
56.275583848119204
57.97753847032118
56.73780924075929
56.75177613410955
55.95066111139139
54.77344655528454
53.91550840776631
54.941452791569645
55.3801376173032
55.31709368266123
54.38828009412929
54.09493094007147
54.54086810902785
55.08761915254899
55.46096271990146
57.364599008658246
56.496351009073415
55.636776533151156
55.24164440132526
54.88693094496731
55.878400858694214
55.843399005748516
54.85696679934234
55.365080510667774
56.80323835428864
56.310470183061206
56.95415218504786
55.36514277004257
57.657105446887996
58.06080760414181
57.513663471466955
57.04900851546369
58.14168943115647
58.12674690928675
57.69478298285581
59.96997426416887
62.74269749417757
61.7792093169356
61.040322293154176
61.34557942560535
60.5651843390399
62.67853252929345
60.10013387496333
59.4312430611925
59.05332121850636
60.56984858304237
58.96649140401414
59.595675231433006
57.53164162066424
56.70361359491545
56.049809445404115
54.48366744180746
54.18631536604822
54.247583897183155
55.61569110721107
54.26407379949309
54.082454163045156
55.82480082091296
56.129513078921796
54.22490312211203
55.09554401557051
55.1823218553168
55.155574073713794
56.177450001281834
56.34242116014408
57.114210753547866
56.273805899372974
54.93426403643281
54.276050926486015
52.842009521377
53.43184020455332
53.34099095285189
53.74750862684186
53.26629714110077
53.51816556321315
53.003633091851036
52.53376215497983
53.268870913086964
54.29256017122165
54.214753811102916
55.09020116775913
54.211406906399965
55.02239215173251
56.61331937637185
56.94401918637528
56.726433965680016
58.0671457198994
58.28825206175947
57.72010537923084
57.68816438128789
58.655910481274574
57.32723731182341
57.05100675203298
57.264521661392195
57.79751544619313
57.672985835083594
55.601636724730575
55.94901239777202
56.228293471379935
55.68490640232628
56.955675904668226
56.775265702135414
55.7723728161194
57.23408341850272
56.2251792933561
55.913272769108765
55.108414562254545
55.05707441177962
55.2124999333406
54.93613325711293
55.011179678104334
54.64679459785198
55.21431292805274
55.3287130471653
56.06447682411899
54.274650112116554
54.74806174629784
54.919312902774685
53.19587268409473
53.3651422066938
50.999108518222364
51.12213444930492
52.127120203795236
51.20841955827273
51.58922906473333
52.05950325308248
50.58866714041277
51.540577950743966
50.310242080964095
51.38017035664704
50.37666904580035
50.68625473579303
51.41031529223177
51.36835889844355
50.814951553641535
51.122726670661194
50.28577998098384
52.310152102603965
51.33645998488638
50.69513081700344
51.27445366741418
50.66244574031523
50.35805818893111
50.648292476843835
49.162493546779224
49.63886273353405
48.788076953852745
48.38715430563988
48.90183763342264
48.73038405145404
48.175482910698946
48.452271648893074
49.34159952472824
48.6958883954319
49.3639201842081
49.82194583726295
48.40804849989239
49.234636635811114
48.416527558001356
49.48886187459567
50.67834873477856
50.36424462614548
50.434341118558436
49.87713842230869
50.628786745797335
50.67837080749363
49.88719541589479
50.403674045017986
50.416840260997226
50.96026400017767
51.38239079846321
52.62029939216705
54.30700978912441
54.01127062459984
55.34550384531518
55.78723286221577
55.475811794463674
56.95106392378166
55.51377226932234
57.137973813223425
57.35351097551424
56.52164565557591
56.93508716460069
57.517286918139106
57.43908115604367
56.74995893075906
55.97583710834539
55.03946217509691
54.22222174198724
54.7518379836181
54.76707914757647
54.865014274212974
56.67839639341617
56.550854097296146
56.17865445152887
58.02085735146998
58.61573931506294
58.4768915881684
59.16498923631327
59.23714214319476
61.25803553184696
62.33456000633446
62.49518232891714
63.586551547292764
62.02620840709727
60.79103224395631
61.018208639305
60.48780777531507
60.876252357885726
60.01097390767784
58.598380089081296
60.540902889464306
57.50107136569613
59.32249643568144
59.254738796160936
61.141645136289505
59.13989318018442
57.80204769790665
59.120950437678395
57.920601201245724
58.32284603913891
57.507691551002694
56.538078917665416
56.381344612405776
54.72767204356703
54.39567298991172
55.89504465724105
57.630981014820904
55.85328665219406
56.480856076968074
54.120767932269736
54.84304157713071
55.650456878238685
53.71177916564667
53.86849899016946
53.89575443731825
54.29687935060905
54.664969250153824
54.72810707745911
55.91132642490113
55.49004070995347
56.159479890658325
55.169820668335674
55.92021244161096
55.06380247909449
55.82255109551626
55.38385582055665
55.35592372304825
56.24502921269733
56.92624389603608
57.07162542785275
56.8819775116134
56.21016555895631
56.39155556834841
56.22708971941713
56.70329490086965
56.77678844783381
56.87411166852865
56.99134948753664
57.433801261407645
56.658551770814675
57.48069757266352
56.69220934355228
59.71552745553961
60.04073694223061
59.44790421805219
58.79013398567693
59.04125120051971
59.4160507953794
58.99762553252092
59.633541872733836
60.77309532359618
62.53805844896239
62.15374062203201
62.2769565320277
60.165619391737906
59.80392878547372
59.833843041761874
60.29589180518606
60.73874462884549
59.26118373946409
58.91730479911514
58.07094435571563
59.025443581412176
58.36262181127218
60.86358918808008
59.56236103307209
60.76411003076144
57.66851180043656
59.503625548099485
60.296098221384305
58.40556407436014
58.11139170785321
56.904535403798086
56.86962182790577
57.461915250833506
57.771609071042974
57.369550462529716
56.13580587125139
56.09679130535605
57.54963641619297
57.42603686104595
57.59361666664556
58.95323847933114
61.67699607979738
59.261835362012725
60.81529921843921
61.31587943388991
60.15677091188736
62.10280566950357
60.92047716731824
60.918720653601895
61.55038213254587
62.863218751500874
60.153609284951
60.60806222404634
60.016062187324835
60.36207856609975
60.10169782140843
59.11644596215612
58.83921492193568
59.15885206895285
59.79836528050746
59.24326636581161
60.627950373121216
61.1738096415173
58.19787513077445
59.23267093641891
60.51395177350753
61.54584145214126
60.408427997804225
60.979018969933044
60.235956141102875
59.90996257999299
60.749636415497
60.77553131351786
60.215189855983525
61.81891148746636
62.73014025615365
63.10741297577993
61.18143799354509
62.368885872761666
64.57819143595461
64.1723316437043
64.4035120074763
64.00052783674614
63.07988916657735
62.15153327382321
61.12285841266447
61.58143920012938
63.31938478535761
61.96785085268412
63.55804655657456
63.44056749747158
63.1928388644798
63.61107328292794
61.657651011050554
62.63863720483473
61.25067765830959
60.907145280227525
61.254970138783534
62.55401051293736
61.99449714919109
63.769400508191794
62.11103407159406
63.529399077168925
63.727927588488086
62.56859626200654
64.14038107408695
63.71608824877039
62.99427041776993
62.612251568314264
63.959015308031276
64.31503453877703
65.23289914397314
64.27096355717948
65.68910409844199
65.48564055706046
66.32081411131891
66.30573483297545
64.10319446009495
63.84651723707572
63.472996860946445
63.4652005261771
64.89007127957711
64.07439971452663
64.09980430463716
66.32821979195671
65.8542774961622
67.44431475942837
67.67419624564536
67.86496935113601
68.60096329733803
67.25562812938256
68.18983104418533
67.0674593603931
67.93880806110397
67.19501615825384
68.04235430679884
69.34055031444909
69.03061848257104
67.11629275938878
68.96284957794336
68.5407523889181
66.83442761578934
67.8628955002307
64.39666919457841
65.07818990989988
64.08295838086974
63.20439373267528
64.40196133238945
64.96280796226901
64.73457232836014
65.69596726636084
66.8975905702816
65.93472609441052
66.3993951199021
66.8370723816091
66.67115868191301
66.80165901557648
67.02656130602796
67.03278721250284
68.61491737149373
69.40136752486028
68.9244052742699
69.21882995843035
68.19650901353576
68.77777137664552
67.94163434370891
66.63183033464443
66.50582697092065
66.3010915488483
64.86171180747797
64.12984915491018
63.85229251544782
63.11155609344224
62.55169770288639
61.96184988379071
62.243128517795434
61.42164280474816
60.98991461548485
59.93646706356981
59.123087204040985
59.69977027948976
59.05443217289108
58.25653660230974
58.728354401054375
58.83652501150314
58.00508580055093
58.52366554805981
58.16436800277235
58.94294974883219
57.53799646873398
55.60224513467807
55.887335706412905
54.39031740916783
53.20816826578386
53.693266270530124
52.62174341149948
52.47575662176822
51.23031069321171
51.186938070353115
50.754943299957006
51.447334554876335
51.456150845441194
50.366803298994476
50.8868903866317
51.07042984673616
51.582952780683094
50.77693112218586
52.46450842084804
52.7568212006674
52.50123966768987
51.99219678272982
53.23163229581003
52.5708421306849
50.97612175250046
51.81243729603838
52.49154516685253
52.04742936802264
51.22501923561101
51.95694195155204
52.13009233157834
52.00757319043943
52.234646242507935
50.18208255638889
49.83664530671837
49.64098711229508
50.385190145300115
50.15506624356985
52.091142320634525
51.79164372677876
53.00452676169623
53.263642315688074
52.80669219465347
55.453595236223215
53.34243411152673
55.969994008616254
53.711719850041085
53.104538654494625
54.539388065084225
54.087860024128005
53.597283805047624
54.20334007630994
54.37605931537647
55.328106787539625
54.81688461844901
55.11523834019716
55.3315823390355
56.05330053541589
54.02222676457992
53.94633395738057
55.70003821743093
56.14078219558717
55.069984315724916
55.384747998567775
57.98099039512876
56.2215637467823
58.15146751011229
56.94575903223562
59.25161550575895
58.14635746742862
58.12591848547365
56.93649304017496
55.94409904103676
56.909471846028424
54.15208224836951
55.296101604277055
53.651665077014854
54.90567798457887
54.22315623637793
55.07184627361195
51.90406690590548
52.69905672146699
52.19685791506732
51.838537099776495
51.04276281393464
51.07258532315601
51.35470029344349
52.383145269171216
51.15473437863122
52.455687817743836
51.883303787971286
52.48259859125297
52.15915403045921
52.593261871342605
51.96744387333134
50.48524572401951
50.83564326383993
50.185608346493424
50.64403048028522
50.37854005347628
49.42348643473353
49.78678201117818
48.44099962888913
48.37761608292406
49.06803080160524
49.07337819728593
49.051741856578865
48.998941303550644
49.09188055420708
48.62374757831551
48.388789548923285
48.57035919629293
49.06717192341616
48.7421102398584
48.66519055475624
48.23273373814834
48.82353126692926
49.0743273938977
48.810612544634076
48.516188373885065
47.821416269920206
48.74394553171255
49.07897826023851
49.39859939864933
49.40708649592242
50.351693785332664
52.67196595789989
52.215147371945974
53.244770380568866
53.76218114013519
53.90959626159799
53.40597014950151
53.5787988298232
52.84374495963462
52.66941053171028
53.44442549140557
53.39836441372224
54.05283765499585
53.59513254304344
53.34025872040581
54.56423494002801
53.8250533393547
53.53926372570926
52.940652077414136
52.907906801073175
52.850017915333986
52.22280841017855
51.675229012408
52.01256506257492
51.20086102157852
51.798106230566596
52.90186557138619
52.627141047098924
52.16210324564796
52.58908286587278
52.9443323618899
51.868730491306536
52.6540288950475
52.45481776030953
53.17005961348872
54.13096719767105
54.90996861784989
54.87972485654481
54.29150031734791
55.21943567021073
54.87967475404649
54.71961512818714
54.66628372898962
54.53231869765238
54.38331050804623
55.99097867192087
54.9792845048457
55.01874097203077
55.35101699557121
54.17540297809948
55.86188581772328
57.488068470106825
56.361079047557844
54.023129860802094
54.23476494028419
54.69166907213156
56.314902828534265
54.031092696637074
54.63281227901553
54.08284633232204
53.57769536341927
52.53231213513654
54.62377838815358
52.78410873727923
52.12169046132873
50.35930882516618
51.11372876068845
49.59109583083654
50.15433231891164
50.24449743764081
50.533467720857814
50.60416269736473
52.400009509315
52.528968807124265
52.54567104632807
51.2329080945871
51.37694884541854
50.72064934953884
52.55838668517838
51.90394973931137
52.111284138974035
51.4817551911354
51.54752513395108
51.32554681446028
52.47959319671436
53.090334322709104
52.12778212909424
53.66160746774862
53.315243689704474
50.67381043661422
52.32179044015186
52.81338832529359
52.67400164698729
53.264051411943946
52.555603710811674
53.66521524537314
52.41502977631877
53.083786456674204
54.23633059663343
54.24505477868195
54.38722150995546
53.94371493118227
54.74723371061422
55.48187171126533
55.84179772537355
54.656445550073634
53.50575794290021
53.95792843779312
53.89271947631585
54.69327186921925
54.114323173921065
54.66842703716584
54.377840665807085
53.86432126819423
53.97047980855827
54.25288174014286
53.57412172228505
53.5617739929305
53.60452637367929
53.082513551180085
52.40328965992869
52.39940173885405
52.641153318444914
53.648518862102286
52.76795272290541
54.120692065045155
54.62405901101569
54.52381450703432
54.91823621526164
53.404600491809
55.468176168935386
54.52201542836549
56.05782062556329
56.01773658667185
56.597886239665925
57.13223694311369
58.16350775805303
57.86755651759916
57.59865663965678
58.23165531222015
56.381250288699874
58.53830013624344
55.98389234435688
57.33619483372499
57.31013114247663
58.15648882622928
59.61468758437573
61.08316016150238
61.610984861878165
61.69932621684304
62.787035086101056
62.90023710547562
63.04215987742338
62.27275127092362
63.54098099377876
63.296725396518795
61.74911720860055
62.93389522581825
62.29361780268052
63.632458588723026
63.71613776436826
62.872311406922286
62.52724475432612
61.46710594044099
60.85665290992148
59.61419272413175
60.0827081962611
61.89409423741627
61.37428472992024
61.21177046524549
61.765272954089006
63.140381402131325
63.63448827172604
63.835547986485075
63.37429257866813
64.26788906577444
64.24205413031235
62.981269891879165
64.88246577059432
63.2896051826531
64.41780226464834
65.1208766831333
65.18096332977849
66.19364563242212
65.39457534257399
63.70000217835849
64.311072513387
63.8275857874372
63.280469630683704
62.892898100457835
61.70625336722358
61.58783822383142
61.66042145959499
60.40915062726958
59.494283403196825
59.50681998322901
58.90546480081389
57.69181719798229
57.26827293417085
56.69308790392874
54.699314505360526
53.64649622823013
54.46244275524916
53.44387280225126
53.25346534457147
53.574117477957884
54.46252249470887
54.388683360606024
55.50377824002628
55.36175164137977
54.32630830956923
55.151158959660556
52.856693071287474
52.93285013982904
52.639232747864725
52.0603389973919
50.195375574605826
48.9882973679317
48.49620920563108
48.40248194289582
48.625413267854974
47.62775009239393
47.6150366494155
46.46886898061781
46.00306458809962
47.046578873747
47.32730521415358
47.546121959193954
49.87359668451569
47.65640831194756
48.1805330082435
46.98787103331434
46.424842952082635
46.0332876668606
45.30486617585
46.485117926014915
45.438585149866654
46.602418613302085
46.2582676591433
46.12539031907687
46.15870012507859
46.073638649390055
45.7061843239351
45.771699727694795
48.57217656128781
48.10662067582985
47.331327554432285
50.4337696413422
50.92221637878096
52.43323105394717
53.61993845213443
52.12066071203005
52.71393552756094
53.34999428837575
54.10622538608821
54.91283169696627
58.1209477861704
53.1748380984314
50.93287054821522
52.805594692788034
53.83599315100753
53.698948997518066
56.27900824608418
58.375119941736955
58.749336910410236
56.86329651294342
56.82561249179496
58.307968878084296
58.81833218762508
57.37621279736201
59.27193892096922
60.862578491227815
60.01655700417383
61.91549456010284
62.21522320361269
64.61115163375747
65.63344681218587
65.54373976443719
64.92533180555665
66.0571233608105
65.3851676686587
62.71520687958165
61.128259821686534
59.193852128208476
61.25610749969167
61.27626633588415
61.79431613212655
59.30976124980149
58.86001724429125
58.096050036847444
55.47097017610784
54.9186785769674
56.172360703394276
52.56528560652998
55.459296075548316
53.80935589121484
55.17710528451238
52.84271655658712
56.042176303970194
57.97561306952423
55.287473121608166
53.55313917792351
52.43101214954208
53.53620637677556
53.79405313963735
51.187854079941644
52.12408738503414
52.452465970086955
49.75526437117775
50.97156746423766
48.7665372032764
48.12725319605534
49.09349372876332
46.80323553159014
46.37451028448341
45.565765989992684
47.25706270998437
46.9277325693814
45.88501953300704
46.43864371709314
46.71992892506491
48.01541919676383
47.80010795974116
48.960312628875045
49.18912492571749
48.83920546613011
49.66851283006377
51.162214509402865
50.20784822373125
50.52934911511741
50.14700153781936
50.06091746004284
49.52967177799061
50.3837227466424
50.2472604453572
49.64205823991435
50.55854569855616
50.44417953436863
50.398164851947506
50.551943149438515
51.90805479761172
52.786179990841866
53.429569532442805
54.627820100860696
54.74038327277387
55.76306639942904
55.135581410343804
55.89255345193598
55.77470235735684
56.88814247004394
57.069737515360664
58.36658481494575
59.51746866393409
59.43367042990362
59.89035195163037
59.3796193225565
58.32651379397812
57.42400649726722
59.19146246056368
58.455383250109826
58.28936806839444
57.76986906705656
58.569159409298535
58.95404765814386
58.945333676147165
59.113915086158464
60.97857960527918
61.26666644774112
60.77092538498021
60.21537282898685
59.993169776120936
60.62051408301499
60.224859422710395
60.2436882987182
60.73359680399211
62.08192756596686
64.08599781096032
64.22161802911958
64.91489668358909
63.88746494508127
63.72417995968789
62.137643136675884
63.37638412784474
63.01896785140853
63.480596107727536
61.8711813272654
61.673518029350014
61.19471903613863
62.61238233906165
62.31841597127106
61.85171844677402
59.96103143987171
58.869804289421154
56.814330242286964
55.53490826615365
55.71864330577464
54.66663536938481
54.73631790402343
55.00639827900554
53.19844882095824
55.08149695321067
54.28007655320234
54.83075165360896
55.0350533154165
54.279260507379384
54.1733348883326
54.25010872732784
53.369593655765236
53.620226895716634
55.31940688841243
55.03871210229415
56.36783886727792
54.77565809869216
55.94376927535318
55.832049069526704
55.429746982260156
55.62175329708002
55.28557863995758
54.83756105207738
55.72015186933832
55.504868028600555
55.98989104146002
55.61953123474782
56.73642059716453
54.98959238357721
55.558047329759994
56.20260838962309
55.581395259571295
56.084857939454146
55.05283315441722
54.383911243649074
55.78715026775785
54.56110801780699
55.308621066641436
55.15642710803274
56.04204455010204
55.68989689518006
56.56634879401983
55.61785533867706
57.08160140001392
57.93548462537258
56.44310448720347
56.34057484318648
55.95753178023008
55.703055985589366
55.46713564675753
55.31512096960891
55.638741642950485
56.4747482713978
57.18457061573237
55.42910828085116
55.87964255375182
57.003631089741184
54.94934592483467
54.14239977224922
54.03959900443098
53.23583144171867
54.11410398390557
53.399232220127544
54.18750717245057
54.10248604471794
52.86934340359927
52.987994307358775
51.381363634120184
51.246244020700196
50.99406349712461
52.60955002910778
52.7254424767487
53.16528509697021
52.73611948964317
53.41321361809047
53.870486289973684
54.52417935024585
54.24572388773576
53.74510740781733
53.03706800626788
53.45319571411808
52.13856245439084
52.300039894973395
53.198999011144174
52.7595538306164
52.92449094756744
53.679373416270195
53.145010348896925
51.569644382911704
51.640543395740636
52.26531642441028
52.36698874039135
51.92112782877572
52.47279401363626
53.53314890727739
52.32305902509208
53.39883660371234
53.58947193597308
52.07040182529158
51.92716241575953
52.27023041938994
52.19900171516209
51.77656521738729
52.826778805828376
52.829551761710874
51.77570448752465
52.239583873083454
53.87002963830139
54.207908293077715
54.395651988334414
55.88438640352343
56.8827807747603
57.38989275096313
56.56323861729011
56.50698245840097
57.07605616769799
57.6570650249356
57.6711348159475
58.46961184282989
59.19878634540902
58.70455765654173
59.73662798279166
58.899211218722584
59.09085556578892
58.79734502933902
59.32510124342711
58.12785682466338
57.80116386600541
57.819710428838505
58.67894396798111
56.50039324322173
57.22248767442476
56.847022330770145
56.31484536977754
54.99198152438031
53.64765808304122
52.96417286757072
53.411371978548864
52.9594496117015
51.4649704212197
52.559986741042145
53.32594473138141
52.63696409110793
51.67310898985325
50.17514160116348
49.93538761626357
50.73967960180303
51.97650935042698
50.794394782266664
50.84109601587759
49.59864825116984
50.576333645802485
48.51969845398287
48.845396989371956
47.73476929552017
47.70134043183518
46.64585058120994
47.152872326813664
45.52456301632703
45.6664981302818
45.09494135142633
44.50478372881061
42.50351375818109
42.73669796168827
42.37369150607839
42.83163342682307
43.94016773833401
43.11411902176356
43.2480366340767
43.621952101214234
43.25527348197048
44.79603297143786
46.01581445267029
45.666617491611895
46.01037022531764
46.04265806356593
46.19249296087303
46.293586929120444
46.37784100224242
46.40792704503221
46.30652991016499
47.206597400731276
47.073090138346394
47.78085378113027
47.38559442176771
49.14405607396198
49.01095891978199
50.37758682128926
49.76975464505174
50.56995385295072
50.458254769296026
50.96870110147672
50.44774068804288
51.180595805215525
51.94502898905233
53.963397736575466
52.455089115945505
52.21048468189699
53.08174894337068
53.525266874221224
54.48981391560398
54.5199185492705
54.04417667280231
53.83614120449775
52.47138156601507
53.61180644794335
52.67261016927239
53.55350853334163
54.157820390365174
55.32777458860263
55.020153947869005
55.54118755055038
56.51741196859143
56.33685336837785
56.53493088327697
55.67037150357882
56.284037839556795
55.97726279658585
56.19434775125613
55.890664376494
55.86560332420064
55.864155125249795
54.69495414427863
54.47157031024645
54.78778080101194
54.67369715679885
53.744273104567164
53.24913929692307
53.793388654837
53.46130186489895
52.957879406313566
52.579477148495634
52.43263648022057
52.36788138647837
52.43734123817326
50.43612640076423
49.204013259052935
48.17500629290235
48.02853012167338
48.006827182587045
48.005623289037786
48.31759522444734
47.600678921228585
48.28467700189092
48.579659560899984
49.033368457481814
48.02483691765966
48.23250480001654
46.484284390957804
46.44186249819834
46.87634619000753
46.76044560408611
46.382341424059106
45.909488039460314
46.08030978955323
46.76698014568626
46.03486294575478
46.394180547943016
46.71440737758598
44.86090162195057
44.576351264829604
43.87345523091568
43.52542788569993
44.1853177005016
44.01618285661069
44.79564036645081
44.916710657338214
46.415673687181254
44.75914535003878
46.010678760703314
44.77280160264189
44.568935323391415
44.16184253628375
44.98696420988817
44.20796993694537
45.75841085201112
47.014127500841866
46.97225097943646
48.89508490338825
48.604397877672035
50.03230713091285
49.74336204239087
47.727376037020086
48.453302917765846
47.78503155121938
47.869072409356676
48.39051610159064
49.78887044259058
51.183282680338834
51.58441729572742
51.60514833219367
51.68891842504136
53.67793652160325
51.33941215998107
52.24680181080297
50.226886211153854
50.625623618465255
48.18150448768324
48.14059794411494
47.308230388688116
49.55706354543423
48.86612639808606
47.781762216022464
49.07949349643067
49.22289408184774
49.60185014985836
48.7188239027711
48.38990404852466
47.012820312733886
47.19645099239369
47.06231067213517
45.96641839438396
47.57667730136327
45.63274732115137
46.658558558163406
45.83091506113709
47.141044583571635
47.22358193017993
45.46141511238184
43.91524924648465
44.74920176606766
44.62763766500195
43.92775420264685
43.686869416874444
44.73720409116592
46.095977152767766
45.30946839604259
45.900320075097994
47.24432930759502
47.79966079083513
45.68742084811691
45.51578951565503
45.85650058262657
45.29987922376172
45.30635064799976
47.60727787278327
47.60681083595966
44.84236072944497
48.45859133463831
48.37138441304935
48.596357705719875
45.00764584293184
45.12221600399227
45.79370938192889
46.95818298988274
45.871870363152084
45.4979033783298
45.278466000059815
46.27333075084884
44.79124882230466
45.9033873168309
45.954712672493805
45.84657709725938
45.79048397389743
45.90168965385863
46.165693152849
47.91157565535277
47.259592336790526
47.25008710132902
47.32688717309478
47.987723024511
49.26745878671925
49.307832028474095
49.58118759991391
50.06356760904912
47.27944911288944
47.0190292087069
46.3130948070893
47.14898279119389
49.09238665242198
48.43500685998718
47.751075703415005
46.6994399151468
46.404946939040286
48.21820828447244
47.05595685319456
48.58330738137015
47.79312807599249
47.22219076995278
48.62382039623616
47.7661002598681
47.503908577457565
47.78197433599342
47.525285062539425
48.84945177998949
47.52550267983613
47.59371389303813
47.53036877536913
47.99918528854786
47.421807913001835
46.68044610919438
46.02979058819636
45.973928031587086
47.06655551621953
47.87282993701136
45.48583575366134
44.430881118607765
44.30097101792929
43.37683895985425
43.502160595123314
43.341985301590256
42.38657576276787
42.39845909306992
42.59563974373827
42.22918839301886
43.75995637643162
42.31513273852546
42.80402303276341
43.530019656297995
42.39321171486037
44.51324082273046
42.193276990317344
42.22015315310731
41.776394252999076
41.83724002645853
41.60405359829173
42.03270616450986
41.28376869171591
40.796208349514046
40.07878003502472
41.28329766969406
40.030285335800066
40.73347725029614
42.192026124801465
44.07735288499456
42.74854275276721
45.57506756341259
44.58834414785222
43.355706604009825
45.01310721419631
44.79661460347545
47.73738118831605
47.62643725963692
47.255900163049475
47.68116928768251
48.22711993955175
48.72556302761743
47.76967942393909
47.71738776131607
48.37826936827375
48.948145380518355
48.453795730710695
49.106686844896466
51.14367935734875
52.268041184226355
53.32397326254099
55.151121507161506
56.36513992522006
57.01988041042418
57.13969764782275
57.62506133876128
58.29557009077366
57.56382815651047
57.199023500780726
56.91275721878522
59.43871138886382
58.676033607628476
57.736249361805584
57.87618235824033
59.56052311421773
60.4287146390722
59.64835199312653
58.621731683732435
57.137445272319304
58.37357581563284
59.52600420465793
57.765339248444675
61.75612059346358
62.585521088089735
63.55301945860862
65.88114421385205
63.33866350764227
63.50013390156234
64.10755064790617
65.37987847593428
66.5314516371771
66.89922792552105
65.75682956190633
69.61857413663502
68.48315050820338
67.51767393675021
66.98907183408981
66.95472284605754
65.86207857534815
65.41580903118479
65.72386953859494
63.591519988336785
62.39930115535956
60.92243293879013
63.803473273674214
62.68668898424495
61.348021452662366
60.68312851554428
62.58814095323812
63.7843787559193
62.811580539167906
62.23492170177615
60.54621930400684
59.46466956990556
58.31522113980232
56.362604975562505
57.99988707705684
58.80999297434896
59.164758552739826
58.45280656503743
58.066904275877256
59.76226993402784
60.00928038520838
59.70255090891831
58.558732681790794
58.21304720521176
59.114953708454934
58.815194589946444
57.827723505748544
57.98250485084792
59.092348195108876
57.77505264662433
58.67288328101144
58.13669545626862
57.47804066140993
56.980398035859814
55.94040971433893
56.67478341454783
55.77914648073553
57.81786239865449
56.02717975660694
57.72603500158013
57.24913735544264
56.858712311858646
57.36482610836117
57.239903059786954
56.37871171192099
59.37574206735353
57.20732766608611
56.2437230058347
55.66934590212097
58.0387354769448
56.45688527765085
56.99753529599488
55.530935836394356
54.99262778957023
55.134944594963876
55.05002080484026
54.96836641036073
54.07579963953365
54.94184913516486
54.77454606360527
57.60009253552078
57.72870078179721
57.37480981493768
57.923015438722324
58.937986364025065
59.090015702790026
58.28124259065875
59.55805929795558
59.25794145443405
59.11576151801107
59.1578139221179
59.65192555867408
58.53008823180797
58.05978139190945
58.37500764252076
57.60651536200133
57.81981937267858
57.075303486490945
58.20643785499099
59.159818609358126
61.10354364009152
63.1520698491936
64.61985142766264
64.83932623922033
65.20158639989215
66.35733690444788
65.85295824525454
65.50102684130196
67.19384732276698
68.48114984190293
67.63093224965615
69.99261979551123
69.79945404930105
68.972432119926
70.65861005718129
70.99199137833484
69.46990080649874
68.58280211725055
68.0187862755964
67.54226493537067
67.19206533875175
66.93812317008386
65.22256525081787
64.7730376821466
64.76764099571135
63.95982871234729
63.22401900734592
63.314031872951034
62.507265783568045
61.880836903719526
62.417533173093396
61.25041083314602
60.582109092383234
60.61757860733513
61.238858792227965
60.47561238894673
62.89840911288846
61.228454823349594
63.207133058626766
62.44448549860251
62.37790361409807
61.79180493688805
61.27568024222187
62.07462845719182
61.78462755338289
61.5367012363038
60.41448967753821
59.52499376883163
59.90191037731295
60.48813741298729
60.507778349254984
60.23100299803026
61.194921697774525
60.73415074587838
60.825862145798475
60.41267337180251
60.28705089605366
61.045571884240445
61.06413261705361
61.21335251565237
62.90188093061652
62.24790605475907
63.226886002710714
61.947532874203574
61.876976326405945
61.51738492840565
60.742569118765964
59.35019671559254
59.57370862264532
58.603397351180405
58.2445968274994
57.990306317923405
57.89687459971457
58.504110486625926
58.35753143023608
57.94916089272737
57.81657924646276
58.25114321154801
57.74626873826247
57.66478124838308
57.148966750100335
56.908676979337955
57.221317862227224
57.07294775636099
58.37108510627171
58.602489142592155
57.65852424597703
57.96399535732193
56.41572897933215
56.742734663262794
56.06428336124979
56.496887527206184
54.33433327016498
55.42198684253516
54.49618225699778
55.501863824086946
57.302895739845525
56.64268099374937
58.13396514143919
59.290923436888534
58.21083744465104
58.14315701324908
60.2090630184462
59.004729208155105
59.44581032836307
59.686981532959415
60.559045404662875
61.746356822045
60.76250543119658
59.53271244017324
60.45782587784056
60.455880809720405
61.83212225324153
58.538344176695084
60.912016709165236
61.69344399071429
63.17708102388533
63.39685063919876
63.948497558011276
65.71686925598635
62.01110326236352
61.07304495820705
63.68834285802371
63.57985925659971
65.33834226726366
63.85203191121769
65.02336726559082
65.56176730181177
64.95303947978641
66.62345207268862
65.40236726834173
66.08938325846354
66.41931341033714
66.28743672564867
65.87189240168769
65.38204977672227
66.95682526381516
68.88475941039373
68.47468144418495
69.32520578589572
68.17707932196475
68.1736617482697
70.44438176217953
65.921180295698
66.80292228140296
66.3487976253147
64.24007665801676
63.117758998569535
63.841451268429765
65.38062416047325
65.28806326844453
64.10470348453188
63.911600044233204
66.40238026122134
67.10240438230053
66.42763012545001
67.3571391543936
65.41736381089468
64.69293294389576
63.09899225268203
62.10410208523607
63.804546569330995
63.42427109497802
63.72593762789766
61.46359960498225
62.24940333337913
60.7837565092297
60.627458556218066
60.928647786340186
59.355182478780996
59.91219655531267
59.27999558137034
55.89135319273147
58.86388749699985
57.938587552433845
57.6494006964221
57.47610463086792
58.16697682674053
57.08894433148133
57.99371346174673
55.35559163559526
57.3145702972491
54.14006956556477
53.730008104876916
53.26405993475943
53.8125633344477
52.988434820304214
53.076268317723034
51.731724151579584
51.1251525332976
51.86055045841115
51.767027066070376
52.03376373613437
50.60121942515591
50.233590914910366
47.89985362660347
48.38582963683399
47.59046235683075
47.42002231931851
47.9716751422065
48.4688247217068
48.59975873789302
49.880671043797165
49.765053139306964
49.23877579729466
50.41960081634465
49.91731284379913
50.123891997543105
49.07201765836535
49.163473063326975
49.63108621911661
49.03880006361724
49.831760734351036
50.60252314213055
50.79199279486153
50.37683309352025
50.80728477944827
52.72630939681244
51.71878241111394
52.20072189685623
52.17282667073206
53.92537930645143
51.34633507999365
53.09159428462976
54.382083817136966
52.84402776802027
55.58460772910001
57.23040787332269
56.37905620814752
56.288328157861486
56.034624831100565
56.56851766708627
55.936625411281696
57.658843573759185
57.92844421734005
55.53882251932416
54.746723502597774
57.39732786571676
56.016661654341846
56.8368076176523
57.84055264443945
58.114549023534906
58.81309481636672
59.760597836818036
57.915679828551845
54.81816738715672
57.676542272197366
56.3293565902034
54.513942143730155
54.578732045168564
56.68266311222637
55.56556293653188
56.32121484953843
55.773054337510814
56.29644017396004
56.91951100529403
55.63520027493028
56.17390232399262
55.28544984686645
55.40365576801943
54.458694911221905
55.81817118281761
56.33940548862174
55.28625168446137
55.799740858544716
57.22507907862212
56.093668216855924
55.911025397331294
55.831640443365785
54.79925807771963
57.66258649640937
54.88662618124966
56.790757280221555
54.33035662258832
56.96840648910202
57.17729655692045
55.73072345383814
53.308344497070074
52.22283865523087
51.618646240369934
51.92416904520097
50.67572203195045
51.473771454590974
52.53189046236636
52.447796628200486
50.941196572674976
53.4624834981271
53.960813065108844
54.1097790722049
55.28723631377505
56.18320490055068
55.91557780956794
55.18502152979223
55.825667671571885
55.48088938806977
56.345629554490074
55.18243001038665
57.212933758003125
56.20681648792068
55.90698410165388
55.965444518372465
56.87196668702916
56.173692665224316
56.44012921982712
55.61907605641675
55.77630904240462
55.25193605149531
55.472242786283196
56.23124731664497
55.95443242325566
56.78020534372326
58.82510201873281
57.553663099381254
56.358552182581
57.523367503053315
57.55974527568645
57.79054106839047
57.55059959899592
56.999677219413215
56.613033072251504
57.30213686105696
56.99382956422117
57.0292312695083
56.9075111618594
57.80663622144511
57.414842946246765
56.103991666356954
56.7129900333499
55.88641998981079
56.05817464798949
55.740702834992916
54.47864502477388
54.30223699482633
53.172282499411565
53.476500201278455
52.37882513224391
51.49470887313925
51.84749697804771
50.137440987363696
50.72292584100567
49.62238980309123
50.55975735091518
49.98909272448114
49.59879175689175
49.98286349426803
50.54599899304713
51.34065859737234
50.731581127493534
50.052837212561485
51.130166305227036
49.73797398420305
49.3199468861853
49.27482700635888
49.057086049852224
48.88691271820201
49.68504168367874
49.21803681968244
48.06205315256959
47.142973326452406
46.690556227351514
46.093256399830224
46.073022230524515
45.97734291558993
46.16610030457427
45.86723605801704
45.62849067393546
44.83700410185096
45.58412859860065
45.54824918830447
44.99362545749274
46.427812645990066
45.57588048406959
45.96160146580422
45.21416908836977
44.73917396021488
45.600678696541195
45.16370094012331
45.411584010723296
45.56324068010736
46.22226063443663
46.512189783886576
46.93345924428599
47.8476327387494
47.73298336306772
47.16081367199056
46.3978261514669
46.95134639901108
46.904175113839266
48.708643459964954
47.07572058281739
46.78893651103852
46.933347053344505
46.357750104677024
46.77210322379599
47.17216732414929
46.81487092468629
48.59586597549679
48.860431111874256
49.162236252013926
49.35247046990199
49.994523328905046
50.53732509829258
50.275479423527074
49.83469688266023
51.021143309437576
50.55402171533411
51.443683708938636
50.89167460088395
50.9847371710467
51.026212757468045
51.09342553439257
50.868234569825674
50.96216782183142
50.327086638064785
50.290086223578655
50.47614364797086
50.14721061827122
50.49621886921854
50.63145938834792
50.45515917116636
50.96904401602675
51.58575538322254
51.77386127416922
52.189842585804165
51.42364005599761
52.106402829113385
52.514991474108065
53.11398823818979
52.290327769673915
50.60853318330545
51.757787691222894
53.85506859814512
52.279776800941896
52.28240604950298
51.772822272472524
52.480643806847546
52.34695959957222
51.8382895257063
51.73121087604899
51.73507340285187
52.1136943827382
52.00492545372212
51.30858982670747
52.31124394863761
52.847717035050685
52.438999896098096
51.931565484606594
53.116225564384536
52.03274575053043
51.548227228869955
52.231557355860545
50.90990181456895
51.35406626808453
52.29487751925878
52.60666579141697
51.75572225862937
52.420972396596746
52.405518010909205
52.20826774830737
53.064404382597225
52.969567458936204
54.03481853847803
53.01083346323966
52.96033952295278
52.12670920143374
52.87032432644572
54.84473328048464
54.366517491545224
54.916141224414034
55.62308567861997
55.624790434027396
56.26663624500684
55.96508186734716
55.78452372177464
56.559227961681685
56.852382131651
57.042154749904675
57.58546959827907
57.12050590085911
58.2323020292839
57.07035190509823
57.37735625232126
57.220984787885904
57.80257234291987
57.07841995191653
57.27868960199428
57.34640482695918
56.977013358937455
54.98782028816757
55.821969046702186
57.52273598338981
56.1785599048534
58.39011468062842
57.47859149092939
56.628312214844904
55.62616000607563
56.79744291659068
56.31292047923135
55.40945959389942
55.04024974415085
53.94695913139446
54.393156961723214
54.84758612275783
53.475866996881514
54.52194413537447
54.710921461620956
52.78974344309597
52.42051562027872
50.92212839380659
51.416091116350046
52.19244909832814
53.28657817136438
54.270392831368085
53.88010495555968
54.17370554789601
53.512839152818884
52.85112334129923
53.744323925324544
52.296737915154566
50.457072346823935
50.6824629685236
50.733177959562845
49.283514599032365
49.47868247382162
48.53620695648819
48.261934968496405
48.11262121539014
49.445204432815224
47.763554133010565
48.96586797081565
48.662320561020124
47.817392992412735
47.82001068659798
47.52566473477828
47.57577052706107
47.87364495955065
49.221757595510255
47.92428472860154
48.46991503175466
48.849755652406365
49.15543337724885
49.744673190976506
49.31343486094
49.62727158923113
49.77128446521874
49.527171268467484
49.920218519722106
49.757881707856804
50.027396462615826
50.688735385022305
50.06968260331407
50.85601184639493
51.24929626155355
50.766359133248805
50.83178027498413
51.94986032583841
52.37705302742494
53.32734133532615
54.11045353791919
53.847506647856996
53.84770120381441
55.00610229830325
54.833162162309065
55.804010248200974
55.412359280675176
55.34371448354424
54.760259655721995
55.225169271379684
55.345956369202206
54.50103998028477
54.662654208372295
54.00317071247413
53.69097356917681
54.32270963671571
54.54510683776629
53.62688625156598
53.74668705403463
52.80086582064078
54.0969504834223
52.354891681696486
52.21964557354208
53.003855441310705
52.8143956943337
51.71939148591856
52.3183168227513
51.265614996967614
52.239583873083454
52.636568787838314
52.042184318399606
52.90036268181162
52.575761804726916
51.46922264219268
51.073419400325186
50.86924276172402
50.14313565896319
50.57789866170039
50.21777227634942
50.45551346693413
49.90264420532815
49.621354227225304
49.29767907215403
48.54327944051902
49.232666160090744
48.129959057401464
48.89593243177088
48.6600372110154
48.23286652189046
47.19262005782379
47.17189724507504
47.76139076697127
47.51035100388182
46.93134160562507
47.24830587010456
46.9438967783637
46.54730861902727
45.24829335110564
44.571631257337614
46.25425429163969
45.69244157224801
45.50083371019964
45.89567373299038
46.73268708427242
46.5804840746187
46.389567811853745
47.334351105372924
48.364763746067325
48.82612196488877
49.209485010253175
48.93301808596034
50.74045146636392
49.4846303784729
51.18984384008972
50.61858558775071
52.11146155637559
51.12063413311318
53.0640412153762
53.23773270525746
54.57070216998544
54.084288486489875
55.56566645256703
53.28516804605888
55.36186786350605
56.52865494169322
56.01121676910887
55.62424011629296
55.19700468732816
56.60592424758115
57.22181340954957
54.22203652557859
55.251603546498266
55.914089230688106
57.32333028526994
58.6937382415867
59.565696133563925
60.85409371950327
59.02216144976441
61.504168005197734
60.174038007527926
61.12687342182542
63.178269252150166
63.47350260243745
61.553281618156056
61.07537437116112
61.83136490591331
62.36597166714867
58.2546009613461
58.13373593607286
56.812363350622896
54.67759406164539
57.35804936737801
56.40853014399419
56.42812055629727
54.83105662659557
54.08799495509282
54.402229412891536
54.233077195565244
54.398075533972396
54.41051552638443
54.12887266227985
55.651867394651575
54.66881215682996
55.35338322020069
55.25625018248708
53.91713110635956
54.13413207469044
55.22441257526579
54.77174500543437
53.287532440875445
53.55669255885856
52.537002008676524
53.501123159227795
52.633801606639366
52.228070863062044
50.12568978433394
50.087819500988424
50.556312488434294
50.724178762113034
50.948681679399876
48.18948197609448
48.50770413532313
48.352132788965946
47.04844525219801
47.57354054671512
49.11970569054739
47.784279941890006
47.06914426101325
47.8090829386817
48.15229409107712
48.769230060154165
48.313013204931096
48.28989692446354
46.19440001261952
44.330076667007496
45.59279623275514
45.26814580259586
45.1897781339613
45.11500090395472
46.28574420147142
45.83994623202464
46.73151926104894
47.764716508014644
49.59536547423925
49.56989608934346
52.13792225439961
49.5203516318743
53.288333336495846
50.79024744605865
53.57705025271976
53.186300979297116
52.93490448536804
55.032777950976374
54.433030273575376
56.28831584146502
54.052128949792746
56.2904711839524
53.95196456861944
56.27587127286476
56.48247819831854
57.14446647797393
57.718134138269356
56.528003986317074
55.91514072263849
58.71177923456469
58.8844849588359
59.78053465699238
57.3171022208826
60.48402471374242
58.52892305195725
58.73608555227202
60.434606268755495
56.92984651456606
60.029117823856296
57.593086765494114
56.85295725064737
57.96871674129034
57.116679252847206
58.28697947665224
57.44522375834307
59.18561726591631
58.169175577961546
55.29883079252272
56.79443076999984
54.472401180930156
54.854494348388364
53.86293428297683
51.148937394101075
52.02845706044417
52.52940770813129
52.6313866849957
53.75571117652942
52.35786329857942
51.0096764077391
52.41988216169045
50.88533225594356
51.090739650196035
51.14681054531643
52.60550948612671
53.16342043721555
53.13771592816575
53.70244487664398
53.048175527184725
52.471868174465364
52.146573135523184
54.95795157457214
53.58872507845473
52.532368071141654
52.5939196565253
52.76186597858009
52.937266913958744
52.40282415458585
54.54160602444766
55.79244853827412
56.95950138402224
56.111985412159626
56.29655101097966
55.108801771654335
54.27381297705586
54.3984955517503
55.666153223769754
55.48434611962587
55.91711171943021
58.07203482492776
54.394391883608506
56.38729499925871
57.29067173053674
57.27049764042007
57.02933710726195
58.43354529334756
56.71316570428016
57.11597165052308
55.37345605220302
55.682479269989656
55.98997755802941
56.125404005345615
56.96651229462764
56.25858301505813
55.391818688886794
55.71334865334067
56.48508335986533
54.59939397893911
54.84536400532512
56.180274060955135
55.268268712024806
54.84736892598558
54.14890966123741
53.17088733671518
53.162229932726525
53.701144004169976
53.737949897377625
54.184167542557795
53.23519625572747
52.913570819231424
53.584243782540995
53.345379944379765
52.314484867291746
51.27962327938078
51.50970220747602
51.74589869269599
51.82988453877651
52.32790447472639
51.5988516416831
50.67647252853854
50.73923853252385
49.39422274775473
50.89349225308908
49.90040300892291
48.99886437651023
48.87549805799231
47.940344583843654
48.192863288253996
48.40785671510135
48.45353107237394
50.11520499732041
49.24661605136784
50.21491031401409
49.30740414007285
49.527085971168226
49.727433808982354
49.540525693493066
50.041410095632585
50.553526403134356
52.142970166903446
51.82597056814402
52.165644742677124
53.36952131113422
53.84516770910879
56.07782881645596
56.40365952060982
55.42625065407402
55.63978830367683
54.811770055917584
53.68390009708826
54.70587971141621
54.12756618359493
55.1689386493716
56.0413569562917
57.02734652211852
55.71939139136436
55.84017165185664
57.150983058147744
56.561274237706975
55.80471628697425
56.23610306908762
57.963052662766785
55.58849481782677
56.29016328119465
55.642998533304564
57.194160084931745
57.46385968893793
57.49613526517784
57.76261398139102
59.614857815720335
60.05469188615256
59.32960390091819
59.32256393920783
58.76219498227534
59.896944525354726
59.06094234491678
60.366149087811145
59.78545499889863
59.77827398366001
59.3175923768063
60.960689041323704
60.58532394751752
60.364936985371145
60.14762633088454
60.28725536438653
62.02473317704033
60.39219496193629
60.6930745645281
60.624973962790165
59.64549462976686
61.46082205355061
60.21515444181522
60.54833716359602
59.89590632286224
59.87452403107411
60.76704129526957
59.109426198205625
58.36574249023985
57.91235442670517
58.330069050447904
57.944281351306174
58.45411695653773
59.233088257840116
58.195785560978024
58.586708115502724
59.02052432492022
58.665694704439595
57.79488800900174
56.987109983134836
55.98116065432869
55.521581860828974
55.08172185840848
54.080160144666806
53.28079691916434
53.159319732626024
51.66652215863497
52.4051301016091
51.90831081369437
50.531224858380995
49.50116853051253
49.24302741267807
48.80987282866632
48.226584176158426
47.26089896021428
46.24033068926681
46.81428077698538
46.503405707827426
46.613505085242124
46.731434839224626
47.14933681893936
45.9003961636392
46.61208590443588
47.17246999757163
46.125845121110515
46.6227665387809
46.8094797602687
46.673892877825544
47.213270782587074
48.16207668140921
48.88815016932884
47.677016960963954
48.76046992189597
49.945779554607114
49.45866057175858
49.772733736662225
50.151467713658526
51.44228183964205
51.375318364634715
50.0979078247085
52.06967876784342
51.35442919363172
51.1778430776073
50.845905362384315
52.324672771867135
51.59266335607154
51.693510002129685
51.00808143862941
51.51276943477564
51.35721884912259
51.758918218950235
52.44561261972977
52.24944086895949
53.665766360027874
54.13211347931346
53.8366403542042
53.7650094638661
54.620469477824
53.92262859407077
55.07633229390434
53.541229707244284
53.8597373578134
53.052132644222276
53.89074542063611
53.041504370928934
53.526808520247464
54.478598869108296
53.51675966430266
53.484382949708575
53.29457833197636
53.37399803919972
53.18169811581561
53.08460657245031
54.15563809159568
53.957244220786706
55.04465832427656
54.33048693870332
54.40041500493887
55.20218256933988
56.50711759554026
56.056894397134684
54.78382231074796
56.08486616993745
55.50785140734236
55.65035760346236
56.75105334089807
57.16680704676856
57.18935735300705
57.6027498938246
57.02172867789031
57.415499543193874
55.49064164474747
56.39433569143328
56.97256542703348
57.22477445038139
56.60271731473537
55.823830763189086
56.04889136375392
55.361153925014776
56.32366073570164
55.370214676814136
54.30406624930755
56.22946023188573
56.71228326068494
56.64885466920109
56.7270548447769
54.93583284953316
55.47393818786883
55.142344668117445
55.515110516485926
55.327928230776585
55.50361249146666
55.111737009368596
54.66650559751232
54.548259535691
54.221304074644664
54.626274640836755
53.788085271394564
52.64127791752309
54.19693992073327
52.92553108159001
54.115697312887
53.68269216022552
55.50101433973027
54.15750021129254
54.665584629849995
56.33049325376635
55.27097388690637
56.807290851499005
55.58655750545217
55.748673092760626
55.10583728329906
56.72644213517047
56.81362428832645
57.17168821665702
56.58138247167919
56.29055329116803
56.46824673275724
56.46040900443944
56.64266055038803
55.47229667488424
55.9613316351507
55.312292640048284
58.137001053485065
57.18002744659213
57.1115795097182
57.73266699468363
57.41254481905675
56.73426407158241
57.445373671480944
56.54151747219215
57.05113698176903
56.70268202443225
56.0990502269207
57.556467507113254
57.58885958002422
57.66927971731408
57.38546544287565
57.91399497340582
56.672196200762464
56.179365603607394
56.16482897323447
57.241096993597715
56.53285532862562
57.5407447004425
56.66021145316346
57.787578410429965
58.48808053642674
59.214700551346205
57.33572020495686
58.68007130867054
57.65824938065448
58.521162824394864
58.73692854906552
57.40665939927276
58.783892754843045
59.46751637861365
58.90987157409464
59.21923619417005
58.74356438885911
58.19189562055883
58.81165369005418
59.27604678954441
59.62189246568334
58.82641122267236
57.57320715676384
58.4432645968643
58.3136118046912
57.487614893871054
57.93401775048162
59.50398225201346
58.11888462590493
58.53494499366395
57.5379559934136
56.998528894313154
56.05405390044246
54.90223863691586
53.260241618673895
53.469449666595736
53.600101146870415
52.71340327249479
53.56864210268924
53.44451052015537
53.698283703380476
53.01983296909965
53.575624199522984
53.025663909584345
53.02697623708919
55.273363176648346
54.76702479460447
55.094936039506216
55.11671626503352
55.122361276965556
55.04803751957505
53.93855688440204
55.407489076607334
54.232163862417195
54.586400750743096
54.680611836354856
55.599501046633435
54.24539564626144
54.60152649512871
53.598017851235404
53.87353479464156
53.823987197156335
54.6973645072803
52.898791252566234
53.13993121790501
52.104200075333914
52.705204351829124
52.77352859017628
51.90124617646485
52.003820396217805
52.098361809795676
52.937652085557865
51.13986824368611
51.27570561453806
51.64599160885592
51.3312726090956
49.83409804384761
50.23932649515664
49.0050454042494
52.39236244683832
50.12090596534146
50.66423842972802
50.161537785078146
50.26279696860884
49.28475816579899
50.23101396885357
49.41065732137117
49.16510706333066
49.116634160451525
49.83612245529347
49.929550658608676
50.2719138290073
50.87793286560806
51.44198486693603
50.549431097638674
52.07905631433834
51.13979807166917
50.84758327131603
50.44112317461365
49.718915431080575
49.39438918268124
48.548237010769796
48.52180896906178
48.66971588228578
49.2420175095765
48.88223920336169
50.85159071344364
50.54074436077528
51.587803873073426
51.96318605022291
50.26661616063801
51.522585429950375
52.48910412388047
52.90678507832433
51.13574990621143
51.637951975434625
53.40146975435543
54.64782464598501
55.711513426637836
54.50904325672744
53.77277412607919
53.77818437824618
53.15962270583597
53.70279233728186
53.01127384388206
52.486766330641096
53.24007298512291
52.507907135107615
52.65760720005819
54.743361067808735
54.69366105536556
55.10388449305998
54.66398547015801
54.92605648275832
56.16261290662123
56.23499391130317
56.77058707363524
56.54224610075931
57.8151185291888
57.956445471243335
57.836607271499815
58.596579570785565
58.76378464404101
59.292317632556234
59.08016367880982
58.27543307979248
57.303752007094964
57.33360665650414
58.606261951545314
58.12675495219988
57.8172692456437
57.84874943763873
58.28838855250048
58.21870395160241
58.72415094600371
58.90891047626389
59.60612812835192
59.87931728849617
60.50316618113987
58.9788817184801
59.43352764519017
58.2765090913118
59.96885793450493
59.38057174633852
60.022500527847214
60.2915569670155
60.72113525434705
60.25877323866771
60.06191197814235
60.37337425161329
59.64665420695277
59.51065633742638
59.436097737880246
59.02930312824763
59.408350620571696
59.11554663337545
57.96949018713169
59.07332438431447
60.15381599462717
59.576960166764536
59.53288281462123
58.35691366605811
58.82964823154881
59.829877120072865
58.88815078254828
60.655940833417404
56.89822483283216
57.26849215951545
57.415637346880814
57.94267761365863
57.971105539931564
56.96941670950665
55.6205574459081
55.16306382918762
54.11269187983846
53.44005488765661
54.22082418933953
54.21949396580678
53.95338799770427
53.53812997287637
54.6801723616076
53.378419191277324
53.5020535367732
54.19691465593951
52.519949251028166
52.46634735069699
52.073887122225294
52.27203962011861
51.68457030348468
52.13714362529387
52.67964889235512
53.003838337529196
53.003829785637
52.923437957850666
53.88430720262548
54.348880395818306
54.210518584754084
55.16483214423443
54.78327053120094
54.812204639104024
54.40972181013261
54.384243116627665
54.65188190292633
53.83509636389006
54.76781081865488
54.10225417444275
53.34468606615315
53.09853865049209
53.2917498293701
53.99562298990797
53.8126564245061
54.003229808122846
53.949844160653164
53.14762234198816
52.641075980982
52.357725287074885
52.025875061548746
53.23284303761328
54.36369800284025
52.00817119303071
52.97414892437373
51.913977651972424
52.58047045570323
52.77270081440443
51.984329645198414
52.1524638045692
52.168079153023434
51.46621904604987
51.551388751781644
51.841516609492
53.068916056960845
50.94736238798459
50.72386112226233
51.73574323457515
51.629375672541336
50.90441038328458
50.01768549085163
50.85581809738255
51.17911425485412
51.40225370188649
52.99064162342268
52.75719013294486
52.14036190566504
52.43853892214629
52.79034376746518
53.375210796241156
53.133438828708236
52.95669852201003
52.560846971988745
53.42977789277782
52.385503561360636
52.61220205436098
51.36769439146749
52.368153059246175
53.16293399676
51.89465826421559
54.54676285806166
54.90798193245455
54.24055182298379
54.1490655549383
55.53298627995032
53.73306632006317
53.51803389400514
53.05521785636346
53.48112796063325
54.70901776711577
53.29841197958461
53.48227529616734
52.67985931382964
53.18252144721955
54.29083159277201
53.10682749969844
54.154062417704154
53.72647957205306
54.46274072861435
52.76426813511368
54.86329376004099
52.596980646247935
53.287106429165384
53.44445100004033
52.972630355336406
52.797680203054064
53.17325952480812
52.14276254749921
52.8358001826657
52.61107592219684
52.33121801056232
51.77985154683128
53.19548455000231
53.49575309044484
53.429029493855886
52.51111798196048
51.658053739790496
52.5483339385267
53.886632292996296
55.190707611785705
53.69994904681918
55.29710273249017
55.50006953720551
55.013576525480204
56.41338819387945
56.50055296288284
57.51916133664748
58.13080044852848
57.033057630785926
56.12525181363623
57.44833541753814
57.480738073751624
56.48570186940082
57.024232326527944
55.92122674895775
57.46874490393146
54.900452122381395
55.341281553828445
58.69337051152817
55.645009001098245
54.708867143221724
53.579104402362695
53.46131461643304
54.013001086852086
53.9485220447046
53.7067244668856
56.062188171381266
55.19613959581371
54.8982940607938
54.82678272276419
55.78651015796415
54.46261902131722
54.02941326762882
54.49633327872692
55.52349168150565
54.81830945150123
54.70141091010792
53.251602829817486
55.384287386931526
54.608702898607646
55.24109569898422
55.059386596234255
55.504167747844406
55.703146930344126
54.02805872725018
52.389116302701105
52.920081990611784
54.86435446967811
56.89394822580785
54.57527460310054
55.103559717473075
54.07307525607149
56.200483714526065
56.17116027557221
55.36796929643956
54.56720666106604
56.2659915216446
56.49384038766204
57.78104326910805
55.73349217930726
58.439914056513466
57.067678668310876
57.932030984065
58.03378824234553
59.10160197739016
59.6311907280659
58.796139234180814
60.82689862702333
59.01477624082388
58.25742409221206
57.53619125175997
56.0910964177599
56.05425973672161
55.118060945384066
54.95835618048155
55.723330096843895
54.006045242367556
53.716786934904476
53.20367760053805
52.4348854949933
51.80658440896168
51.79007908007741
52.444048882037855
51.90002237998008
51.94610891157337
51.679712634107545
51.47685767317405
51.10260153880684
51.39808928460161
52.19196497692285
51.982478686287855
52.35712148372784
52.5259437624423
52.04540242380016
52.92981987859141
52.80790543010332
52.07075685688464
52.69280124936469
51.5224545588072
52.21040257443164
52.17985226354089
51.81832446969869
52.0733805738013
51.87852882499495
50.72664483363011
50.469984903350195
49.96024709875895
49.41210988220258
50.01227455724357
49.863140112046246
49.638907552342616
49.31769522051101
50.85166117192325
50.68222018247792
50.040986832410866
49.127907784194946
51.13018823696076
51.4419804996812
51.03325842399855
51.479625117320815
51.61567064299053
50.988851102661975
51.94886719557122
51.97353533858619
52.1542629165706
52.13513212869409
52.23662479022556
51.89455410273007
52.848132655478395
53.022222682760045
54.44364301410915
52.631017134968516
53.996501061880984
53.019414013355416
54.78499273979517
53.93720078157353
55.32353062994661
56.171016387544505
55.15469190209412
56.64388305495417
54.81656287849628
55.00048679963922
56.41322011402152
55.19262922745717
53.134160232527826
54.67674437660094
54.380680661315075
56.262730871961026
57.782726546834915
55.44490847923309
55.382876488536546
56.93657046455415
58.15394805031491
57.258553401995336
57.5310344461046
59.49959470297122
57.661042458524
58.04028923199695
57.25896347886497
58.032351119353734
58.94121159694985
60.01617849907674
60.545752584560425
60.513102386005144
60.50393129374044
60.35374841417548
60.46905197774307
60.81547133187738
60.611094002083604
58.948985194820644
59.334118259526335
60.030428615119014
61.009555117258174
60.35534769962956
58.985771614300845
59.91670776858088
58.19910072184183
59.87510049773478
57.33640577903507
57.08424573914733
57.562156989785315
55.596657530147034
55.860433428924296
55.77491300418586
56.112730030728116
55.31315236277958
56.65331906766772
56.541079473421284
56.875453274806695
54.804724469567354
58.55974538602985
56.54818542323391
55.91201507298785
56.64316754433219
54.8041143248015
53.87156871295455
53.01539534106507
51.643779274391306
50.86040187994872
49.776911401188485
49.196510858826095
48.19246010593172
48.53298489261695
47.808691145455796
48.79696956701038
47.861082317341165
48.80755832594707
48.29808965549743
48.5623375865375
48.614662903160344
48.91553583842158
49.242946260317154
49.01404893918198
49.31472290534555
49.133254857561184
49.20387792560862
47.79033867296632
48.42193311829797
47.268231350284516
47.26550679673002
47.84130768529844
48.19651472169649
47.32321293570917
47.78096906547004
46.53485960193598
46.70070220390391
46.52811649028983
46.505011039002966
46.81047278201892
46.407512102408354
46.21643316619195
45.963615692647075
46.19369019898355
46.20660748736816
45.95728299871077
44.51444400422621
46.4634375599387
46.95692601154049
46.361912274791045
45.45872716247964
46.74161620485085
45.25769394476373
46.88192328002322
46.83879988766226
46.65073966329022
47.405141929122756
46.40149039707709
47.186768464071825
45.4918986107294
46.33456975288583
45.354505700335594
45.08178145306846
44.91999468848464
45.12050509016541
45.3647529356677
45.28685250836022
44.637179728035356
45.458018021318374
45.69917019635333
44.332666795609235
43.63916601587049
43.9357873882312
42.9176988280821
43.70013330426561
44.065328552415586
43.03585668734409
43.37812682681767
41.66946103443662
42.79799155414066
42.962771542818714
42.278473454884605
41.74285386242392
42.28571702664745
42.01673898718052
43.67757338698479
42.45957559376431
42.109580512659896
43.016071723057955
44.472049233015746
43.936850516374385
46.58883386239404
45.94019132255588
44.30879886609236
43.96134109347834
44.73862085117619
45.19228123231788
44.346758905036
44.343964219366406
44.75916475045262
45.99042594285402
44.87511432156295
44.24056535713934
44.53528370721862
44.604249642050384
44.802832847733804
45.74793683607761
46.74896861518647
47.25217986634809
46.815414230224185
47.51011017745045
47.89772713715495
49.78263178941818
50.685853056559054
51.24043695821604
51.11145607074561
51.168194540774024
51.14997667645946
51.586692465574075
51.371913031846205
50.92713896331847
51.718791112218554
51.652745778771894
51.37156330943726
50.92270909260988
51.931422334812254
52.40840571658846
52.00568815036722
52.685742288010886
51.72620407445946
53.495464183781316
51.862530423091435
52.34971586770828
53.69155416720594
54.30577351563391
53.557134066748176
53.327464814333254
53.04570115623727
53.67565608571121
53.920258087320256
53.927170809322725
54.10709379860849
54.33242484034113
53.38298900882907
52.788752897444795
52.343167946188004
52.38803853427429
52.45057070053156
51.45521643098537
51.73571278781264
52.04411606480182
52.68852902529072
51.89604706983238
51.50894737903249
51.4973534422541
50.20166552181491
49.330888898549574
49.290462054887385
49.214063251951174
48.4489815174431
48.05411024733215
48.19307862322756
49.00577387666005
48.249521834479665
48.94071804189395
48.95860110876542
49.55509806541046
50.438651411268786
48.73652681957334
48.94352603679484
47.38154774360657
46.485329839871746
45.96036154211958
44.917910148623065
44.68289417184959
43.53002957330985
43.75712700899335
44.617388969841166
44.11318948016539
43.35773614584056
42.76752210463729
43.14143467628204
43.22003204057691
43.66527349874575
44.99610330189019
45.59558318031762
45.34796284173234
44.90232931066291
46.23664712996655
46.48256077347208
45.67067085818144
46.53289274268277
45.87695626107656
45.561375324317396
45.16955681718382
44.93264055665153
44.77692305133035
46.214082151720355
46.33393713566893
47.46190769450721
47.3446282213835
49.85489342713795
47.34696390376756
48.107804313123175
47.80954847806352
48.351730604940585
48.42934676588835
49.74668237620475
49.45240025292403
49.92568585330855
50.37904991646577
50.861894517058396
51.81490953244264
52.811622182035016
52.70028027733668
52.808304121596095
53.186646502829404
52.973537222750984
54.371483919778996
54.61052936519863
54.45284406326781
56.096988809082724
55.940924993078845
56.62131915029936
55.36585252361224
56.40527489251675
55.88359028036078
54.974259359822156
54.9517737859831
54.471033177145
55.24586762457876
54.202384296352214
53.68111545657881
53.38464837274803
53.026459003217404
53.90438948584149
53.7237430490501
53.80733318796615
53.87303587965041
53.79957618670848
52.62860212369384
52.66879206256042
53.376006524704415
52.372025366291524
53.577211530897095
53.31789673297091
54.703339889254856
56.04148047654735
55.320179326928006
55.39804238982852
54.21536423764496
54.64587340546679
56.30191617274159
53.565411874604116
53.25777836308831
53.56767432178233
52.77186874048159
53.80493803663891
53.85411705053934
54.66178762051976
53.66128526091361
53.34635476887074
52.40516027240496
52.8197066646946
54.09125852771114
53.49899047080049
51.9855303593542
50.869269177038234
50.752773684699854
48.66255707875595
48.69225142675179
48.937266761364555
48.061910831759086
47.83412961920656
48.967144682416645
49.23839255243032
50.571704706645306
50.48755646983592
50.810413276826
50.66187613233129
50.051750270732015
51.38691888805212
51.63252929159338
52.80591622818998
51.99106119297787
51.544058167573766
51.594188686939454
54.12208295261731
52.77181727168999
51.945558109708195
52.12524255326388
53.30655571644964
53.13230335091012
54.19443024530532
54.72842916835476
54.94564142029661
55.254454733377386
55.30081220155813
55.11198264862109
55.06701009398669
55.872596414365105
56.14436003470756
56.03169299902906
56.34444796025688
56.70991369206397
56.66957212347647
57.60143538084681
57.7443949848926
57.32834082316475
57.54228270221371
56.92331767874831
56.57344449053968
57.183814791537785
56.978410419433494
57.946433055648946
58.42229769261854
57.60947585616002
57.761144321970086
58.03977802533492
56.70787499446039
56.38626570603865
56.60205464294011
55.91622518889331
56.08439703112047
55.196397460580336
53.54613382839949
54.92230084485095
53.65279717445715
53.9806351572742
52.742341327158215
52.9013175125448
53.0341487544067
53.32772880326997
53.497452519583895
52.950019334201116
53.527084569329176
52.9567498651878
53.35771971586399
52.21059703933332
51.28309865925896
52.128928586946884
50.79235420005151
49.53093770960876
48.434290246456754
48.62293747344988
47.92623549784668
47.98557189636311
47.97312793879102
47.10173914390622
48.419180174113286
47.49812325947201
47.43501971755643
48.16248922264447
49.7812721787381
49.46050305236326
50.524336562468235
51.21680969080663
50.97157186041028
51.043891485350194
49.91139845056117
50.35443476406374
50.84140431718167
49.800111985032785
49.85542953675181
50.184710243105435
49.430783497201084
49.771745193761944
50.669987089180474
50.47641814436166
51.835874548574665
49.017432864596934
49.345034304605626
49.15434087973433
49.05468980686046
49.272456646728955
49.09432967208691
48.534839763651426
48.87948298819041
49.51727156891168
49.682636516742704
51.87310669297224
51.653725538339444
52.72749388531573
49.96322231233051
50.89917376441113
51.922403332945635
51.83145267447286
51.68828733248133
53.14494206029859
54.08944966494299
53.77820554438204
54.399411182865066
54.44044842479198
54.173044256327735
53.98559201225086
55.684038100694124
54.84478340449188
54.42757642386293
53.99131691847853
52.5705453917553
52.78634294419586
52.998163945657126
53.49921988631941
52.88006004601404
53.48252600796364
53.38672040012068
53.16042493896133
52.16711058730336
52.50462297603225
51.3990594012967
51.22797601734292
50.867741475082376
50.74772421858028
51.560453923333554
50.89072394571046
50.758210825554386
51.16014944050355
52.45300869749311
50.94217733394297
51.451221017277206
50.77265049618113
51.212739614055295
50.438159705905
50.67581474078846
49.814074122097324
49.69360015838947
49.950089356949086
50.54940456139649
51.073406230761876
51.03826112458187
50.91138460370407
50.51639448847051
49.98944051012647
50.4152716139391
49.921566425589134
49.360072327162094
48.75342553760975
48.72474509946332
47.09771118202245
47.65843205599598
47.89130581084956
49.12793939822872
48.78949785576735
48.65912748751766
48.30001532182283
48.433094351400996
47.91843666241397
47.94210167464104
48.39315608484307
48.1879699494938
47.53712789980535
48.897446171827994
48.24557585922029
49.75728666413214
49.88339965612551
49.58918965257664
48.52620755390741
48.52898785253871
50.222109433381775
49.282690047390744
49.34300857115549
48.217502992699025
49.11249640337524
48.555968788298976
50.321908572237156
51.424793296361116
52.23975234285237
51.38633759524474
51.49247444202812
53.50291593154698
53.27107389111023
54.86120153240832
54.7178287772292
54.6325651902121
54.61043720503125
55.15124218737518
54.16699128700254
54.015584047705346
55.20812113724825
55.04819168422526
54.843413337179896
54.84754435419281
55.9752066663131
56.28187001825632
54.463974578373794
55.977884982502225
55.418125166887485
54.39186741410466
55.0765655435908
54.02767894540219
54.04830267558371
52.58557868467509
53.239425045933345
52.789683410396364
51.89812154905475
51.321981630751274
52.12239570149198
51.6132221094156
52.12140057537705
53.15662705882433
53.88267114322864
53.08986877219186
55.91819203711966
55.746367621471144
56.69541298147149
55.48230691404181
56.053086463262794
54.86966198631903
55.241008405093744
55.036253482193175
52.66073431860289
52.623763272849494
50.92394966040628
49.6527103279129
50.21847886052928
49.82357728236687
50.292456762002224
50.91817335589276
50.326855918458335
50.785504814577436
50.7836579225375
51.471256983473424
50.67426074784119
51.58891090511794
52.923574932950146
52.51265018730906
52.29054792527815
52.36555272201235
52.32102668977809
53.735243425209596
53.86423246804598
53.048568684079356
52.51051111665883
52.55621451157891
52.212463876351556
51.68637225936905
49.67474410083934
50.937172230213065
50.17916575093812
50.73788443249826
50.21227044818039
48.90397207682903
48.65377805627731
48.241615906992294
48.89513929056478
48.441670528821035
48.92482796682824
48.32872424057669
48.453047383648936
48.964555014621865
48.9123686938711
50.08298851099853
49.81546883667694
49.37658729308149
50.21199045646883
50.3675172272172
50.015189561545405
50.40539363904166
51.75731808222966
52.19930858468151
52.34951745432679
51.85276468153181
51.87032818263953
51.66316538711188
50.905167240567465
51.60760149638052
52.139466511123416
52.162989716900896
53.388647718517724
52.9197181331969
53.63723469242821
54.950309569082755
54.6525601860614
55.997541237392845
56.15222664126925
55.44913794436747
56.590567528725934
55.72842575572405
55.9345188251424
55.787356753750835
55.355342569132695
55.18181851639293
55.67825746373961
55.240887856236135
54.92381563960692
54.647317997935254
54.939904947101
54.372992274715045
54.31781585389202
54.20286008252609
53.00399227142429
54.41449658760283
54.07356025380292
54.470181310243774
54.34111329178809
55.07384147912314
53.94591576388317
54.523646762473405
54.861493862854076
55.75232949027479
54.82207824432399
55.4598433355827
54.430234119868466
54.73571560982525
53.60175586328139
53.05395301996008
50.352882443174096
51.677553565459974
51.81252419505005
51.28537025830347
51.43167303888778
50.813590101365676
52.153497434377186
52.342766770168666
53.301261533753525
53.010606858614615
54.42479267616123
54.67112283628214
54.826310615991375
55.36845905186987
55.92404695432355
55.38214198193842
54.80188683959381
56.13089917824274
56.63156318499264
57.33787832569612
58.713621507631395
58.132067142977704
59.463488000843256
59.406001965338504
60.97283644915207
61.31614025284722
60.81953351635203
61.643828730074844
61.24342444555127
61.99185138322886
63.34759761018545
62.95267225698801
64.05040251662702
63.44783674780417
63.52981491714112
62.84689846752062
62.60180479367328
62.76502885562825
62.71028628330174
61.1965819494121
62.05098268489086
62.058656434730274
60.971598338278305
62.119223212675124
62.207112723321174
62.74870955988145
63.07467815046385
61.67858279340164
62.082754651262086
62.80803680516646
62.760413908524214
62.500624571529535
62.32781963635653
61.2549876666997
61.26157795474811
61.67678658527787
61.86649359621292
62.016258430533796
61.480298357099294
62.606426343888714
63.0164385683103
62.19067179931566
64.43101752990522
64.15424951610666
65.23491316568173
64.90389123786323
62.99988185646181
63.28615673650733
61.59746127038577
62.10130636756255
61.2537626530339
61.878744000172944
61.05354333806655
58.97742716550447
58.47658710826306
57.5120682989681
55.83247007622959
55.020854174647496
57.299572046486894
54.27962646710684
53.254684265680694
55.375817486679594
55.19953752325955
54.36252143566698
55.321076343258724
56.25201995645471
57.19257951906576
56.28641909532615
56.70798939157937
55.97218212764101
54.64583153283598
54.47130594049742
54.45902227747894
54.8090914678502
53.84681723916582
52.209585816255874
51.00096735080552
49.986832074590176
51.78357674343411
48.88369886254527
49.36311012747093
48.17502004154234
46.78590948637908
46.57014397468418
45.320756218649876
46.871208454168176
46.029434700262804
45.874786838995675
46.474158610556785
46.997010472285204
47.27019797582786
48.18770419567618
48.271664236095226
48.61508166358396
47.488274481274175
48.665718146817824
46.75770782598777
47.368621671498396
49.784505681794684
48.5422359330678
49.50229577917658
51.41859441169681
53.57913411073989
55.226753321546006
54.48169543583056
56.38848420719703
56.523705101618944
57.67229473847953
58.4891380691089
58.510963032584826
57.97097260673707
59.04325833000769
60.30272887034347
59.357405347671154
58.9284655082884
60.392962879152314
58.23397302884276
58.039286942239556
57.799400212306416
57.23704811232924
58.01774110472014
56.56460956419242
56.474080524042904
56.909443312476704
57.88676292115082
57.51330719173715
58.13509909644534
56.26043109488651
55.95618406844308
56.46276080726682
56.20253441729502
56.105431665600065
57.053835135949754
56.90383425161913
57.15520658719922
58.28828417724603
60.21746814114983
58.41684576561287
57.35050147697115
59.7824553980554
59.41985106838539
56.390202378656326
56.84000188303881
56.00452756718277
56.434801349965724
58.19867076223647
57.843521646811624
58.00480795214121
56.380151204864184
54.95450608636317
54.75004397918208
53.3713043737197
52.95686110862051
52.97397781952093
54.12097024451338
52.901535880214546
52.34713645239888
52.81683904427187
53.18822906599206
53.36831697583015
54.406404074997816
54.89418231531321
54.48602539387334
54.25272605002565
52.86268221559801
52.21148724990519
54.06516304684596
54.79834697664371
55.8462053001799
55.023021505301095
56.30176839924603
55.058415903312806
53.2439178800746
54.373929205096374
56.007460336303275
55.08812723292725
53.98347673152264
56.1867234196421
53.93662622628546
53.02158999306691
53.29814363047603
54.31651668071568
54.02442540602946
54.29687093958157
53.947706799201335
53.347499852618704
53.13877449466546
54.25542323305136
53.382601818776
52.25148380679504
51.90388464667792
51.59818490116484
52.64875777981375
51.38065990878126
52.26680188434846
53.34852147430277
51.42035059823884
52.54052567423757
53.65392077549352
52.84407918761309
53.38044032648953
53.487382857565244
52.964806035336096
54.440347673517714
54.012760512664144
54.01427991627444
54.154003434651166
54.661942518547484
54.111701284345465
54.51721349444292
55.37795890518529
55.539464522166085
55.31894176066924
56.73066565939585
55.2380278868874
54.91725549915249
53.54768355112477
52.68099300306513
53.13678967044923
52.299383827031846
54.2351942362205
53.52102400409122
52.66257272862073
51.63906695083564
52.784095872172564
51.90265221521072
50.92200081539888
51.445054981426544
50.772571141226095
49.767066193141794
50.89898453476726
50.44656251564486
50.23483048046725
50.48455071455284
50.74774185926949
52.16076703226208
52.772915264958336
51.9024222168962
51.945536424510586
51.66493304493716
51.83441944279695
52.217748670802706
51.674014469085165
50.52886689936232
50.87998417243133
50.71084547310633
51.238601898293815
51.529028358814095
50.191850285448595
50.69521025968842
50.722722900971256
48.827900458292504
49.05973990053018
48.02387683328601
48.83611175333003
48.808924346270665
48.52554664570663
49.21812251262207
49.53425954436506
48.59119890616962
48.45924836399229
48.16724700603967
48.52297131842768
48.19087025999932
47.984560657136775
48.96925889859851
48.691951367776866
47.90996038079443
48.600701161097334
48.83985866540932
49.14793450911565
50.36048404782505
50.822071211107314
48.73623150740595
49.75802934947488
49.604199905795944
48.76611941452934
48.558110013388124
47.862288954935536
46.95415028783895
47.35390542414684
47.5021623849516
47.64812321926487
47.82305684569304
47.54081270412589
48.22363510779534
46.16755845308103
46.2461369179168
47.253337832628134
47.13231324009154
46.319002600071244
45.93264888918488
46.70756221472339
46.46233991073657
46.856106252754664
46.49054268645487
48.18899629871363
46.284808675083184
46.1208989625985
45.8981800447701
46.39802894051949
46.159211491376844
46.812955265716056
45.97085019288855
47.92111460068179
48.490481497681415
47.880017429678446
47.97875491351179
48.980372130755974
49.87651762662488
49.05619990219787
47.92341514468714
47.89536121875985
49.381145064553
47.383719617331515
47.85984802303601
47.7922059729182
46.15934880195121
46.99626797280582
46.0968113656933
46.324805932587054
45.03503437946632
45.48288550976939
44.56759217466599
44.73068265764887
45.132282858219355
46.140070145303156
46.21173577547046
45.19157845028557
46.230291392962094
46.57236825624155
46.290766500056904
46.72833460112652
47.27448435255936
47.10048509601978
46.94257407231882
46.858797497612635
47.16228538690078
47.371661976536075
48.11494696103547
49.572071994682815
50.72388759230489
49.67136199434266
50.17905014329334
48.91953646235211
49.042612322844484
50.0562672026409
50.61695962664375
50.21803002487826
50.59190708374275
50.70596067138798
51.03038138174272
51.54743791671393
51.75596576531284
51.44934768128952
51.71546721436045
51.965132886003104
51.47057160023907
50.61708334240718
50.758356339348495
50.78760289552059
52.417580981058876
51.25133685481372
50.74119685893056
50.86768424064746
51.298810169887766
50.811567701243476
51.09734884926438
51.890786829184165
51.21124558786525
51.764501028898884
51.67178122340845
51.847744520860374
50.08709376110872
50.522987137521305
50.07726657509595
49.35537359040433
49.82499861900567
50.30977165237217
50.054966499371275
49.482811022571155
49.721726659193024
49.41645838191372
49.05002366534026
50.00606527254442
48.97868376456859
48.14391764812709
48.46692233757755
47.57112078950688
50.03378204496861
50.59929253104129
50.261842137533954
49.06981632842373
49.79331988377336
50.10985963106098
51.20586069994617
51.68339944341305
51.36568771788549
51.71055504998469
51.66155878384538
51.31595322286662
51.78895772925077
51.91079282143333
53.691427029321076
52.98631349178908
51.624496875065276
52.54014707100387
54.2733039609844
54.590771167368466
54.85909672220874
56.52558844878555
58.16542520842979
58.58741239641221
59.0472246761662
59.727996137684904
60.2002852863976
60.75150737659433
61.01706476837583
60.842196263873056
61.674195026337834
60.958646105294875
62.18493030584784
62.352465469445754
61.20155280290911
60.65746875365704
61.85994863071645
62.29911056497494
62.4438133119522
61.43374048993149
60.968075304336296
62.47018921812332
62.05179840913506
60.894575811771
61.47134487426246
61.05418336944269
61.75311421472844
62.1013875158797
62.604410810163465
62.462517440492576
61.66380875859349
61.66786328722228
61.55410503427148
61.87361708508543
64.1338950410144
63.125986894975455
62.81887881755779
61.305997031017206
61.59610046897584
63.21536594192103
63.613398793227134
63.14316055609792
62.90537757524807
63.855710752098
62.24969854181144
63.15147464223731
61.70808398338272
60.14656121327954
60.215467266535136
60.05758274462534
59.305897077319244
59.767784095605016
57.596221631650515
58.992226703823626
57.23208930177456
59.116028133462976
61.8222724455264
60.14522044834496
61.904953653666944
62.36586180470495
62.75484806232122
63.86866756626749
63.120196034496836
62.8100889595428
63.96437645075008
64.77287912604412
64.26594424778858
63.52635271741199
63.30785688738766
63.15717204151707
61.548375944931
60.77344751849331
59.750987667445614
60.282884763085505
59.10909589051603
60.069578811146314
58.80753777635036
58.540818416072355
59.024348222354305
58.28355103743257
58.85703664304974
58.18620910092563
57.22526591676053
58.308033095395416
58.546042930104704
59.6014007067276
60.91565107886757
61.46006982793084
63.238550236292824
63.3485490623683
64.05578987450897
64.35594692292116
65.60256593358406
66.96998457732866
68.32031791383112
68.55822719019967
68.83499582976653
68.56159348620636
70.10666900605067
70.39398375411393
70.65750433758845
72.83965410810734
71.0427094557515
71.00164249207337
70.27965427374647
67.34614510846804
67.41652732078023
64.80575999482056
66.13447272244608
64.85521179498843
67.38198445553675
67.41320029304734
67.91389600706876
65.29450854818997
69.24933998124763
71.05036990784797
69.87591460595515
68.91502643786428
70.53047034597405
72.29975743223913
65.59736088504437
63.63708773856538
66.39701552974225
65.2341139546268
65.4430242777546
65.42274342510218
66.9189173231785
67.13593757674595
65.88794092285757
63.58166106537156
66.02834436543321
62.390678279430055
65.75326202080339
62.39947456936769
65.53088200903568
66.12252957814665
64.39038080788404
65.75956929065468
64.17033403731871
64.27355842671477
62.985455983876264
61.64385977595617
59.14210113279936
59.37214643907838
60.27157693975031
56.846124919620436
63.48023161490906
63.63343436565733
59.72823734934486
66.00975661757305
73.74977878247915
72.5371979378996
73.2780193888917
75.49505590337016
72.66143504706089
73.85006655776117
