96.85855547735562
99.94205777307072
98.21707477094634
98.00256261448605
99.72017005418536
101.51408730888024
103.90966444258416
101.02652700480667
96.91580944761063
97.7725078289446
90.46425277110328
80.36881937168273
77.91194790523218
71.89637138488183
64.9004048108746
62.024075794107844
60.70043115812661
50.14455035565929
96.95726261898697
98.87291913985833
97.46079446703735
100.72701329028575
102.20718374667503
102.5843651836038
102.93461920530088
98.78213607929652
96.68547856128235
96.4975646909895
88.80319104330685
86.21213623935094
80.29824330723324
65.31407917800135
68.15251806408003
66.58875030784189
61.521522769502795
49.529716669590854
40.346575893865136
35.512206477850064
33.36319906488291
38.12388597596087
37.48683917790096
37.40198298320124
44.58035566278671
47.70574969984729
47.93809065273586
49.175853446734855
46.69242411524678
41.12314793323807
38.27431901625037
33.36401876153451
32.84337633053381
47.28959123683969
53.759894695857376
68.80735335823633
87.49714463745151
92.85455504688919
99.01889037047876
90.95223036888785
92.29123174532882
87.87328831125093
72.67494916792144
79.62181447176776
86.07801526418184
101.30061281282553
93.61229055644598
106.01523302756297
101.62579035443902
97.93738261866204
101.55245536919843
103.48532045121489
97.06183836691399
89.0247063689754
86.58566080467529
76.65119814370479
77.87283563832746
80.63316878144926
82.3266369181753
74.28969665754785
62.60809759351235
62.147018015664884
66.23617082081716
67.15562587634591
67.49807635903257
70.2627910623853
67.55680904505385
71.36765992351985
78.50330694945181
76.69637278275125
79.13142789410416
80.88556360095215
82.72172700009092
77.0598899587959
90.17403975759072
83.97750137838169
84.40733305062018
94.73187106779078
90.22620097826999
92.40165239165177
84.22929774670723
86.28674509749601
87.30806889051463
85.07370335046659
74.42692051304056
65.1813565226511
69.09189516652893
64.46792395694195
66.75425190404493
61.34521749484368
57.73029617340296
52.740045743493866
50.535692816734006
49.11498089553563
50.64547031338368
50.06982066315636
45.757352570055794
52.68230273638464
50.90249620215765
47.749654712759416
47.84922657093379
45.14076771876617
41.50406577993121
40.74655411019067
41.43245867068989
44.57359229806353
46.80208779814282
52.81879795371306
76.36333180926674
80.28342729186464
84.44347688976903
104.88108230936687
114.38828637576657
105.51027796583914
110.47383359850025
110.14827608720621
117.97901782642384
117.87298811516956
120.76201530598593
124.07087361439508
118.5687364863294
120.01810585443032
124.1834181913991
121.47666680978881
120.71613126383298
120.84864193272757
121.24142778908507
120.33914307678965
124.58117797611952
121.49647426585364
122.90984343148752
109.78943705957812
78.48908684880418
62.64270928540437
50.012987719635916
59.4725198987121
65.40559920703843
68.55030737437808
80.04561103455985
101.70753668981924
104.45109317437127
115.90570063456744
122.45239925192435
125.76649349938948
126.33549697010966
128.03798901378872
125.50063795654951
128.6376699792299
127.7478899339157
126.96343206260664
124.04621054264418
125.44868011771597
121.73515104264045
116.8340345844738
111.17591038056004
103.620936709532
89.01006210410297
83.20260465718063
77.45515213643668
82.70200170340152
91.86989727617018
94.6925430942569
105.91357400714762
121.11817973310805
135.5057309504676
137.06234436321824
141.0099336639164
141.49965937279944
140.4471916856673
137.46472237353126
139.98062712949752
139.21520326421273
137.42671282435919
138.49111076181686
142.54439478990847
141.1197433006351
142.02252871203473
142.91907314951118
134.32297990801055
115.79227097230353
105.67192876992306
91.87401444893707
90.51721007914469
91.87239183879436
107.36387508026993
107.74965864899488
128.01234568182568
137.54195220898796
146.29576550512994
146.80650796696975
143.27878087678
146.84105733902268
146.34090983683555
146.2526907441738
146.13481670731682
143.60406839540966
144.42805733551577
145.0727004590326
142.5555992991856
141.96649944756496
142.51785235868607
136.6427214892964
130.28425405545315
126.8988691190833
118.0660313488347
110.83410194792651
104.9210422940367
97.87971755733334
92.45195318460284
84.29204062591359
79.15932374500231
60.85251985416934
47.176735206980034
43.699134793222505
46.371198254654566
43.41455232430805
38.33766669006249
39.72740579787684
40.972042142247886
42.46598479765571
38.90404816253882
40.87171062676144
41.42275026315523
42.523652641479686
42.028161378057156
43.61645715629045
46.09867408304497
45.538737593540574
53.248525532475334
64.62272224101781
67.9898474824893
79.62244809184082
90.82672292729808
93.55491256037807
83.71028634987375
81.17752181908527
82.5330609409678
76.36888938409737
83.7704093892482
87.20262063151924
96.08835092589102
96.38945653872234
97.14357238124092
99.41619900821479
102.77578659973574
100.11210844972236
98.32447123622497
106.7093381733875
114.74048681197912
120.11010204418531
120.00421165291554
116.29665319796797
115.84684904654078
88.18196281910491
73.01732186186385
56.0437326310982
55.041233153084185
66.50953954211505
71.22811742677632
73.08659701552139
76.57189416417239
77.26155897092943
80.0209767260191
76.72371282747986
85.11149501109887
87.54976639467664
87.0061404734758
85.26420055276519
92.13177870527547
90.59324049020103
95.60511287335254
97.46306337513246
96.571062847378
105.92012960899876
108.43858455702778
101.16094948369229
101.52819849850961
103.88119463882347
110.82534352753821
114.37494007227798
104.2152151864067
87.69558243069382
84.86859458047888
69.22211738223017
61.017086240472224
58.5446577616719
57.61167189774168
59.412817669226136
60.44091568365478
66.58320894158308
66.8937291546171
68.12776674466348
66.36079831337682
66.15604825695704
66.89597547242904
63.41647717391914
63.20274283600084
72.76522771634218
70.44757822742126
68.54169910897666
68.85429946328586
64.61645512387508
61.752112069650245
56.787259158312615
59.021651593943275
61.92612151792759
61.365861119005906
52.698996616455204
53.858303773670436
51.05077730913818
48.57144779947979
45.71450953090272
50.90859939839533
60.163524961419675
59.82397534356149
58.32224810913471
56.62245607275274
53.06044790289073
49.32071693839194
46.57415044400377
48.10494152483014
54.952745744530354
55.713691720552575
61.614521247837544
75.49767155215973
76.16857646707604
86.1589576805279
91.81006427531618
97.39841054940972
96.13605864959187
100.09056766409567
102.10932946345216
107.3977866142432
107.55431081275314
113.92134237067565
114.82251714001434
111.39653884572948
102.009175194278
94.53406869162961
96.14933464144698
91.02907337773696
86.54053112157604
84.99242881274922
83.97301863963165
85.43186205107928
83.63185066636227
82.65039437556302
82.76758924838681
74.88420361429473
74.20182433630606
73.01475800537038
77.54366253124753
85.55927023279543
84.43331182067206
89.28829946553559
87.69274902308211
88.78253388762789
85.29291349048368
98.09405342702206
93.74724862951413
88.98937062795976
88.45232486483116
93.16980081331994
100.92696807020454
98.42706468106172
103.75346558051399
99.92065395215901
100.00869128766115
91.90063696033391
91.42598676501137
97.08739944277761
97.48123831372573
99.04642191824729
104.71077284924418
107.74936461473725
100.7129347511259
99.7421274375849
80.20317811397477
74.49829696136915
57.91995631900912
52.51635575629416
49.542258207512916
45.03597075601016
44.41621970376432
41.25469681476817
41.48198332265097
39.10500965244862
39.5880568556682
38.61391693780562
33.41572922496588
33.016370066444544
33.45530354991123
35.82560351757901
41.776312236361676
47.66619375796297
53.27649797574443
54.21178580834662
47.60950665411573
50.90370632270476
68.89736333786995
74.90004743585918
80.7428055154212
78.94205994818455
85.07550849041938
90.30567549398282
96.12780881839348
101.68485655154193
97.3594873891603
100.86426876471872
106.19648445551344
107.96855110386096
110.41854336488696
111.73129093736914
114.29611891078615
110.77595037650971
100.87787796740854
110.22562016961085
103.6459712276556
98.27126801374004
87.1048885416931
78.70980262449058
77.29734819946533
56.72656467743573
45.50850358760223
39.12394535288909
47.03388599880811
60.32589240838416
64.41927511676936
68.93909363079209
75.41297971292374
75.75413468194857
74.88810189131843
78.27634117208152
88.80393943234635
79.14377179685476
85.0683937340333
89.3196939186237
91.83593198179784
95.37862477591848
97.30873279700386
96.45792662570383
93.24692055294318
82.22234354097317
67.27804639198413
55.28995748572541
53.73760682863142
68.61444608331018
62.34204796198713
59.888950479566326
58.75877592059888
54.82560871766843
55.656764721961856
59.94182945102219
89.38025208805482
97.00353262910167
100.65338581406604
102.01795473607605
99.61931172167176
102.26420746421586
95.11784965746526
90.56370802148582
86.44600979536423
76.36534014178481
63.711831732800356
78.3615093281922
88.81262098650977
91.9039806866267
100.67171694450107
97.78675697885396
108.48691284175962
104.7865312648664
104.23883351181098
99.80565850079014
95.16978340288225
90.90346976343713
84.83564217833617
72.99852955181439
78.6242991508471
69.20704030268509
63.73666587286776
57.34077872543877
67.88570802466056
52.919641080814394
45.195847959810145
52.30606508956345
54.39476571674754
46.109081477053884
43.61269948364841
51.512385493129734
51.663504989745206
60.1228224818863
54.70814749185945
49.15545143490771
47.48226068242339
54.128501793100895
58.412367731121854
70.55599410033139
79.66909550116726
82.29091640264699
85.68675316608477
85.45427187884819
85.09526958972997
83.00396302247637
80.45843466277213
82.7907884147181
78.83638237250517
77.51093684004812
82.3181124095309
82.57476342793517
89.20689280639714
91.52964312383376
94.86546145251768
90.9643597065977
84.6606059916246
82.511097795573
92.2294846785658
90.80091608263307
98.15746203888031
94.61343637822206
95.15402885720617
83.06683609579989
91.9378610295529
81.86492181187606
76.37090118341474
61.30011814516278
59.44067852131846
52.50742076154966
45.21535757115739
49.573242916668846
50.694234873813095
51.069398180058904
50.48503766458991
54.18742294643712
51.42106267159145
45.24919741325781
47.902039877986766
40.93574723877923
49.722066863583606
47.909918962957214
52.8313817711382
52.59178720775717
69.91596352051708
79.14477239652048
92.01295300480815
104.0196372882512
105.53509037899823
105.39033921466421
107.89979771358277
107.51939424991313
115.85460188757477
118.45927044537343
124.69446085486231
120.04466524837561
117.43931301125168
123.03411503896977
122.02479376720375
124.59726524806231
119.242054117052
120.033678507902
121.12992840635046
120.20019244547403
120.54840779062953
122.98604733393455
131.95804018017876
121.07796200701041
116.95423865022399
112.87137700575929
105.46241425486842
96.0512621110215
99.1176098302311
78.58746628711206
73.24741982877755
62.90857682313068
59.41384910768772
59.68523694422616
56.013539743144214
56.23293166126491
57.19314836348894
46.269337297374726
48.14924990590884
48.51063111800638
47.57867123342208
59.08935495231175
49.51742422842216
51.926160300996614
48.68299897311093
45.53861797106497
57.428480531344604
60.02540809229765
66.20609729256739
78.4670229670569
89.99722938862372
93.78185759676316
99.98744260470696
105.16556585682653
115.68466798304725
121.54958584855727
109.40711456077798
113.32132699752081
107.689769885109
87.34506838180074
92.91069425377998
88.94053021981414
82.30776905187807
88.25451273900796
101.62385964312972
88.88423291281327
83.91260385497405
83.18292690296661
79.32478611487056
76.50134441910657
77.00388492781231
71.89135015093049
68.29505521114744
64.73224608178083
58.71500019169151
66.20482269453713
72.73142583088607
77.3846076598117
84.61650861158482
90.95143518245492
99.70474929315094
90.84339670974191
103.34336680062594
99.25288834295871
105.57949470740077
101.30236805542079
105.77761465943249
104.91631350027001
93.86813964055256
90.9631651082706
77.08843082582777
72.32179183535767
85.3960669674597
80.38093247588304
81.35779324288957
70.7563543518234
61.92588348248791
74.77393080739357
80.34823008059503
92.81014276840789
97.31687573014435
92.08743096447873
99.25989947435755
102.52604521864265
95.02404593942579
98.88776838587837
92.30379402386177
86.36701488104012
95.87770010866419
87.88576921003776
87.46165991522268
94.56082994722114
88.05065999660464
90.30552584134217
83.25047261293525
90.85034953458153
85.36029021258923
82.68694785167162
68.24644506407942
67.61641436555665
55.11834403318076
56.98739506667155
57.15875517182171
58.75377092605174
56.30701009813975
62.263717126984155
62.38758929419439
64.36135829486108
66.59612044921664
60.600653879407986
65.35202199881518
72.32493529034845
61.11243114390362
55.362710469050995
59.273889584449634
58.97670984353208
50.600605122949645
56.682417904158434
56.54894674046387
68.5905165844072
72.2414681021561
79.97808891988366
71.43447191078717
70.04047989062512
57.786145482645615
60.273560964058895
62.05383382688548
60.628937918611776
62.0655526798206
65.61271666131702
64.31424252319715
64.4408754973896
65.84116484695944
61.90972486788548
57.681739268875866
64.3741196001779
60.90962889754109
65.84422651927467
64.42916244531244
69.5892820414261
77.55703020650613
81.3236285171282
83.29753980205535
77.53382672089462
82.60497551937922
82.7458442726887
82.36237252325671
82.11906369763129
88.52903967646277
76.68030067834478
57.662396524582874
47.26187077259252
45.551353996269654
44.6597136081015
39.42164608504471
35.79423660871347
32.23700159725225
35.567921080961824
35.53386563259698
35.14470675409942
38.06623596906263
39.20102703619252
44.59667198650882
44.836393821180785
47.84654098660631
50.00073812113007
47.53948416274192
44.24731023518382
47.73087894361658
41.12316870379979
42.740316086764004
49.23155689633906
48.74740246370274
52.16275620843361
52.73094424561919
49.32555770614914
46.72284665178439
45.434280765572595
44.556339615120244
44.70252125751263
46.52340104130132
47.84167163486648
50.102675443163136
51.288193243218096
51.22930762419856
56.21938201928389
49.608069649539885
44.45915878965818
38.85712796663468
37.40441181406793
32.10409643450687
31.254529581163435
40.98085396247909
50.31333529102428
48.52427494821059
53.30905999766645
49.592723888578334
51.40542164346589
47.28997234759093
38.6502385930895
38.75939676099392
30.336705510870452
31.135154548699564
33.981493404602844
38.13669565406375
40.404065980490316
42.442058839187595
41.98886366085712
45.507493442953226
40.643005962988724
34.32661062523453
34.27931415341108
31.7680371407409
30.279894716888794
32.288617931168986
25.64076167865947
42.32351244361691
51.214680486954485
41.03913310816543
49.87781280544072
34.994663542280094
37.96590950474631
42.01726450322861
36.963527508429266
42.601719575632806
41.12205227388057
38.62253499775125
40.36397505629803
37.165759183752115
40.11875226372926
37.85042727185211
34.924621233874674
32.31551649902552
36.28988566745879
36.8412001293557
45.91593044214782
46.90551267922882
46.556472017499324
46.33396546195554
43.13222943508661
46.23573920888082
54.28809775470808
50.18719555992382
40.98397834674758
43.05987109699316
43.4233667166668
44.396897869177636
41.16539300807164
43.454017128107466
40.66772645102801
35.888126272888016
32.53011174340791
32.653660946467305
30.020042315182256
32.04122199807375
31.063669067767538
38.94050030343008
40.96249424229883
42.20052734912283
40.192644746640816
33.5632238397683
32.63692216619925
31.681874284553363
29.450524156564285
39.652026942544914
48.6723172348183
68.82358054565604
79.56055122620194
90.12046277443847
104.00209015794559
124.44103336965402
124.48080029781549
128.82580401203663
124.38294744811267
127.34621166938976
127.55607604608026
129.71111239426935
133.27629494400003
130.76107090537835
132.93837972577708
127.98830155752762
128.26110341983704
120.70825831477833
122.44624787046071
119.40652567429348
116.67158214760916
114.73156973047226
118.06045452382604
121.48205677776929
122.02979276995438
116.5063668784513
115.18938091238908
101.70088756267253
91.34555013515359
85.28772937525889
75.18039372729247
65.89387114486387
53.24774979538503
45.84010332503039
34.36457003028394
34.219986882579654
30.341451736623974
32.91171655533089
33.992740482015606
31.44929701665791
32.77681474349678
33.778961634356605
37.68789730992528
49.93722606510358
51.66954355540818
55.97999461205597
54.43152304969143
42.371026100241586
47.766667589358676
45.84367350784823
60.65628167914812
61.449781096992126
50.85121640158798
41.66847990078398
42.643976470278325
42.371213595210655
40.73825523229209
42.98287679706901
42.15687770591898
40.28483487884443
46.39384568841674
42.68596280585712
41.419580820590625
38.17608634241224
39.72940415040747
39.74892375140971
34.30022134294841
40.212923852740495
38.0184989923818
41.99281979175989
39.63506412870009
39.419952012306794
41.73616469016775
48.361661073903434
49.124497896214834
73.47057143960636
83.70127079607444
91.85812732782213
92.54685546865812
102.86041189627619
108.08286253441243
107.93471667664082
113.68234816015767
112.0213325689611
116.87856345207715
119.69820879047188
121.40264020037877
118.09659098770022
122.52652001271002
124.17353153144614
120.57248536853
127.00179756796788
123.74581968219694
124.36139074194621
123.8052864623122
121.903326431659
119.5800360765258
123.16515468992237
118.43390760748429
98.34095920325008
99.85215706802059
86.232942655943
79.74508592808124
85.25754568741847
68.13989732220156
62.102511993439585
55.35440441207393
61.32271890427149
84.75582638979579
92.27330962658199
104.95628710229809
104.14188944343051
113.8650884869473
124.10557401272682
127.83131549985833
130.93042776606617
134.3474974764757
135.2664592707083
141.10001412159025
137.98945536245165
134.6144893592076
122.98268850134733
104.36778047723173
72.375719390289
68.80621422004369
64.1175797084365
59.08118276348427
61.50248735763904
62.45445417924679
64.77910607286059
60.07788338788852
62.607866812558974
68.67357265690309
68.69749409561429
66.49508338483058
71.80279465767174
74.03135192527184
95.2311576989626
106.97651502756094
113.59026525163026
115.77640608725403
115.02580556619043
118.71317091123869
115.3509560150926
121.90448499676943
124.84989803963849
99.27809360216442
93.57744052560345
94.40781433269247
97.70930243377076
102.73344913966018
103.69564137121799
86.49324780933907
84.98120271449437
84.64647646542466
63.71969330994247
64.16424046559172
83.02699630235553
77.4312099686467
81.77843780409376
88.57924923010381
82.97188415955485
80.87951589876118
97.40162703749539
94.14951156598579
85.75374605511655
73.63559647107797
63.09461698157078
55.3145436825836
66.32837640302796
63.889522507724784
66.54886701650365
66.09140425434188
61.274249069471594
66.91624632765581
70.57914563915854
67.49023950790641
62.84811897333778
66.22132805183372
72.26031852413729
65.0852787250837
63.0195426805486
62.3618488588002
61.139861177159105
61.41854524698112
65.90759378545741
73.1102505479597
77.85749548407038
88.92998290674298
87.05217891311676
74.87988252750351
75.27602672370233
76.6452039971148
77.19839339183036
76.36737129886208
73.06575538959433
78.07352074374714
67.7575681752381
60.75826094839426
57.072992511749334
55.84534278725875
49.96489051621658
56.86616763438168
61.66387471867041
64.90972498270754
68.26326609004374
75.41164580645098
78.70905214754158
76.52940632848734
86.65028684647326
81.20972587449576
95.4799510147702
80.30483732775805
75.31579153958285
85.46763522142459
86.30202501386012
109.56416238871483
118.54142492057194
118.00058862899847
116.04856786821203
120.0403256361945
124.32314847382352
121.00920772273652
112.1263834805
104.1700244304381
101.58966778423257
100.7131502429026
94.11660607759919
94.84056452311964
99.49668776632635
91.32833112976708
85.45942394220893
89.27171813891195
87.39916508962055
76.40362082835227
85.19299880549603
80.71668899362137
77.9603945868119
81.32391438754658
73.51443810925768
73.57798806376861
69.0022240738235
58.963649654035535
85.2068614829012
95.96729137294172
109.29181759967469
112.09328176467163
116.08345109780471
128.07434293064298
128.72595343899926
128.0577511257692
130.92240476203236
133.066082644834
134.95377836830207
131.9259884428179
134.49702130362044
135.056040983561
134.3143498709226
140.84049927208784
134.48591460148563
130.31833094886852
128.6017228088884
122.42699514097266
121.56707196672959
104.004263567563
103.29682020979632
97.75869602501649
93.91635459272104
87.86857137071834
90.73089296594816
82.45820035075042
81.5083145040242
68.01597442194011
65.41573016503298
64.20243962878004
69.502229067967
69.78316900419166
70.72973680731222
74.06940442280317
66.20034190734661
67.47160117363751
65.36692314063117
61.31921553186897
55.14790885157462
54.01743258542592
52.561776010304385
49.37619584114807
53.78923655516575
49.38437535987792
52.402337094952095
51.288587139226955
48.774987769862285
45.294050959895216
51.41313335825541
57.55404350035078
72.65008456319484
71.18398591949753
73.5809591422829
72.53857447885838
68.50230778818953
54.78752582487863
57.2261838549601
57.420391444370786
50.469210040573735
52.33607586988537
49.49155246414827
53.229833200496415
48.64888312359431
47.59246510105832
49.83614926828501
47.79893240584156
71.14931038420123
76.38558592128925
70.2529636474672
64.5156034975317
66.60383809736051
63.198239572743034
54.08558724610539
56.43569071725158
59.84869408020147
56.16595548599743
53.479032967042826
53.356587552911144
58.5700679406025
54.021184393009285
58.304854285148984
55.36365683354533
47.73350484211433
45.17829137028468
48.661952137451436
49.18853383506645
52.21808570946993
50.76253642491983
50.61374735844511
49.4578471678549
62.25343777935897
62.866173609847024
60.10225327255115
54.7771547233623
53.028647605156195
54.15181681765816
56.61938062234217
50.881427974896376
49.833552827796964
52.33849605236805
58.731590773999166
57.08066976017528
59.95198523004958
59.491885295933486
59.01737746106489
53.65760522514232
58.82628748770861
61.53640405919901
71.78237631461732
87.1384643545957
89.77330249511587
99.65799501766286
99.87671003133204
106.15365953756141
110.24942258240533
117.47425450510099
119.7444677668976
123.22463223633217
122.65919287950447
123.27727506194724
115.25206394640168
117.06001478911644
108.04188547400828
104.68753059762832
100.59286094481658
96.32810385203635
99.04516143969973
95.26486467964956
92.56031085572953
90.68385685740928
85.4667295229779
78.73205398432349
73.78126112395255
64.81638936236949
61.02829016289717
54.43009137066479
54.620599323698656
56.7820260007749
57.8389874249018
64.50843413963159
68.56573199764769
76.64964148753133
76.76000063460135
78.43651475939512
73.29929229201261
78.82355300979677
74.58385134019713
63.276671059210074
56.70931311876133
54.077317831077984
50.3235103975637
47.054426613798135
46.250599955034076
46.90628433827991
37.5089825305053
38.940592674707794
33.59796077065183
31.77185107785767
31.651651057235714
29.654258711039066
30.837347236069007
38.9859953065236
38.07592235688836
45.31809056955597
50.65925764212274
58.30721432134999
64.73808238391513
63.295291832201634
61.50500346165565
65.9164334105119
66.84282048113991
60.15718431772343
55.26638210140507
51.0705044773606
49.97264668233803
45.74702140331659
47.399788201583085
46.82967895431311
47.23938964302261
53.211242918946695
50.11599719765824
45.424903966172394
42.90903685171171
39.52787992699329
34.88283670214047
39.09449371227121
39.22158732652023
37.89585319117969
40.116335465035256
40.26900827416637
49.4656886891742
52.52386101470906
51.456705375382526
54.458056962881905
49.96825802272758
50.710814585638445
44.71089541965037
46.48210866893168
54.691761139664656
58.31249608965785
60.06835720165747
54.68812439242899
69.92395207647274
67.66843501105808
69.77883634931729
77.46959403333675
79.55634764415137
86.64428414867012
91.17664330017813
92.06328620290249
94.45409870942518
108.95082165481367
121.45084652063443
123.35381917356534
128.9046961625318
129.48137986953037
130.3627955833306
133.1208511651389
132.43069293297333
133.0740907292132
133.1309206976273
132.88829464614946
131.88267692078807
129.48911018853323
130.18036954120987
127.79579031999724
114.47520215163354
113.34867142150652
106.09946917650917
106.89600965767306
102.06657561345345
105.40117659528366
106.7410234052425
101.81317347221739
102.74711382825299
98.03377262584152
102.43766453243377
93.33958123900366
88.2189109148986
82.86681273566565
77.60050602519628
74.75563341686826
71.47409200160294
66.34069775031314
59.089454463217756
55.73064493641351
49.98249337894475
50.92957153471306
48.41000741191118
47.34474895463089
47.612234722714504
50.676574065693764
52.90021281939318
55.636548991144764
55.817729463637214
54.17065597910973
49.04111548337553
48.21570308957096
51.12218270456308
48.642495501800376
43.34686626528087
48.23846150430976
50.53752415440027
55.911916105942794
56.34320070429841
59.011525611711775
53.96626527118017
48.815513519074955
50.67927578281455
44.6331501891532
47.01464103142206
55.90255494989166
55.29727720172762
61.098681227457014
65.34197230507725
67.8936001216098
62.34940817654693
60.75503197083291
51.01540130386202
51.047576011265804
52.13761080374446
54.424230036668625
65.4415392794405
71.29301397008962
74.69354597144117
74.17495187609637
72.54651489438908
75.24845278317025
73.10155615838758
71.70468956265502
65.77563381332833
62.56988331707465
64.37784659859473
63.40043514861928
65.73093873946164
72.20123981341465
71.69289847608422
76.91162042082229
71.55344327522361
68.91976625549609
65.89503844958676
58.885518105198656
52.46284602369229
55.89116758411772
52.50101152560561
55.76103396919009
63.76492321940867
67.87280731009373
66.81623414844815
64.62241607457541
59.104133178803224
56.005248411672845
52.77401324223987
43.038468776711724
50.88692119677817
46.23970180495306
48.73622242085654
41.2179070148298
38.34409126876575
38.28144716476911
34.4709159193318
34.946954857624654
35.59343530033112
41.58830728589627
54.40149021461691
60.61039240925478
65.34828892042846
64.4621464854912
62.7110433123034
59.507291609306556
56.70264116585
67.34569918530246
69.45179567434924
70.99232729850995
66.55685729357144
64.02404325529768
65.66386850412556
61.51673218373756
54.99780189648021
51.028764915889795
49.07161988754164
50.173460726283366
47.832848723328624
48.718642123076734
52.84143103310487
50.14015936221037
49.33942512311913
48.865278484732855
53.777244596041285
49.14306723985156
45.4366295225384
36.9595233052288
39.29625978375052
38.61407563421047
44.046842623244316
60.432503697272374
75.81258372151035
88.31485131078861
93.4620021622166
105.99738537004299
119.08705514659381
128.5111697496429
133.26256212289528
131.81409654458398
130.8674315668896
133.53701939888947
133.56161548945238
135.85157559026092
133.5892627370402
133.33593829502917
130.5221082239377
130.0827228642032
122.7283169548356
123.50232613161592
119.4131725545289
121.00699233967951
119.07360287907052
121.64159407943863
130.54095744639108
130.52829485737445
128.76246675022847
125.09598323562017
105.43929522512911
92.07714431033234
81.44024997941607
82.95558237712704
79.02355365403268
88.83355939994796
95.79670653344013
104.79813970538481
107.93009164519712
114.01196488221481
118.81287521335187
117.16415577745434
130.51213084096588
128.3655193665447
125.55809069596285
118.48366412749375
121.17431921509849
115.7661934551426
115.55210441315562
107.18690058697926
97.40009455363024
95.12462750254018
90.33175999001165
95.68104624211594
100.07206762212002
104.72766501924582
109.9195766514308
107.1153842193811
103.90609167271573
103.0736803645192
97.6865483592818
93.02925592063647
86.53974528470994
85.02679798074442
81.1874697373659
79.77443661802033
69.19890115857875
64.73327326109116
59.502036218097416
47.97754129441848
45.6353460647909
44.60850007711899
41.62870497381917
44.741211683864755
62.081127528844185
66.30849834778637
64.262920807717
61.45855758549688
52.71354062900131
52.0321912673277
51.470052101590944
52.91712827408597
59.07092772884542
68.45726820196177
64.18307792207582
65.244296459106
58.78112140446605
68.60725554105814
70.8880546576177
76.40189654296753
61.63298540059409
66.55119919250667
67.72257311374214
66.56881109666192
62.87029493119579
71.40570835168339
70.37053010550018
69.65935410165959
76.81530261082507
84.6879594523347
87.74201563768742
81.95841371859748
86.37013785222155
81.16406224075223
79.05465105057884
84.67907571336958
82.05315991631892
79.41182845942645
82.06684045578369
74.61484460493968
74.91737205692013
72.03286343053612
69.74218136977697
71.08949899010662
69.71576716760605
62.277778275114265
63.231210266405
63.77143350587957
65.06764348406746
74.66225100296977
81.56547295119418
89.45334429300479
84.55013140259787
84.34835624934516
86.59289376662568
93.61408705209034
93.45970901299445
89.49559313904528
88.4054199023311
87.16575350111832
82.59924165766382
80.45643650411021
82.16846309827018
82.97986408212539
82.73187636302849
78.14123732818054
79.5764534830694
77.25726637509355
76.61540479657381
70.76473700747997
72.12406626270298
69.68128049399523
63.893437861936704
62.46884900641714
57.28992492402919
57.57771827841473
60.63750212270458
54.77085449951963
50.41100861402433
46.400547240641586
45.77452584838706
42.73090542742845
38.58531523442749
38.3039764133524
38.825049643778456
33.54817325612998
33.35285196820619
29.32723588614667
33.836466292591346
35.11145831041327
36.84835324302687
38.626206072041796
36.31530060820755
35.61215441122741
30.762755115118335
31.396860736373707
32.082904048994116
33.428216497541534
40.144041894152714
45.4940247714256
39.58104140481945
45.49268874707021
40.71897300531192
49.629714590928465
51.845390658722046
48.45385961359519
47.22734581573492
47.30715243510954
43.460913692208905
39.782132501034354
39.26671695840341
46.78136398138328
46.32565584466462
52.5417432148246
49.38047019204441
52.930551774810425
58.8708655226634
67.74392507168233
65.02456906790958
79.7194315619449
91.1564701039095
90.63316245827293
92.54113018291638
89.39751050323966
87.7706024723142
82.77848802192213
78.85375358541567
78.34674153820222
72.93788135670816
71.75037335086995
73.82177243019821
72.02129371447325
73.32539346692988
72.19504355754714
72.18948019454145
73.62616058093336
77.48721061786172
77.57480695079236
88.57529760123377
88.75546941979789
80.18922951530813
77.019880642767
74.24163310799631
70.2742541038416
75.82122697625603
74.25233675980816
72.11494809044899
69.06891660584748
70.88955278360942
77.50455316044423
91.29837213249556
96.06716025518266
100.78645764650726
104.69972867587367
101.14385340730047
109.03224542797776
113.3759414900424
117.87470536107779
121.32261114469627
120.9832081060663
122.96972664120953
119.68307558149736
108.42373020356206
111.38986343158204
104.98589170187823
102.41110226047716
102.52641779471381
103.43806083253982
107.12044056924998
105.62089267769605
101.83014880795324
110.08159114544398
109.10887681903485
98.60750975736397
104.27771951254812
92.40477204959019
91.90290134807037
93.50670792499263
89.28950882232246
85.7533667922324
87.07074857464235
85.72752168411921
93.32841632723003
92.43737197424615
96.13751800070152
100.74413052075472
104.64108703508066
110.88651148586509
107.79845710462527
110.96039211537862
114.71747817202493
117.03127973526915
123.0209989931374
128.53896769136466
130.38052867876743
129.7373318217876
123.58028650215519
125.61626939665221
130.5348550199404
129.65285257594036
130.70153259943046
121.56722828648842
106.5901577249283
109.81014979247955
98.46177031730527
97.92444285571727
106.65941843693068
106.31459414095336
100.31426058373386
101.14607324721453
97.04527617061477
99.31097120819281
89.20645050925111
89.39123907873902
85.77933602463956
83.71751603075305
79.18234505589903
72.31930785770098
67.18005949377184
65.28236580691511
61.51853887785843
54.42661073049032
52.93093270045726
48.7567048361106
45.3290837809621
42.25760004098281
42.374603590930434
40.55593449552246
38.093323805096475
37.193444306132314
42.48922739871347
44.25020763929894
47.14674677960182
48.92412124943886
49.29580506543928
44.539398138469416
46.40163658500124
47.091286411151735
54.090562816155696
50.788264042491875
56.066411428636776
54.98974665830204
59.11358877338026
63.04112539067568
71.65823277813148
74.0174589291625
79.07602747560776
80.92817737337833
85.26508466496793
83.47536856350166
81.3804088291243
76.59317826684727
86.71017134722666
89.04200457734638
82.33708836149943
91.32472200836571
92.40107772422019
92.76227336072928
94.70373953537629
93.72709599118828
93.43791261104512
100.41832407278228
99.7452044278547
97.07416877889642
96.94757834626492
96.36193611587063
93.12300173884684
86.71337079538306
86.16129800522992
80.38525006735348
80.69683429101953
78.4313338726766
82.11515058817945
82.49514958188016
81.89995309663234
78.84621069757567
80.88605906872513
78.47009713201584
81.48284212207717
66.99888899399025
68.56765445772244
60.05638266429368
61.765614068829365
59.741890544856986
54.998840013893506
53.901993069713434
56.79735720653488
50.430912184610044
54.06312582000888
52.876809234478756
56.47035661141438
56.8543481256861
50.205683674568476
45.5810159685968
52.924041502525846
48.604725655200774
53.7371832848909
51.77593488591028
49.34582207322584
47.66379604872339
50.671015793282784
50.70404548901043
58.750998692017646
60.87919801218513
65.5447077010687
62.467397091961544
67.11486747290921
76.38108993724707
63.02044324029845
63.37256582794655
58.52448642684503
60.76025112199843
53.89504854459678
55.49233252767634
59.86890922769357
51.297488610342874
46.406488879394075
48.12545534009496
41.55236211474797
44.83214589284759
57.64010642264592
55.78896319749608
62.26784942924937
65.10708863383583
67.56635833033774
68.67615359580454
67.45682994479398
67.58471978372094
76.18659815756209
78.68329444884769
84.48848845661283
82.10646662825188
84.41373863489738
83.77463574887288
92.88973351701156
94.83612016235317
102.74305137092283
105.59225661048458
110.09278908819837
113.96977757274969
113.7542191327464
110.74942564934275
117.52102471237349
113.92476833398756
118.8524222012038
117.10236582687021
113.17390262358076
102.85453048572377
99.88328425868016
96.83293678127669
97.08089182038687
92.7627195490888
90.59393645979368
85.32455918726605
84.45590720124848
81.0343219485059
80.97296631284946
78.74167344895464
76.00198382979904
75.07380998824338
71.92880024251497
71.67548555119512
66.27321718241389
68.35303872506641
70.15169890564822
80.09106234412504
78.77321433371917
72.32874356442245
70.70360522857293
60.84964186663338
64.01125178548267
65.14265396094699
65.91400379015639
65.42752010356307
67.16749677510892
67.20781526975598
67.07771577795047
68.3065560147053
62.40971707010823
65.79588432103589
58.919629556476664
53.692808583223865
54.38722150995546
53.30135523927154
51.72723504271215
49.92159766812396
48.93226162988827
54.69861569170875
60.963768993669724
74.80403778310021
80.9315993978637
88.75722743369165
89.38024653820145
86.52975002436061
82.323700957137
75.50178809397177
66.91468342727723
60.26447621016484
69.48083505695521
68.72492078373745
77.54496706621337
75.8463174084277
72.19417552651662
72.58675760330954
72.02361848940855
64.35573667565808
63.25295340563948
58.82836302055204
58.328130930894
57.40514744873357
63.72748199262181
69.09796186949241
75.2884397730675
87.5561328138465
95.61110259024578
98.68771060930818
97.75295998153197
95.59057978666006
92.7625141913029
88.14517594871313
85.77703697709723
79.61894493794526
75.1046732439298
77.67085627948548
75.88815857318515
78.11725593468681
78.3853849227617
78.0880658929271
71.10088073562679
75.32540285849389
76.76733034275071
75.03881531474325
70.18367198079822
67.33685998607936
70.0869797227513
70.6975190200881
77.30177051924842
90.30892836500118
97.16429814734173
96.59639488129949
93.96529206900684
88.07557539397364
83.5346693724585
99.00249709971236
95.94757198577567
91.60688959390063
85.87374823003336
89.45226843578618
91.52751241380412
88.7159457654185
86.30529579458792
87.42319666406378
87.02954315227717
88.94519806122405
92.99471126135052
90.97488557485214
89.2349782059423
89.94404250573047
85.72325589059749
88.17396147591339
78.85067136301694
78.55849464138173
78.61442404628274
79.59992167554482
74.97881922888052
80.10721988457415
78.9604887285085
89.2477483106491
93.70648352146497
89.51503076773028
102.79634468726293
103.71064578630283
104.95674133029564
99.33570736638629
100.4555584728342
101.98025396043266
99.7911876814313
99.86398486335608
94.06758377624286
85.26907943305524
77.59616663773379
74.70853318048725
82.04457809759955
83.65655833994978
85.27951386764651
94.60438699749369
92.53859540019239
102.34111157741701
113.32171934573974
115.26111705818474
116.14551424718994
105.62400083222323
100.13502796078737
98.54286247095449
91.03801245476913
90.38435067393222
85.43870155493109
83.57337829540484
79.32815707945423
79.78536933826138
79.9286408284287
81.04421844020406
77.56033507862763
77.92962740571036
77.91181256947394
79.84516906689178
74.51956351339823
74.83409977162047
72.82307976342246
77.54494345873542
78.91464646166844
83.70686817122856
86.64595015490322
95.0234717051455
110.23538164794316
117.5817694348783
122.30907578895803
118.82605782230215
131.364507034675
130.50197978221513
138.68018273743007
139.90400011639267
141.09062300989083
139.66117899498784
139.4142668718988
140.55519156486918
141.53993289320564
142.03310793273403
139.1725395063322
134.57458305121187
135.07040096639
134.98372050400963
136.07436257886715
128.78114002483252
124.72274762287775
122.37966174100383
110.34134156270879
95.047739116195
90.88245242633184
91.82775014303564
85.96083387269115
84.65229981625953
80.6556012513713
81.09400710961623
77.07833739197973
79.11263591012789
79.75901287846266
78.91539727619224
81.81572364342313
70.41115397795767
67.26739590757654
70.2627946906343
74.87304431173266
81.44921359716848
90.187854937992
93.51359393467416
90.05463092283857
76.69969515967242
86.3114018470961
82.10119582811075
90.72746158522885
90.52382021412816
104.43119568217062
96.85950999761629
96.32124171561637
94.90224665705192
107.72339289563476
100.15102757801056
104.11413120496
108.39180659293754
110.53172198526282
99.98916342759254
95.35950601128465
83.81227169760011
73.16271176711398
65.21335711184325
65.39957845695095
55.291527831242234
52.979872159661376
51.33469299520102
51.26497580355763
60.84140239938274
78.38136061945015
87.04665706884336
90.54201369027332
87.34059705745184
84.55705131582515
90.27946664900021
87.07643572024746
82.75900705364573
91.56255708868922
82.88590234026498
84.88495592249267
81.14749413643644
87.19182028174112
85.66495660519854
85.74262107567557
75.3320943465456
70.44206410405967
71.5501329799112
66.93250535383424
70.02437794753152
62.334245747752064
58.99310328720698
54.98761597352241
56.090833061152715
52.52530689532902
49.38192340904698
44.19884940438159
42.56498266391115
43.64559880668356
43.31463180986128
50.49512561621866
55.401867659897235
55.32375487586526
55.258124556475394
51.72552545445693
47.10325888522923
48.24041642816125
44.57344145119564
53.13670003200985
55.96355706766437
72.23430858098659
77.61230697544893
86.84563800257224
102.00386466186137
112.92884734988372
113.0618025953944
122.10721347998054
110.25280606408137
113.05580086978372
109.64338272720876
98.16165985113558
109.13735591681171
106.07675547004992
105.503074577775
107.64897292768961
112.22162565170446
118.70495898625138
109.8885624951732
112.30134192317195
115.47552335896873
112.84844681987617
107.98249241308562
118.27281277777561
108.7668202830262
117.7932134842835
115.57426196490341
105.70346896159839
104.02330069923892
104.03359429090075
92.17074166008162
78.95463531307982
69.62678745784714
60.39544531321021
55.4901235977689
45.5000245319681
50.071655496554534
48.7632493153057
54.82816142596562
60.8177009571355
64.59976705463755
68.14826466746754
65.5377969207108
72.48774116789104
67.96514336256405
68.85518924098412
69.19112691603003
74.27460805839875
73.56471823478755
77.9217381743596
77.1462392717797
79.75988914880006
85.40099460991873
81.7751563101003
86.23601861266536
83.96808470817113
84.98183736679655
76.9424527028382
77.98046006260712
70.17031464710104
60.164544623770084
56.34042713611839
56.219061534857126
60.11911624113468
59.27971750273248
62.82813630976236
64.11042811124501
67.4312529384983
68.19343766449182
73.40935230219893
79.46848042666544
83.74640798463005
88.11685358927546
97.47687942831577
108.37751046223711
117.54082757600095
123.27474653372799
125.51532979075427
129.04178057674048
125.14480817895674
123.25924200693501
129.95359114111747
128.5728565968698
125.27945615222349
119.84999934433776
118.38164165449463
112.6119593735962
107.29743181223402
104.3255991391072
108.14430744649381
105.58354354313786
111.65958461334989
102.88656465051515
105.78039338733535
103.49961263425197
94.06001910531428
91.78671444452398
82.61549945860656
82.9162940141481
75.40279347360843
77.91291096997358
70.27710567749887
73.85451253674873
69.2813025209205
63.46775991992935
59.09212131695257
54.98817054065756
53.50405869603342
58.54096254450654
59.59452692833668
59.66290662960808
61.785530566061986
60.034360885160616
60.78681828900694
50.889751271358435
51.00240868146499
47.13588233760637
41.32700112584999
41.77361073991194
46.93940507039126
56.21812883617628
63.45729677315777
71.25772975967102
74.52784840700068
79.99261002821855
80.47890559150355
82.32844000861307
74.7085738955173
77.1726101424201
77.97780203613873
82.34680559599138
84.50383278111417
86.37968720748788
94.1882100761497
95.64347789646956
96.99050262484377
95.86524780732017
89.36194447732277
86.17157097080265
85.16023189956502
84.01132526935723
90.94425737901989
85.89778370697373
98.00564833112817
97.80224322463725
98.50505640774784
102.10108044009489
99.06492154853127
91.75177300167566
97.31291442424553
96.67910710755528
90.03177011628918
94.21613995251127
90.95075014816877
91.56863363638892
79.79429256069274
82.16943608262648
91.95787074545295
89.16543465778777
79.9811485590607
71.68701881952526
73.80608668842108
65.95316762631091
77.28201520285491
77.10230414306609
80.60071722721051
87.44023589163287
94.98574776112396
101.36918672476423
99.86072912265855
97.50515957123271
90.23498942184364
83.89214481314761
70.97568759794021
66.06537544352007
58.19736881627708
55.96393620960517
49.68298139696538
67.2087302398091
64.7474697262643
64.94324571472946
61.95345918650764
67.73698770327059
66.1115713900622
77.62046330539853
89.5098924651838
89.25561330395065
90.14833231771559
94.51778725771194
102.11762676929114
106.45174124449906
106.66836787804345
113.74118299136086
124.8341484914084
123.16344531765677
118.39910283235693
116.92370164013252
120.74622679043797
109.73846975912835
105.48642888972331
96.9096993961716
100.75850425181233
84.50373757452984
78.45449417675086
73.86495246189183
64.4161003216931
60.28016754120328
52.72423649708612
55.45128576689875
57.27640015035792
55.86802518551515
58.405167145632696
58.697379491108855
56.97837783518431
49.995370428575804
50.57936638479079
44.52830065965483
46.74588333680036
49.95682566569963
52.214892422447264
58.40671074785008
58.002472381505484
51.79622012532977
50.17950812628367
45.15441988967656
47.845039220822
47.161912804161304
43.69282200240316
47.41157136145917
45.1102481793933
49.19981779398145
49.73914650515415
56.135230079467696
59.429700143296294
61.17768430610303
69.39292503105274
70.52220966952348
66.13366609072892
61.82959451298555
52.37279721629752
55.65036173991373
51.82841628142047
51.70475487427739
50.01859915646066
50.114056735637746
55.81408416004441
50.833084112502604
50.82397876913053
48.04858176854705
47.51227295082824
44.79253335981236
40.94626954799417
43.79435139890375
46.05937402857105
53.70888959588493
59.70610272201088
63.51505358533693
61.76298396844368
69.55907322937648
65.09803191826559
66.79836146397226
70.77552079575764
79.93604434709529
82.02059632764058
87.27270703062543
100.2828878196207
100.95613557287047
100.05229922705308
102.41819301926125
101.47988705598519
105.96523092197481
110.38835351781388
114.7066568028526
121.6152468942423
115.48330505725508
122.8642989350121
118.47407730970137
113.12156722686994
107.69179877405
104.09372209035794
98.126078599115
94.70981327306386
89.236071720514
85.62078917582386
81.45701061620213
78.64378186142577
89.78861146220373
89.41192927720829
89.75220236565734
88.83826530430521
89.25245482081921
90.24306619082822
91.13160496610733
90.51465062879232
91.48247696592891
89.55001141241135
89.12500269476999
92.99547429662567
94.67787705600755
100.4518365685104
105.09660107000244
106.44848306479388
111.87589857422779
114.12701493287348
109.58785824159536
94.81917453711917
81.75178566210957
81.20937166672817
71.26631620229828
59.08821654018352
90.06988457191451
91.6777911148625
94.26247081027275
88.32103230716844
93.43096364671888
86.65669852092914
76.96572358790024
78.50591111654772
69.12315096076735
68.56774984630339
74.79393595126976
66.70109443017442
73.12408008374766
76.02701307295168
72.45751981095799
66.95623146865651
59.71577660742251
58.603369344879475
60.960593340634446
73.42021871656316
67.73739362259474
77.02587877043655
71.88866611212067
67.7190319754011
66.1762575937123
69.15640644764719
65.65586597044009
59.743835763133916
61.89268107747678
53.09701401914828
45.6163496470338
49.26772919452202
54.2920975383273
53.560742450525595
62.398035224787066
54.835986168268334
56.38642973765401
45.863867156208904
56.969408562614234
54.157289566460975
61.45131679228815
56.26574512927127
55.287460658054904
51.2899263694232
48.97106973642545
44.18272562679198
44.11425902029654
41.929648769725766
42.308486857903745
40.01246832944073
39.27933575477896
38.61547104442064
33.79250929048727
32.54537586887206
33.099917802698336
34.349816783428565
32.2012851060675
39.95896702464263
53.12978048081327
52.907470101824174
50.928357458928254
46.116023467758595
43.64118995247733
39.13231726438981
37.82436127353915
42.29313721723556
42.77375317374393
37.25101292084604
35.81421869206357
42.833557328654145
49.73167693053436
52.79450731434371
53.252135590370116
54.69775785831612
50.37968391476982
42.27551380815167
37.710224757206035
31.6816336936627
25.091685126049306
24.370606811481686
26.02114185333492
28.655291411041286
46.68224389939974
49.873301903569214
48.5741806140833
42.30622402131811
42.11002359916821
33.694755594285695
33.829246881558284
37.03828389332233
34.96275083293951
32.37322129732078
27.375727347537854
28.52484343709885
33.663692636039784
39.952245254546476
42.68305124472243
43.42474290452281
41.334437336571185
37.89839958835352
35.91288424480482
30.985846727574387
29.226717148333073
26.282254861233408
29.272455372195086
35.84419413509532
40.26589622852347
40.31875278966032
43.99723803543633
42.49678559977202
39.30163018705578
39.1812739406233
38.87376005585718
43.693029639051105
39.197152737170434
32.738011101486535
30.893823276384293
28.39759532479343
36.970859064288945
45.411636759546326
51.63757740953213
57.13534734043634
55.59336273807438
50.83893786891909
49.012289048371834
39.48745265979242
36.96619677065655
32.41520388246093
34.70836864661426
38.34502157356386
49.48579833402008
47.89585374212244
47.91932471975963
44.20999270997188
43.94882898080053
43.298330587030584
40.699562782162
45.67928750896442
44.66149183307832
39.76160667124979
36.72628501675559
32.22380419024672
35.05142054379959
42.269350299062175
50.87331060339834
53.27329811041024
49.63735680424554
39.917680275811854
36.26903926552762
31.90137251220066
26.385584922184982
28.295142606562667
32.62958863140643
34.844666629703795
45.716494047910594
46.27129388654626
61.06029273823678
64.98519922161506
77.7146958876717
72.89681834888398
75.35414780359024
74.53052551194443
74.20738579074002
65.83819106196806
72.88402796467228
82.63001251036906
99.97795440212022
104.10352323756469
106.24705354801426
106.87068637030067
106.46841757194422
105.29376280596533
104.84353391804609
97.20554640307418
92.60893470620472
89.2157822325963
95.79281821552051
98.12949729797703
96.61229219941467
88.88581568194779
93.3453897372498
81.85660596027051
77.99249199597583
88.3892148088399
86.97652429094255
90.03945437741527
79.2499028128185
72.30047797523899
76.10382067180645
72.20960934919877
64.6160506606317
63.08775407037138
63.44004252063215
57.21014700575542
52.17612986351506
42.38979759734123
32.47374305190976
31.198186693868795
38.356860649153894
40.78238129697838
48.649611017919256
52.04641157182514
57.3150328655801
63.38058812141922
69.83042368891132
81.77692731956452
93.33974715285798
103.02548412266628
110.76588595428721
102.57464733247421
96.00095554905559
90.18114140085675
84.80814260006288
90.6477348302269
88.95118903985056
94.38395245380633
93.68272827144152
92.91441340024348
96.61709505794599
96.2614457135923
97.98960096289046
99.23974187508549
99.73256486650145
103.5349147825415
106.42293406569857
108.94988465255142
111.0521200326508
108.62378623124545
105.12954705115727
98.65637057851224
97.09893039420012
96.16013008198472
89.94940654442209
69.80355506478095
54.82357401387992
43.43014795425903
39.28100254132433
32.004099067794925
32.65818619700719
38.09290864066573
40.51579980965474
44.0507966943575
45.59482311687756
45.98877350919731
43.63755769982626
41.1357177391594
38.67207242547368
34.68248607777593
34.9243408661953
28.61831548101878
33.577823883507385
69.11979375594687
79.69197100346106
81.14756153362553
73.44845177897223
56.56182672395973
44.48455170083989
38.990500558146074
45.813772504285424
53.25852842852345
58.76244261978676
53.190413034744346
48.00447451441911
47.67098890223759
48.561472049798965
47.64128361381403
43.561784497745265
42.162627194344175
41.53556972216594
35.44579387642127
32.99764396284743
35.85442212136171
30.744722905443222
31.493020125512036
40.03966117628719
48.11665795851214
52.02286839133138
68.60828252103715
73.92618196314548
85.0317051441699
94.9072874389333
95.09460263097647
91.09370798573946
92.18428909103693
88.69868276450238
91.33160975676228
92.63709519902207
100.14421547868771
98.03301730802997
95.88712631310057
97.1802545271161
100.39843513968161
98.4186228677157
98.32085671246071
103.13634965034461
105.20621622576003
103.44690226244562
102.83986434003423
108.26598907214228
109.23441842074259
113.50271382933633
118.54304992480085
120.17512791126512
114.83383216464655
118.82811410116084
103.28647276648188
103.2423227807007
102.4074393748056
107.53430164287141
110.16552522480941
104.27069464141356
96.85084887119913
87.36155953588403
76.74195126325027
72.86095338085812
61.090918058791786
56.767022819569966
48.99684161563866
48.67478205694827
44.64073267801758
44.29163092704683
43.58471921363844
39.74222046619284
39.10596799029958
37.91246331210375
44.1815446987623
48.08753264201202
52.95380185481953
63.55150327636473
77.16480556360145
83.9894315590025
84.2038864560819
85.47650030066202
87.65070865321889
87.03885834673642
74.9650640702376
74.06628619037576
59.32899244122803
61.60716690772813
57.38889540945035
64.15784301591165
64.39453333881086
57.14752766351429
63.86992665154303
63.41844002419839
52.26217267835482
51.937321609408365
68.67099717191549
77.3538217426247
115.71224945360782
109.1498981812049
104.20771667493179
98.26886267992603
95.53666270102502
96.91065616936729
98.7049976289524
105.54037365887837
101.14523525783162
94.49246892132818
87.1909667634992
95.12403132016455
98.25500296292343
90.6642139551101
87.53950955968759
84.32083746693945
79.95324312891822
84.51691753774371
78.32491313053262
87.35029502022759
88.40420504523134
99.64714966834397
101.27767288388024
101.39048968400411
104.14743727123509
106.51300165891494
98.61938133386867
98.78992942119699
96.18027674846675
90.33691887170104
90.57051415814433
83.78621447749083
85.79433723919486
93.8066500306473
95.69163219248952
92.21181964217664
88.00612683852019
89.76893900995648
93.35082004181747
92.15315890966677
93.0413445988844
95.36335286951655
97.90760392912108
107.042596921405
108.14836848240292
108.68944402476909
107.75643053505644
98.04110342037312
104.55277553264771
93.87427990341081
95.15025058472568
86.38686851294045
94.53221275838001
89.61520698131362
106.5355700833464
104.5326722271596
102.02099682943692
97.60193448204348
88.11426803157947
84.28521711799593
75.65311863004341
74.8757400030558
71.47287461040888
80.54027121422152
88.59253586016136
82.32778700302113
91.29304001990477
87.24763847390277
88.2960613539372
89.0687939789719
80.6483572576301
74.85863840879745
70.88491378970454
76.59492223506389
68.0486415232481
72.68562202689975
69.75784646677
55.2120217285519
65.3356967073475
71.38732393514496
66.92605209205632
73.76618928355842
62.01958808182124
73.51146601181128
