90.80328126739326
99.76519169560014
100.414593065057
115.28563842794189
100.49295102668056
92.24172302039089
107.81705007351984
109.40529691690574
113.75460158075505
105.55022633642366
101.30844531767562
97.46072041558624
102.12490524354982
109.93657000493312
106.50866140003968
94.69664900622499
106.15156537802238
105.60188839273945
103.1638984765827
100.91633467149377
93.60603279104033
93.14214612366203
94.70837193347624
90.69357366357414
93.75558138559458
98.39181500785433
105.6193146823173
100.17152893454873
95.61523975158721
94.00576447564194
91.1980653455414
96.86589071373098
99.78362241976241
97.84435999658531
92.82274538975014
92.03448067395699
87.9365439994912
94.20673200404296
86.72323696093187
87.08092877998187
94.73543834894572
96.46799384352298
96.30196190561266
89.92828553630041
92.75836216792874
100.68920813206529
94.78437852958547
99.13242675503038
91.19702981209129
95.7754331017907
100.19856539808966
84.5060019432224
86.74073725735892
84.3154681720444
86.96603062880779
86.42603041797908
84.53642170269913
89.9542111039564
90.23978735075285
90.43646502201324
82.91147350064746
86.64406371051764
93.74440461019117
85.87815101498803
83.99284920941602
87.32210432852474
78.76724486316674
81.01446246270989
81.95511558993974
86.76884009998838
91.74227537103987
78.53072747410079
86.16556876039594
79.54337538913268
73.70859087124587
79.8072267118144
79.7558123021715
76.8022383761071
73.08800517443325
71.16953203453932
61.81709245804202
63.445748412676
63.480960599388936
70.98363650018601
78.12176831091456
71.59160337038927
64.25110495908075
61.57840845960149
56.2985132130577
65.88349026980625
57.10355922417848
67.92689430872193
57.72620868358567
57.758330100078425
56.900242797243024
56.08461102458542
52.55273460104817
55.033828127031725
50.81352401077822
46.849305065985675
50.49841417552822
42.01769817749154
39.94491617612265
47.371884771676015
57.561728065484765
61.03751589699685
43.98085394056856
55.1194389076867
40.69638897846612
44.79770030070257
60.58523965688251
64.66658863143176
64.57446498309625
57.92475655205596
48.46458648006205
51.683630134811274
53.90953709562924
50.05670373449749
51.371690084007604
48.384541484526004
43.35848725598989
47.144804178813914
41.61823191184519
40.45361489337553
49.201942627173246
50.286312726597636
39.10287091776851
40.47909912527327
48.773988834498034
40.51783939000102
48.76997477670962
46.30433830256888
58.024452579619805
66.97035380631118
40.1542589012815
37.60851518782658
41.395617739039935
43.69071098510604
38.00629889845454
46.40212701931359
58.045296491697
51.25716054486871
47.64093237073607
54.05436894274713
54.71386268621736
52.8489167579001
55.96200339222822
57.73974677886354
56.96179088857719
52.49343939563334
51.41847208864645
46.33968237723185
55.732479745491574
61.09689067877543
60.09541037130179
59.955070423649495
55.390499204354704
53.26925015365278
52.711008078105195
57.41781380643154
58.29609593897056
52.64817780566003
51.82732592915692
56.98255666687357
56.42314856264216
56.21043265714054
61.05935420963122
63.301121547928005
64.78817883766574
60.21048556425216
59.542336148390035
67.3806969761663
65.63124610552939
61.08846805383333
67.85496112559062
69.27064239654449
68.57305482078985
76.91122334580045
67.40093083677054
59.651656457506455
66.38884409458122
71.76841877731552
71.5635825702661
68.76099139289911
67.91097150073679
69.84665650561341
67.05625650699665
63.44540671619561
69.8615053988908
69.42913069347571
73.65359672005088
67.2864765891047
70.11041699279359
68.88985162846176
71.40302936634345
70.38250208163123
71.66793778722148
72.0206941150458
75.89967314115896
72.42773044960099
71.82261752151054
79.39111602030007
76.26393749595825
80.8416060383835
81.65330159924135
77.20652437045771
74.9351178954248
72.26859745267248
78.66426548831814
73.1368059308878
89.29463164178695
85.56487541393741
81.13887929147066
79.3113965870376
71.40060076755488
67.0834387884143
77.9558917392174
80.72390734821661
74.92762715699446
78.91171974563085
70.80673969854585
69.5684249474318
68.15247943085701
76.81802796526905
78.41507075546528
83.29473862840398
68.6394626031657
72.5613709195058
69.93734844750743
74.55990406689727
78.8488143561077
89.64672983903152
76.11122958639672
70.27167276904795
71.24119034093725
70.83760921677195
75.99200991100795
81.6501139826599
80.32644692947703
81.42253278767485
67.06089017297947
68.55638716015034
61.13667921995987
65.33399059208257
78.81428961691144
84.27264886582162
84.04587756849786
70.4966552316542
73.97511148321355
66.6852237450088
72.73915405485529
84.08999178429909
94.56152755518802
90.53141106394203
67.34397098806255
79.25676107991833
76.90148560375555
90.57413770091503
84.41629887595025
97.34899356313416
76.91719430488241
72.09940556899981
94.21379983294631
79.31353134010065
85.37699119579102
87.44190647151913
109.21168895384672
96.9801033112925
91.20366103307525
90.36591322354741
83.2352632834382
74.56243904105881
88.10870609035946
101.59712567817029
100.26261788544006
89.28188424458274
89.18383026595096
80.14011405434462
83.4382944235188
81.19532230395001
99.87022346196726
99.46181648391162
81.06513329253207
81.59925787508483
81.5068556306314
87.40986659457177
84.56875327956838
94.45065058410626
98.40222136735417
89.38672742888598
97.84917683888659
72.88327041189883
84.75997558120133
70.47727659653697
86.33172211510906
83.88477670500815
98.21495615811587
79.69137830941375
87.44301748392316
89.44739855320464
80.91326204911962
82.79000098616652
79.9112803066679
78.18291708637226
80.16316930080869
97.74009488116938
78.9208826007679
84.8783302594815
85.46446548600848
77.83590284602575
79.50285942713818
77.1331714642063
86.76376636891163
72.4091913368051
86.95038965705999
70.52778626093948
73.77636712599146
82.67176867563116
79.4731940783687
81.67180979903316
75.20497395371974
78.58429497646726
81.79500703644814
75.44987772868117
76.49237430784306
79.30827827403911
84.27734670874257
79.50489125558603
82.10636405731259
79.33094852261046
78.83580279203852
81.37686403409249
78.71890047784568
75.09171602201782
73.83808271572865
74.89340442358929
77.45847755290423
71.78009507805542
76.61541708313013
70.86595165517733
76.19470249617177
70.63089965928982
75.70598870851222
70.06264349057084
70.89434886408897
68.16327241144639
69.51471223745673
69.9328237325593
70.91273857437263
78.51790879340234
69.20447768865262
70.1613220006772
75.08758643937853
65.3047161813685
66.65458885613033
64.803174689745
73.15399659764255
81.94608332242491
75.05391775102458
68.94386927582033
65.47636546508899
63.28765540886156
81.39257141157437
77.92280859498422
61.72535305668887
69.209557211237
73.94719409661161
75.23105593817546
80.04379416832401
78.76359418120558
88.81609851077654
72.45173353974506
82.54041790863161
76.04488830683563
77.88053769419678
79.16494102463841
68.24729075831696
66.64243261607758
78.14213152954646
71.51063311650934
74.56445318083782
70.97674061001746
77.67108961842263
78.23687675982103
80.93589114800088
75.418717535928
67.4423252414291
66.5332107767057
74.117814278337
78.84281424564878
74.92131216766195
73.01424201608819
74.3167224306584
76.60909907760849
78.81155597172956
80.59799988495963
71.60416256560305
75.67548998868402
77.03045042761438
79.48945944453699
85.12158567957327
81.70256052153665
77.75304867904323
78.71978674135865
83.57201220902395
81.97480308034618
88.41718099311527
85.53858922464931
83.532612351895
74.16354304465001
88.44636238076515
90.20273759314418
86.08137247369432
84.8701662715702
84.26271934354106
75.21814513818325
83.80910795433238
72.32254096473959
74.14897934194644
81.37817142399896
98.11986568007751
83.70379526998678
76.03375317906314
78.7116117708315
68.63776110918796
82.0968567411745
92.56341529125042
84.24498572344868
89.5212897902174
67.86733811236985
70.00067895580082
70.70865820174393
69.60774988132445
74.29037602619772
90.09842863722245
68.42931379808431
64.09432214502061
74.32474238524065
65.49187111253937
64.86660639405999
79.7383321951769
96.04289424461622
90.76164044361816
72.49228906704855
71.93046706002983
72.56012699756889
68.74777489528286
83.11601536281167
92.26174239501427
77.12893360723324
71.9619001339397
74.2461484749525
88.55059859216374
65.71346919358932
78.43521104991406
95.91231285221102
85.09573532094049
80.64306001337232
69.50051546944151
75.60043968911056
68.78313104348612
83.68290593075086
87.08595099201989
86.11224567662512
80.46607396209174
87.10215062035186
86.1119277680823
93.43911689236326
86.4733269762844
89.02409978158914
92.88105137138741
82.26855659397755
74.93952450507561
89.26866474329525
79.16967764293011
77.31415138038427
83.10036101056858
77.03357466627503
84.2184303804992
83.15015851628156
73.28910363035898
81.5604617082618
78.31380255320005
87.31287559479694
91.80042935345521
85.76970018327069
83.59792770364622
86.25260634578713
92.17560996370594
84.39761173261263
78.57974394004678
79.472283136928
81.37046777531901
79.84557152211303
90.12570531691082
91.23725450891834
90.38133393081061
88.16037290620218
89.84400789159736
86.12325687639863
84.41886125041933
88.72036258803837
93.67013181264004
96.90270619540715
95.87926047456381
94.63932346965997
97.65879643155832
93.04963599247344
92.6487453798174
93.73709824368265
96.63232304131053
94.26891929667289
97.32416403955408
97.58499734878544
81.23739623108948
98.74831499203194
90.24406247363402
92.70496967087031
89.19575019118724
88.55242956121418
93.4735699915774
85.94466405636344
94.08957333802643
90.82580449151982
89.53379015510087
92.12058037109766
101.76101279398418
98.79137217068602
98.05083145653698
99.83554739611563
97.26385463831781
104.66958071264303
98.50542156992829
97.65008286829652
84.64528966469649
109.37292489385234
98.53252223777656
93.30944460556606
93.98526934471863
91.93310279573187
87.46610410459392
91.70074156026311
101.11630391388269
90.65758839092018
91.33003166411196
105.05712815937699
105.89529686816721
88.14720023828671
97.0809189209507
92.68373568471876
83.58402204473818
102.19070609157143
103.96507583448816
102.75081307577308
104.48537598252595
96.62730300647785
98.99619206052081
90.03869876421722
89.81572651459693
101.82556577352551
103.21893527062156
94.59707819693502
95.28517188516611
95.62347469889275
89.26586178864919
92.40431423725845
107.21169829522353
110.37299578488543
93.78439755855806
85.38831911642909
103.55829876281841
87.5141521280455
90.4732390928319
84.15796310378883
98.95104689687317
101.00783404257842
76.79487288447578
89.26654262224615
89.52388284415892
88.42709802590184
98.88254723117748
77.222381082663
91.99096772078106
82.78375142269456
88.71082108446028
96.55063443663227
94.5624692627817
86.29380351994867
82.68190970335502
92.98905177904194
88.4125780320873
87.62977109571166
91.0669459623339
90.74002722884983
89.42127047203076
89.56739003695138
81.43976043651953
90.48937096805683
90.70148995921775
91.30447370568525
93.52100370652109
85.2982898864629
86.39014925004014
88.88798787855988
96.92131367872169
90.08213659472887
93.88818347854243
92.63484825059383
81.87317884540992
80.15992246111391
80.82209306502634
83.33427293317928
87.8766871736509
82.98553764510868
89.79256487413905
90.06717663342506
90.56981402908879
84.2117377159555
87.34925636087651
99.13591684220151
100.75777077519392
96.37568304159069
91.38715194722694
95.0607654179365
96.7739160221022
88.44399580939142
101.68148777700387
96.62807571290261
96.21882509801793
98.60241773543102
90.28151642400474
102.26152517857776
101.78974241547866
108.15708385587925
94.0812111478815
107.6120423141323
94.97155358191783
105.0731668484424
111.28619881508605
105.84154037586195
102.13997367022134
103.22023500510237
99.62910228388768
103.78198832988065
103.58958931604992
91.17013852882793
105.13217736111784
91.78592805700083
98.05358297589876
87.2880574544031
86.85663114107336
85.18717177023025
96.23000285655182
100.65227034393777
89.12539958569276
87.66009884621698
84.1539482845757
84.81693705726501
100.39454378624427
80.02842668124654
92.18471158914937
104.22431431309158
86.0989143805259
91.95357354744458
80.58249072137892
82.94660410858951
93.30573197616631
94.30761092755351
83.07343445092549
79.7981355591771
77.46454925727663
76.02320171560737
76.87696817458956
85.57727251410327
88.26376593974851
71.73962107513248
70.80602913433393
71.45321686425562
77.90372809824645
82.7971041445979
82.99874558345199
83.59893073843774
79.2318578386785
73.74371898274052
67.85120762714743
68.59193801216254
77.09401913508117
67.19500504417597
66.8484327655421
69.0059058124325
63.117724538925934
68.27193871962001
70.56755217533963
68.29333681149373
63.02935264532122
66.13149824309225
63.30644066433112
53.646534391619795
65.72093047843313
62.46197053629638
62.063262355761154
51.407134458477614
54.14453187242604
49.962374813440775
57.343760157150996
56.41145730554233
64.79377088724758
66.77741686051597
56.913898510618175
43.97826213398608
51.90041295555305
49.10298219443496
50.08773045356429
56.17994520873094
57.74129351502407
66.04676127070964
53.29598402496905
54.64406867538146
47.22316318958671
48.51257780740722
49.508335892615
47.69543937857042
50.33955322501694
50.40820783098171
43.47730503285511
44.470235778882824
46.61065259208175
48.60370589746099
56.70332350166491
49.55472560495592
52.1840716212436
42.39043586176734
42.11948030047817
48.81838586416013
57.91670362488045
53.71421954004681
49.614360311091914
54.46029395680063
46.637687143609256
36.978984220502916
50.90683493811919
49.1706813183194
61.322514544099555
56.27606425751099
52.47323755112144
44.79960506765199
63.07595746667756
44.516173228169876
65.24425697178097
65.85559486220406
59.66750050681025
62.21997301601132
66.23208852849164
56.24935023321686
57.486290600158426
56.22325649894875
48.38962999303086
58.22503524030237
60.027822784528475
51.909174318953575
52.409698682814266
48.75689105172475
52.495772675018834
63.58480701320545
59.13992500688956
61.133848132039645
57.23517589935901
56.190854206550696
48.124505941671266
52.7019331194498
48.38734158420721
50.36657714628169
47.94854545807109
63.551226737828515
49.880036882533915
51.463180396771286
60.18009023324046
70.70625566180917
60.208726562747025
51.01810322371372
63.61545930871733
54.07218116550025
49.80158746676737
51.70639968237273
71.37488215777022
53.99588894543212
56.01386511918933
49.75485274662792
55.95592441508768
51.15951368535967
66.71050513484595
73.72150226812221
61.3584349409281
59.47095781313084
65.68964184845716
55.00961231039196
54.499122934598326
61.57080501564483
70.52771562652244
60.415805251549024
67.59104967378744
51.722410681292374
51.37567681131053
55.818435387577146
63.092175564039486
81.12227462320503
54.85265249066738
59.15069376180848
62.389040338032146
63.886687169362716
57.07450197567987
72.24397467370066
77.64707034820889
64.91579789091325
65.82160846112592
67.93500888816318
71.89762532353971
71.53700637370979
87.85581308901904
94.3845116041676
80.23192515987161
74.73803003311508
68.45170749306607
66.23523794994838
74.38700604254853
84.1661587211849
91.42253421167493
77.70869380294873
82.46191565415583
73.47084573740733
67.38185496821421
70.26542696354915
79.60916870897489
76.69116935940691
76.40432793105805
79.63118931400372
77.48612355470205
66.49422125321237
81.53625560811166
81.48331089067136
76.01753911157486
82.70659548473151
74.93562540286915
83.40158365690174
87.0366981878267
76.76923443450987
75.55798959167034
84.75796507656547
86.84530922843132
83.74034809041689
82.86248516619654
69.69042270490287
70.68041708171579
79.08081246039636
83.53915629471264
77.78154492589266
84.30975219456896
86.13936073863115
82.10736735515485
71.09418642818216
86.60351806319973
80.80112166990334
81.27083548019651
96.18345976946279
85.58141453963933
83.8196816014429
76.62552782889024
74.03862662531395
79.70621788747962
81.37656179668036
86.74759153012319
82.34728972900827
88.11517565737465
82.5840810025092
86.50015108985342
85.31776012850703
86.65355512088102
82.16744960639127
85.86978155112256
94.87150406522554
83.90210804112925
92.61225613113243
89.83800956168683
82.46774260498316
82.58401384642185
86.8943373314201
85.75442239252861
83.2515305121072
87.41595743389067
87.0601658332357
85.7752605718924
82.3888705729502
82.85518039075569
81.72764492240324
85.21924169559982
87.83000891850385
81.583735904799
84.92681486737094
83.77166802520317
86.20266636067518
87.67545686843987
88.18509688951579
81.59261677455082
83.64546681462569
86.30643196670866
80.6730763768177
81.3598140117621
84.08053498842908
82.98170882564152
76.33655416655566
78.77508836338745
87.42070282849008
83.0281170577948
80.90952425857044
85.58549189032743
88.40452266546686
83.26383223542271
84.9206062061452
77.70986207504271
81.70142161690889
80.05924847739378
77.5424515462013
76.7193574001525
79.26101917548449
84.12412374582198
78.08454943959958
72.72587711670701
79.43660841217842
74.1272250164351
72.77418985473135
75.5114230426305
84.93599896509619
77.21320441202734
71.77795223444721
75.33894624658346
73.2563874836497
81.40463171357447
79.5599982179312
71.01055266041537
75.12289826391884
80.62350744711767
68.92399170293136
80.24538337473392
70.59251249384423
75.93759140171213
64.48644102584221
73.87451909549978
67.15438629245496
64.00425330880262
58.406502262810854
64.70281672239804
78.68716730643399
75.15609335075908
73.46520830494171
77.69977474384666
77.03313310491876
87.95347967322058
88.23848310294674
83.7781385086577
85.78711061591245
83.22098419271217
76.12311378576243
79.10224699446108
72.54493077690306
79.67166083378144
78.4927497630965
87.15203741671408
77.9481385980505
72.9603909901674
77.35019746437595
68.09100440968703
80.6129008699889
77.24596207467519
83.5406960336603
81.41868790985869
88.9527630214264
78.4919786730651
75.45820601007406
84.0107659832589
79.36662600317955
91.17882675393304
80.85781544266946
77.38390249326106
66.80213831489826
68.73505193444323
70.56598772766749
89.22278985681437
89.0029222023871
75.93715044598339
72.35553540637002
68.76017615946263
60.50333097511144
79.84116356900698
74.73465644324817
82.19962073924063
93.37720784348342
83.39691630042637
75.38306015263021
72.68287830100385
71.08635290004094
79.53493210639255
103.2153114860896
83.3622288243203
84.07659600389655
81.81444705477455
63.165056447679824
64.41498145613018
77.73409752687645
90.47872221639359
86.40173353638744
80.35471400262942
75.75989544134757
70.77224395895367
84.81642011785628
79.80011169248162
85.47828383768407
74.97142549930395
66.21342738819828
64.9274997861636
72.88222877179874
72.01409659165056
71.2804697174223
67.88787738163951
69.99700831841004
77.36496550731074
69.72812020322672
69.8257594431052
78.14042338429198
80.8015714159232
82.04749447060003
94.19555638723956
70.83233062270793
67.53594205818635
71.78312233899995
69.95069096132144
76.34339163697149
90.57792155013658
88.12782150507027
77.35573798677127
71.14791563561853
83.13629009050736
74.45411074304613
76.3271586912075
88.1937236700464
79.75881419900983
74.08030009843228
78.23775931201708
79.58253967076429
81.44034926934474
80.5920155989845
76.50385030027289
82.44453940353996
80.56500843434367
81.35077141861217
85.3283707259843
80.52033889207962
84.75953532839414
95.78863986973633
90.93829968961542
80.82507849925133
93.16704723955652
82.78802423326728
78.42950027768399
85.55913921208696
91.24099597965127
99.6157483599498
89.41108218234699
85.90737389945023
82.12525995321548
80.32540069301363
75.12676745915147
79.71664969036104
88.38153174419479
74.1744265302384
70.78111947829015
82.97067337401724
78.58113408255251
80.96549885087818
70.76453807131142
82.1136155014353
69.80601489448381
83.30977374050616
73.81219079843518
76.86273067331302
76.36100015420203
82.6161305081884
80.57499075561115
70.56914195742003
74.35238948306143
72.19479785497738
70.32669715180272
74.61290533666673
77.3744105524194
73.81345853777503
71.78462875921308
73.54971515078643
68.35389481603337
70.49613352262153
77.02486682652852
76.25502517286797
83.9079149373213
82.21739131782296
77.98169610144011
73.04248364783568
71.0799179416793
73.76367986567247
75.26111282815596
69.01039583773911
76.3721214323849
71.86962873658133
68.02559378755357
75.94320317123902
61.29632200035489
74.58341206305775
78.49442001527625
76.65415172642491
75.0046828929679
74.37351509252225
73.75458984940975
77.56404820092494
88.0151470576032
71.27858745838493
76.86021710752476
73.0651859919101
71.4211112494805
81.06058897990641
74.5148982423165
78.2020703742377
72.4553367733576
68.68550728601998
61.37094454754187
66.31427692557986
77.46637196515194
78.09256479263891
81.82567830692878
79.32942986950576
65.49201748934566
62.13320262980016
88.03193177437167
91.09347987990525
69.16016479262157
85.20728901093726
65.68640969295309
78.61183742464891
60.79538687328675
77.97226068666151
83.55088551617933
78.54340183644474
70.61919765560711
69.07602626006918
72.60083195647485
79.33689187413019
76.45976612819695
66.92806586961517
82.55792120831535
79.87283928716602
81.6868096951134
77.15322828171963
71.25749354518874
69.0443254587706
61.52634227582259
78.77600404833208
87.92936058299966
92.14623889993842
81.02515124690166
82.29998336803042
86.36255604137868
83.20300490201255
88.50273537107213
101.18501239822638
94.86984045621223
94.47309858552944
83.8354173735455
90.51530539290476
93.74604351369966
99.58239919064593
110.44110899992991
104.94265364027962
101.5700970972912
104.85263333578692
89.35259394698663
93.17196609667896
100.39006136826676
110.82231272846145
102.70389370468763
99.77415482233853
95.72631503125577
106.72253332458223
98.14637733536033
100.75606484062206
99.97183858069943
98.78545866129564
92.273363456688
92.57621940478626
87.84004237124354
99.81927474792568
101.27858003363242
96.09827319157505
90.32341595045828
102.89777030604289
96.33393912342353
92.0808079166583
98.41300947877713
93.11207369857196
97.0428093556046
98.89292307452037
94.47336149489156
94.57305852643918
94.15719864135936
90.64694199743387
97.82212257625261
99.3839059597421
97.05986871461319
93.1264990863028
89.45405914748379
92.70917065641335
95.30529669158932
100.69314144218683
95.80971555885777
92.60535496992047
85.37020035248686
98.44386254777652
90.17515018875477
83.43227770477296
95.96872408631202
86.7849207505038
93.93834865118012
95.97531212660495
102.13014743989764
92.98509919972106
91.68871078929062
91.36135501333293
91.60089684996632
98.36904678233817
88.77257982304087
86.44077718394392
92.39230392839454
96.33758781220442
88.45731922903364
88.64296544316329
88.93387465630896
80.95951560604898
83.60062365050645
80.60642271112782
80.44470963917391
79.17494963961492
80.22266306230523
82.0476936073438
82.12281386979343
82.85422571479654
82.18137887120288
85.7281209908912
75.70493144652873
82.13447874815004
80.41266540152267
75.06331094798038
77.90199923478755
79.92485142367441
69.72484909284807
71.6758794793088
59.73907149145945
75.46998255667015
73.80585553577295
63.482231540319525
66.97117204381892
66.26637729828207
72.17119806970709
69.4446142958628
74.26466131736017
63.66282197568097
67.62137078116754
62.85395841022009
68.12014711824514
80.72035615086814
71.29366657749767
65.15236978222988
71.37856883869682
71.6977006170584
68.70485798390591
65.72083307055861
68.70901444088796
76.06758710022912
78.64358331378628
75.25877156987939
80.2827126764769
74.1400631037714
79.22097245287091
83.97870586933816
70.52815029936983
68.8251040993814
74.20906094045505
77.0391326652424
74.83364332705938
69.24026084808555
76.06261349057557
69.17221388536952
66.65875847273774
68.14757844585839
73.25159610874962
68.39802439466816
65.64193810682683
66.5203638645901
71.53074333988357
75.90156753120355
68.21979578929582
81.49400435643659
74.77727014397658
68.44968619876111
69.84351521262289
81.56094073963366
71.47790979943136
73.38302912346856
77.98950763083688
83.06453499232954
77.23208967585502
82.82646480931267
81.05944295373601
79.53151392237194
77.6313656942085
83.15732023613312
86.6177191748576
88.14299768326596
76.1138970542635
84.01850107811097
80.52949502422373
78.93583817920009
74.59556623555085
80.2305806079705
82.76754535671098
82.65631093284154
79.32980084553513
80.94981391034383
84.95836510490979
85.46777525129589
78.65748392732604
79.49146010092895
77.57583157041675
78.37646025221463
75.57593626600479
81.27054438655934
79.11684214851391
77.76187944583995
83.02095854109
81.58347871039658
83.63985417033354
77.89849781544459
73.99688941300586
80.9411061951831
81.18313343177387
75.32054870981298
73.254201333503
80.57624566545586
79.28912979135079
75.36606580719707
82.19494314794606
75.95385688143685
66.67625567276124
72.89029731016932
70.77374494639669
76.69587709810682
66.62803748812819
74.62314694842425
67.48019142339292
75.44010425468487
80.8090691168262
67.62852440212225
69.37334021946147
61.37416995546906
61.01765427340364
54.09033091094451
65.82326494642659
67.56511690499374
68.57544493129699
56.68880126278587
56.1160128572005
70.70554104410498
70.50790236213176
64.3039572110495
73.97940010592372
76.89341654655816
62.61611693249729
70.56565455630925
83.12671674988515
67.90400551385093
70.16691478229474
70.28637294055852
81.97782772822846
75.69408629464019
77.55533841045317
69.70406673738421
69.48741127601467
80.0182746231142
73.03537677579851
81.61019926106056
73.25275161324447
71.19801647310298
72.89474950709229
76.697942297884
78.31747561428257
86.04113513208745
83.40669874718162
79.23542798573132
82.40616810390785
80.03936551450033
84.58924671355362
90.9399074546253
88.96229367330496
82.93483871299719
84.409323704747
85.42821166242845
91.73032334895571
87.05805914701926
95.75229110690756
88.82169533237833
86.19279378924189
97.0037184305785
95.00003352131786
91.69779090162007
93.15185472392926
88.67341114278207
90.63385459084215
87.4231248744857
