99.68323261434205
113.33432531100374
119.83468177833979
127.89038187455489
125.11214642113767
64.11607654243382
76.66144076131708
97.8886548169726
71.54737525179166
68.47987967982856
73.91185512413134
78.69408137635175
73.17816794092577
76.09066011707498
73.6388371722716
74.33280104042284
84.04282464439746
90.84688315353903
105.64223226962986
105.60137603365298
105.30338427189648
103.59709593878058
106.60183367270167
106.8515788236414
100.3230792584064
103.15807913085918
106.315119002266
100.47926614992946
108.91553514341481
109.0601476917024
112.58615796716575
111.10543886599693
107.59385212531596
99.13073533756706
99.50819660474343
95.28708136000559
88.11782186437554
86.73756804100903
85.47665959874513
90.75246904684367
98.37063118608604
100.48520681077507
97.69998992416743
96.95337796267864
75.5880891439139
85.85587191028345
77.82302275877537
86.16890636937002
78.08211669039922
82.06922480566159
64.29901130435289
62.116713796471636
68.79906052446317
71.11342394486354
65.95135762362573
70.78369451888273
75.54992779570486
84.31991041344627
99.98509848580726
102.85710073976261
99.74122652238029
106.81448974787273
110.76882430910983
98.7183320245052
98.23696923572153
106.80786121939795
110.6406379623959
112.88784228076271
111.63664994173517
111.54097128786225
107.74785142168422
103.41075119357147
94.42319889217251
95.9939092073657
92.79264211944047
73.8908783554731
72.85894132148077
71.04551333396586
68.04034381169325
73.04730174352858
73.08312922316571
85.30735239503501
88.03721162851603
88.46864071250113
91.24913265600782
100.84112393811877
103.50803135707855
107.54891834516307
109.59100647306013
117.19629223179906
115.4546567442201
107.48874348184589
95.5013135425758
94.78383877168774
111.22682277846395
105.47748996055749
95.21595973709077
99.76493612960672
102.68963186400468
101.95732952683234
95.77644483744173
87.65991299547515
84.90777469764366
83.99318144406931
89.28930459463207
97.34618807774149
113.13966372949496
118.34534456923953
121.01200491661727
109.54788993125473
98.96863408646153
101.92851680865968
103.93345441085945
110.78760446765159
114.99245504847448
99.93795094613469
103.23769614508022
93.57002773521647
86.03715643519477
77.08526172597267
77.68098142530535
72.05827106420753
67.97301076246778
65.38878695536292
63.11667925807717
60.70180177176073
64.47054671980922
66.713704474142
56.17588789036866
59.10166565623369
70.89235202004953
86.21076207590409
103.74953659114388
103.85425928418529
100.28698083642648
97.85107204764319
93.05417297707187
87.09703294866256
88.76818614587346
88.6028676945961
91.97013109365724
90.56976082568767
85.07888738388876
80.84721939788432
84.46500481211085
84.95606081532777
87.93269781187182
93.00730632744066
98.4185356973085
90.55471255405955
94.26977373374523
105.95454825544726
114.53389198525936
113.10619287339134
116.37828312534059
114.7260671403989
111.92634307957702
91.0943129946528
85.69122422200084
88.95415949444948
91.55915599335616
93.4043836499958
89.52431236048007
95.16675170684412
86.07193622455935
89.47768537171505
66.625648999431
71.38287707275025
67.48538191586948
72.12644889567082
