7.130430595063473, 7.366524329618522, 7.4342569682085005, 8.281466777900336, 8.364667161303293, 8.449716033194273, 8.525158827963857, 8.637254971220758, 8.922737447985181, 8.925118931583008, 2.7834904193878174, 2.7786059379577637
7.039454224277884, 7.2537025555836205, 7.375676578771034, 8.23782247732334, 8.289627728539509, 8.327847521590655, 8.489150132060056, 8.56274177551202, 8.840274383927175, 8.92005681611764, 3.0956780910491943, 3.092902421951294
6.953298443915501, 7.140525230624604, 7.301122793066148, 8.150494600743306, 8.20422088148962, 8.220151229020589, 8.407929752798635, 8.525223342919404, 8.73552847445865, 8.881733051090395, 3.334444522857666, 3.343338966369629
6.822571841151298, 7.039419561677145, 7.244756461974025, 8.086772821698924, 8.104053427332978, 8.139043247166875, 8.385465016710866, 8.494364104523392, 8.666310909754907, 8.865899620428454, 3.4496963024139404, 3.4650962352752686
6.74452250028039, 6.888955475225342, 7.198561857277797, 7.987217638585218, 8.049217310509919, 8.050587821089328, 8.358350462314343, 8.43188951683208, 8.577559448067825, 8.818537427242582, 3.332616090774536, 3.34755277633667
6.67900370205033, 6.7805396050222635, 7.171626111134172, 7.809041735394008, 7.976907326005607, 7.99512829532042, 8.355602548974737, 8.436353943730808, 8.459022276149321, 8.760799613939001, 2.7555480003356934, 2.7669475078582764
6.517081940607622, 6.578789144410531, 7.125832158931535, 7.51113793379874, 7.745636660922702, 7.885787918383679, 8.185242124305509, 8.335920455846837, 8.445429848028308, 8.60059998577495, 2.611560821533203, 2.600684404373169
6.15492863725415, 6.270750163634264, 6.933489873156605, 7.039146645438991, 7.370828310853929, 7.6468994629981255, 7.718700581239362, 8.201977168204, 8.21259453558854, 8.341547081898172, 2.9838368892669678, 2.9635612964630127
6.1219031373098565, 6.32720116710439, 6.837536582783027, 6.95558225069064, 7.344882585062464, 7.487252479690083, 7.51748925501406, 7.732022533122245, 7.960393935363102, 7.963746280084369, 2.977632761001587, 2.9829530715942383
6.248000901836958, 6.313653027003207, 6.489458611058507, 6.552504133876359, 6.627161725800815, 6.766193507600289, 6.835059620590611, 7.388253116467581, 7.399418236118047, 7.485724774784239, 3.1025495529174805, 3.1094400882720947
5.521655352940484, 5.8092084888503, 6.194260864075708, 6.318764182297232, 6.392563034603027, 6.456570188744085, 6.555544436066774, 6.943496539196497, 7.335724322142922, 7.453173959013552, 3.2149479389190674, 3.228081226348877
5.843761814322247, 5.99130524966765, 6.226865689364543, 6.340008952777647, 6.865829985311709, 6.981368810167506, 7.004280769420302, 7.020163656272732, 7.525319015615947, 7.553489793963652, 2.870527505874634, 2.866065740585327
6.259062274928774, 6.404260256812771, 6.574689179274093, 6.575129553944028, 6.789398042221029, 7.005247698892548, 7.071271479091817, 7.081201079121562, 7.127693601789841, 7.290665057825038, 2.9358603954315186, 2.9268970489501953
5.439936296940138, 5.5177944182451775, 5.966848994322954, 6.515809705996535, 6.643840439674486, 6.752801955737554, 6.86887881196962, 6.884472525422633, 7.061763516227604, 7.0666608125171955, 3.1090621948242188, 3.100844144821167
4.22428351965896, 4.507701803022076, 5.156461735894828, 5.322560897647711, 6.419283292313691, 6.769489320431415, 6.791357906374096, 6.822789031928131, 6.847204844730977, 6.86088059882546, 3.249415397644043, 3.21974515914917
3.1948117582340654, 3.8851753154239583, 4.208260975233875, 4.9466001237845925, 5.3581326600642285, 5.969681372123506, 6.14201058643365, 6.162375538862108, 6.221223253183428, 6.244162552784211, 3.485462188720703, 3.4475820064544678
3.4354821454658233, 4.038361802050458, 4.371301056990154, 5.124880403474118, 5.515399298293458, 5.757817266128069, 5.999775064141362, 6.018734396127272, 6.076451773284375, 6.1000482833755045, 3.550053834915161, 3.5155086517333984
3.7750236056967776, 4.51846626045893, 4.734573480007788, 5.166014956078076, 5.707126779618836, 5.7325994163115235, 5.751613037176609, 5.834583325826013, 5.9497938065795, 6.0249410404900345, 3.5954630374908447, 3.559715509414673
4.041347424847616, 4.609748960842575, 4.833051145505889, 5.088233485579395, 5.280153995886903, 5.32477649912924, 5.646898000434169, 5.7847987388191076, 5.798738119255677, 5.976389590373144, 3.5203046798706055, 3.4889326095581055
4.220589156806799, 4.5914477977672306, 4.7194207993424575, 4.777980592773495, 5.0191897165485155, 5.316328132110011, 5.398578770082627, 5.604488478748467, 5.675939732561771, 5.711677497596448, 3.367655038833618, 3.3453807830810547
4.450600646194836, 4.531672953305091, 4.599635106140498, 4.642709132494845, 4.67044582642902, 5.395286097252322, 5.604752072403859, 5.609203093187793, 5.649142719081956, 5.741558203735528, 3.0299949645996094, 3.010712146759033
4.59948927470238, 4.921243584916951, 4.943768751841073, 5.015344678899898, 5.123162210147124, 5.4868340719797155, 5.528648108587719, 5.810591144720255, 6.053364218823077, 6.054586856534045, 2.5858607292175293, 2.5776572227478027
4.738129816043627, 5.438427472495998, 5.993765726321494, 6.138727375628613, 6.199480820989642, 6.324283670257518, 6.553968919201091, 6.593137348760737, 6.600038564467616, 6.779615678801009, 2.3765769004821777, 2.3704161643981934
4.913921367472045, 5.609287682470778, 6.6451677299004945, 6.900245377938988, 7.493546180066622, 7.581083467174702, 7.619532443851645, 7.631554239536362, 7.6359418275226085, 7.639484461281776, 2.5325143337249756, 2.530484199523926
5.16547225195766, 6.24037936594171, 6.8426193302175795, 7.7590905660806175, 7.857915544418541, 7.898430675528861, 8.198897793121787, 8.223743400812598, 8.395884905306003, 8.442561190283833, 2.3021700382232666, 2.3034465312957764
6.687483143953942, 7.462182177856203, 7.601569715763025, 8.130640391154094, 8.163882725264171, 8.718082072129635, 8.745647630287083, 9.221248676440686, 9.224763613531358, 9.394731748722467, 1.9848655462265015, 1.9827773571014404
8.783962341633108, 8.956261876583458, 9.053340648771588, 9.090876811490038, 9.366322969921208, 9.611611842418466, 10.435983784629126, 10.49119645353731, 10.625820279992405, 10.83093532729935, 1.8202602863311768, 1.8162822723388672
11.123752593095373, 11.281576475657989, 11.718674307075595, 11.955724360349226, 12.280788056402372, 12.583682638324012, 12.730043494190971, 13.363531502384202, 13.562329170057595, 13.958206854310541, 1.6235302686691284, 1.6173888444900513
14.18225779610197, 14.53435413498934, 15.439388291177407, 15.471639394334543, 15.571235177934202, 16.010270776976878, 16.368348643080854, 16.756623112290708, 17.034061592326932, 17.232074342835265, 1.308753490447998, 1.3020246028900146
17.073573724879633, 17.714336791248428, 17.98637692613949, 19.065808645365447, 19.163494341773198, 19.20098687202983, 19.20729433150371, 19.779453425792862, 20.196747055305185, 20.577457566222446, 0.8940593004226685, 0.8868004083633423
18.885419605490767, 19.131868746449616, 20.057807351668064, 20.110328152922612, 21.098366244538415, 21.345966694620667, 21.404655406787562, 21.444091022620075, 21.94766782096004, 22.133374142565337, 0.722637414932251, 0.7109008431434631
19.35166236879344, 19.673610368143244, 20.184293535199366, 20.75144181853441, 21.6763368577681, 21.836287987683356, 21.983369184019562, 22.13905648029065, 22.227895564745165, 22.266099891990194, 0.8939453959465027, 0.8747765421867371
19.405568544583012, 19.769242125723494, 20.21597103593452, 20.81617319407329, 21.844856893278358, 21.911894448410944, 22.09457339413962, 22.293193567998554, 22.3047245643453, 22.359074245351508, 0.9812663197517395, 0.9642353653907776
19.434552739633702, 19.78687339315815, 20.23393116976348, 20.85003878536929, 21.93045180550871, 21.970059328064195, 22.1786467900584, 22.309823281431974, 22.32030763251623, 22.458067133973483, 0.9448790550231934, 0.9313812851905823
19.454774496553817, 19.802659194093724, 20.256460304529668, 20.888444914839653, 21.977594194711344, 22.006220256599693, 22.27674905020468, 22.338385041495606, 22.348361155034098, 22.511756614592993, 0.8671413660049438, 0.8581547141075134
19.4775274497576, 19.827585760700153, 20.29606649629404, 20.958362657154307, 22.008981882883702, 22.034187355940688, 22.367435461011027, 22.371423516600693, 22.388530766506527, 22.55755770000817, 0.7776135802268982, 0.7722204923629761
19.48634412047958, 19.859403043581032, 20.326385388832815, 21.022741411069468, 22.02479178799901, 22.04160812408296, 22.371915388813285, 22.430499583563414, 22.466339350012372, 22.57909936450285, 0.7184043526649475, 0.7162420153617859
19.5094613100178, 19.905689837492563, 20.345881687806273, 21.078861626366088, 22.04223173493034, 22.055802789064817, 22.383380677406965, 22.486951299312967, 22.53575032722065, 22.605500194484254, 0.6740385293960571, 0.6734313368797302
19.53323010006993, 19.9356370949271, 20.359432357355768, 21.119289082071234, 22.060388198229827, 22.069459919465686, 22.396958435890866, 22.516249255828562, 22.58272447009583, 22.623280523054838, 0.6799598932266235, 0.6798633933067322
19.556016728934235, 19.967811679619615, 20.379411071531155, 21.15736248202923, 22.079172468191462, 22.093539353188017, 22.418679239732825, 22.533955213165378, 22.62746374253881, 22.64354182476533, 0.6651034355163574, 0.6661415100097656
19.587394048434135, 20.00659893208762, 20.399814531228486, 21.204055128615543, 22.098476058433963, 22.112995067301156, 22.444291119813993, 22.551873721139046, 22.675622345627314, 22.697017524613326, 0.6282519698143005, 0.6304308176040649
19.615410334091983, 20.042797820113897, 20.419121025337358, 21.266134714573926, 22.11452166224903, 22.11831167261749, 22.453256618914256, 22.559357964039183, 22.69180837191438, 22.77549337921141, 0.6771852374076843, 0.6791696548461914
19.638956049323568, 20.08975424506638, 20.43452465378933, 21.329906993325576, 22.122791252574178, 22.12431935839472, 22.45276679502001, 22.568690451364034, 22.704845230998966, 22.833738488837543, 0.6966234445571899, 0.6981388330459595
19.685253442464685, 20.154695891824986, 20.457513743626464, 21.390549150372774, 22.13459276726668, 22.137519318571247, 22.460770872119873, 22.58303556890943, 22.72860640640014, 22.842738162297753, 0.7399107217788696, 0.7418934106826782
19.73286676618564, 20.19869860853519, 20.485059402810208, 21.416302507605774, 22.13274930046435, 22.13743241628871, 22.454251445195993, 22.584528482047467, 22.75122209512301, 22.868235796522686, 0.8935580253601074, 0.8909078240394592
19.753172168681864, 20.19925894496516, 20.50634831106233, 21.41756326968241, 22.12099974585907, 22.145542281458837, 22.445089969538987, 22.592430461375358, 22.768837163625854, 22.871827672622008, 1.228729009628296, 1.2213902473449707
19.75497656605547, 20.201105509301396, 20.527852118445043, 21.42393244285219, 22.13422843235908, 22.170238997169008, 22.435046688745988, 22.614998772475815, 22.79834653774154, 22.87666075004841, 1.5219504833221436, 1.507972240447998
19.754074747213764, 20.221395571416345, 20.523740438955414, 21.44664477060808, 22.035106596225823, 22.06936945831791, 22.325299169786312, 22.49575905248577, 22.794056656561274, 22.878323639208507, 1.5108927488327026, 1.4955123662948608
19.774035561676637, 20.2457496160489, 20.520966832378214, 21.464758758207143, 21.92832009160736, 22.06243672286634, 22.221984373510587, 22.489936315440268, 22.764842750300573, 22.792112771988815, 1.3316285610198975, 1.3206127882003784
19.794925397394024, 20.26254312560167, 20.533911184443188, 21.481601589010666, 21.911518595406676, 22.05139389857532, 22.099754441454788, 22.4786298411033, 22.64969489969667, 22.7942524110134, 1.4203871488571167, 1.4153368473052979
19.804319296642156, 20.276089027474416, 20.53861082302723, 21.495382436271935, 21.881549203806003, 22.039168518034238, 22.062900277524324, 22.474393466485534, 22.507985140112524, 22.798304367099085, 1.449519395828247, 1.4449410438537598
19.834548009614085, 20.308728227315523, 20.560153913491984, 21.4872037206359, 21.876734785592998, 22.03732291524101, 22.05582328439376, 22.472997060586852, 22.48921827062472, 22.804405857535365, 1.5387777090072632, 1.5307790040969849
19.839581000375173, 20.270120006126106, 20.555964022067567, 21.49905717415954, 21.84703838510499, 21.98707928923896, 22.01890752780208, 22.396838925304404, 22.474825334673845, 22.795006383640697, 1.5870434045791626, 1.5851714611053467
19.754823978712185, 20.2508346555704, 20.522744572817118, 21.486547655528597, 21.754302329183524, 21.90027778835906, 21.965205754316493, 22.290253275694063, 22.430193314808303, 22.745918270315215, 1.6171746253967285, 1.622534155845642
19.755769232859304, 20.26520711979103, 20.506013038619006, 21.50169238615944, 21.721204522133874, 21.830879870895167, 21.938493519070512, 22.22749170292647, 22.418463700407113, 22.749826231052456, 1.6412959098815918, 1.6520764827728271
19.725829892225118, 20.237074633347603, 20.469906481175094, 21.46243106027942, 21.647532770735864, 21.753316949179002, 21.904582151289027, 22.108694593935752, 22.32640694550771, 22.687632810963738, 1.6451002359390259, 1.6571156978607178
19.697740797313642, 20.216729986237343, 20.433977364622198, 21.41060808553111, 21.61199477702031, 21.66460480608787, 21.857057978632394, 22.014440978869867, 22.28226526582253, 22.687536912681175, 1.6296306848526, 1.6225637197494507
19.602440683986163, 20.145637073681936, 20.27687642558799, 21.33661673840061, 21.456230484230794, 21.484674999224172, 21.74432160602195, 21.814990226212853, 22.103356397741482, 22.413466835324044, 1.3190577030181885, 1.2924785614013672
19.33622089073663, 19.799607648491733, 19.890908323696713, 20.978526229980222, 21.023998259544875, 21.130409637816246, 21.151874993357954, 21.593335083110794, 21.679060985533177, 21.713386324335215, 1.3021847009658813, 1.3070435523986816
18.815703126736494, 19.275414639387854, 19.52545826315797, 20.43920771336975, 20.45975322163668, 20.670796747422706, 20.8423672482134, 20.882200960738686, 21.071469963191916, 21.659477721409267, 1.423660159111023, 1.459141731262207
18.340411179523578, 18.962724993750854, 19.06494948923853, 19.98577997149167, 20.21522204849535, 20.239199947083076, 20.47070181118136, 20.755034769337616, 20.849246551559535, 21.24296637712185, 1.5663723945617676, 1.6081616878509521
17.744602134355652, 18.247812912319905, 18.549605641191995, 19.41260976733006, 19.575532420513355, 19.96936220422936, 20.126353605040325, 20.220204675826256, 20.274251105370144, 20.74563083741336, 1.794708251953125, 1.8197826147079468
16.829939260598476, 17.15719320729689, 18.005247478987116, 18.591032790398202, 18.64963951617127, 18.87434419968729, 19.247792484388814, 19.899115662573898, 20.01299698580608, 20.319279171631262, 1.890699028968811, 1.9246437549591064
15.121880023089075, 15.349345080076823, 16.794038738714868, 17.07158405873469, 17.435907191567164, 17.906702004178403, 18.47044501007504, 18.665198166799886, 18.72335755331549, 18.887534949486454, 1.8450406789779663, 1.8854585886001587
12.264876345385767, 13.300717777220871, 13.449647574403185, 14.998731010640169, 15.655615819077742, 15.827172654602263, 15.913649170185623, 16.363878592970618, 16.39029542254848, 16.557832991405366, 2.105060577392578, 2.1402089595794678
9.291386126382447, 9.830411669295419, 10.220908100812425, 11.716312029963957, 12.110929044096553, 12.904295438048807, 13.007519260875382, 13.041821777229286, 13.139150512372165, 13.418717596567685, 2.2417287826538086, 2.2873783111572266
7.097867650709113, 8.014903764850457, 8.187993346452917, 8.592695232901328, 9.430552267740323, 9.467513869553365, 9.676902225428895, 9.681019414041613, 9.688165831356155, 10.438095865905971, 2.209630250930786, 2.2478950023651123
6.964892528396723, 6.976309498031284, 7.360737086511816, 8.162765712400734, 8.236136411327514, 8.74094628849212, 8.793636236890867, 9.111975094184727, 9.331204235103511, 9.59594764032319, 2.286573648452759, 2.317441940307617
6.918411216206719, 7.061895464042137, 7.405885564450288, 8.164960038031548, 8.234047162445062, 9.077650766201579, 9.157303838220448, 9.192383407187625, 9.451906540738788, 9.802667876890125, 2.3214704990386963, 2.3508002758026123
7.080455685895375, 7.088288593022268, 7.430835802135212, 8.176689479096549, 8.317309289739958, 9.246849530010111, 9.466462783970716, 9.52271218416624, 9.606734658443772, 9.640106652214737, 2.3236100673675537, 2.3429009914398193
7.096493988541157, 7.16926742267758, 7.45790790747409, 8.282168755333815, 8.31643692746458, 9.640181846980473, 9.760487428049226, 9.798139010735452, 9.82651490588559, 9.846029578220083, 2.1661293506622314, 2.177663803100586
7.261953525831588, 7.26478598256734, 7.702335122365309, 8.630265907242915, 9.006559090651974, 9.68875570539936, 10.092448504070006, 10.124275590399241, 10.168246140298859, 10.210431989131878, 2.1850900650024414, 2.1962175369262695
7.347028857531744, 7.489931679104364, 8.501657891810536, 8.612308255468909, 9.879964043755235, 10.16734220036881, 10.374042445041773, 10.527629246492767, 10.578930976361818, 10.699139576650705, 2.0699493885040283, 2.0746407508850098
7.490813067466677, 7.990721565322028, 8.734625945742431, 9.399219271338675, 9.92686829236824, 10.860532748840109, 10.867974214289143, 10.977669992100546, 11.011665585706208, 11.050111103805575, 1.8720861673355103, 1.8679357767105103
7.773971009315307, 8.659926245646078, 8.899674291458306, 9.964291992077163, 10.175184527010058, 11.371698824554333, 11.482388838696933, 11.492755261265174, 11.533290294167156, 11.542530610589187, 1.698174238204956, 1.6802332401275635
8.113811424192109, 9.056994083824716, 9.071045613631005, 10.416346744532685, 10.54250214624665, 11.861622470263661, 11.902903951082418, 12.007394792704488, 12.01986236992208, 12.033162810266607, 1.641778826713562, 1.6145879030227661
8.632639936239828, 9.518033943285428, 9.751840807630769, 10.714202723664224, 11.55052509512798, 12.161543882856817, 12.285721928906694, 12.290766847043523, 12.295289520250574, 12.396276245443683, 1.675391435623169, 1.641535997390747
9.553794301363594, 10.130267438893181, 11.26770705738398, 11.344906370160087, 12.391062112127678, 12.607982736106583, 12.617758608155919, 12.683913690492458, 12.699898452370869, 12.754304011412945, 1.6818768978118896, 1.6574100255966187
10.723185230120803, 10.768414864374844, 11.791135888548707, 12.77275751980496, 12.861668684949828, 12.90904963567942, 12.948384124963928, 12.955295890034638, 12.958404739370462, 13.004392631600746, 1.5733447074890137, 1.5579919815063477
11.416437717307922, 12.089518418548346, 12.4308065822251, 13.051946891191113, 13.120012642109979, 13.17489766763508, 13.17822263154603, 13.264230714081267, 13.296694133085817, 13.343569134492014, 1.2875841856002808, 1.2703779935836792
12.298022126302891, 12.401998861568677, 13.380334390782616, 13.51942562320744, 13.615844055000318, 13.817965794755457, 13.869449554509236, 13.972103785013033, 14.046152310354275, 14.047912954142484, 1.2642431259155273, 1.2504701614379883
12.732539204969072, 12.984707438289666, 13.762496221732853, 14.613778088716376, 14.776725618450964, 14.877347912280378, 15.122806723907985, 15.3315976082116, 15.483545556107158, 15.959379954827476, 1.0561338663101196, 1.0539085865020752
13.329578797907704, 13.608882951934557, 14.003008954759286, 14.753747305273933, 15.409884910902512, 15.94283221388869, 16.287348516534045, 16.609935761948407, 17.026538158037905, 17.397932083994682, 1.1337850093841553, 1.132054090499878
13.859079983184472, 14.177182406930095, 14.747087771088793, 15.01683916975189, 15.692562951385199, 17.046854056454315, 17.202815411583412, 17.35098323672703, 18.10287969086914, 18.392030418148057, 0.951782763004303, 0.9442355632781982
13.959344916132954, 14.704459686048443, 15.636555483509602, 16.01621602888703, 16.803209849300142, 17.702651523495437, 17.87807080870616, 18.273834741283373, 18.766559355812223, 19.094607620910406, 0.7634223699569702, 0.7515153288841248
14.446831072562818, 14.764618712608415, 16.373278449479052, 16.6249871506127, 18.140087579604643, 18.59462625813869, 18.885889704976865, 19.122791497874502, 19.363593365353232, 19.662899767159512, 0.7132532000541687, 0.7013818621635437
15.115638678010512, 15.137599285159611, 16.697800617325466, 17.161949232164787, 18.817493276361063, 19.32902051557898, 19.75860819991691, 19.94027820120221, 20.27750923009609, 20.63926075875123, 0.7429066300392151, 0.7307054400444031
15.438393569357837, 15.562875627117247, 16.824848977343294, 17.65495680473237, 18.95812255398156, 19.682891905510363, 20.2097539685594, 20.33815733616889, 21.24264279538879, 21.261332366377445, 0.8023479580879211, 0.7901638746261597
15.619009405523627, 15.812155619533554, 16.916380350752735, 17.98949321216146, 18.99871833706574, 19.921575031489485, 20.508166275836686, 20.55594411966648, 21.537608226324828, 21.604086643434048, 0.8405816555023193, 0.8309498429298401
15.739440667499602, 16.02662888748616, 16.988735623085606, 18.208747377787866, 19.033672142981604, 20.14475406793499, 20.655457961352734, 20.887756826714433, 21.58620927052076, 21.712512971479228, 0.8856327533721924, 0.8795246481895447
15.8528541555853, 16.14604186854167, 17.033632323657237, 18.366470301153417, 19.061475080139747, 20.358723619110066, 20.789760973129034, 21.16152116349764, 21.61689020951304, 21.81463141864108, 1.0337367057800293, 1.0288091897964478
15.90521205647924, 16.23300775965206, 17.09259401532306, 18.460382915641013, 19.087364784183755, 20.539710083102797, 20.92079113385854, 21.35943748249088, 21.64634224709311, 21.904022571250746, 1.4399479627609253, 1.4352439641952515
15.951909957649816, 16.287117490572626, 17.118988909302526, 18.50973049730981, 19.135257823146404, 20.689991790875396, 21.05052643712266, 21.536039285733708, 21.678388875970157, 21.999333024154893, 1.536454677581787, 1.5319721698760986
16.000333755229697, 16.336887266910683, 17.162278141529367, 18.588346680841056, 19.16714617414999, 20.85793855377447, 21.184444479183355, 21.715528691372324, 21.734527423287258, 22.114737826583593, 1.7069488763809204, 1.6982364654541016
15.99516717640657, 16.373680592310144, 17.157175312972356, 18.645131036935908, 19.16575547648453, 20.98476798169746, 21.29355524747335, 21.735082394210966, 21.85481387600774, 22.19119921760985, 2.089285373687744, 2.0798184871673584
15.989697551961848, 16.39431230595581, 17.110331542750224, 18.663276319934507, 19.122217481896424, 21.07405907184818, 21.366360000784386, 21.699256882975458, 22.006772716069012, 22.246432835839325, 2.342360258102417, 2.328455924987793
15.98941702843793, 16.39309224818075, 17.08949080848154, 18.71407361601761, 19.065177845924786, 21.213321566646535, 21.435904697720247, 21.64858361503226, 22.181634861871643, 22.299039616078087, 2.8624486923217773, 2.8416380882263184
15.960229119082971, 16.41841104843292, 17.063999286007938, 18.771772282270522, 19.026104331767613, 21.34978732078485, 21.53123372158964, 21.58055858031223, 22.310402531067606, 22.33079432315668, 3.6781091690063477, 3.6399099826812744
15.965553426076676, 16.465113974298486, 17.002108634778253, 18.815032108831776, 18.976815403076248, 21.46286067152157, 21.526148853424797, 21.64755038161815, 22.402727720047007, 22.48381919982641, 4.643381595611572, 4.579279899597168
15.607766434883272, 16.12467193444916, 16.626766183473325, 18.509951769648417, 18.831138797502106, 21.126680597777966, 21.412368563174155, 21.470832572267966, 22.180860995243478, 22.501202971997394, 4.999579906463623, 4.919187068939209
15.196365937821973, 16.102610851034367, 16.237445431517415, 18.129355997376344, 18.817075479127503, 20.675750990426955, 21.375744447563594, 21.443955710553567, 21.903911390210684, 22.533256093428434, 4.938889503479004, 4.864783763885498
15.14657610684267, 15.81938443696669, 16.062885946880698, 17.75156451217396, 18.802325016636047, 20.319138605647133, 21.322502169717296, 21.45158231038405, 21.842724690511126, 22.55816357919118, 4.815053939819336, 4.766514778137207
15.044010323730204, 15.71100340356926, 15.995497750113751, 17.295135270550144, 18.773215749483942, 19.91583889611622, 21.270530097716808, 21.420144407283125, 21.730912729262005, 22.54054319196391, 4.7241339683532715, 4.695309162139893
14.943552830704627, 15.581893221983545, 15.947777883103816, 17.166242180326385, 18.721667373266573, 19.468977538797464, 21.224990072537288, 21.39062242780625, 21.661382060823104, 22.44991687253161, 4.797702789306641, 4.772922992706299
14.865979516222986, 15.452621861982328, 15.866504964084168, 17.01523674391105, 18.706349565427885, 19.323414791404343, 21.17330402928753, 21.358929992707495, 21.590201658845565, 22.05910392713538, 4.808679103851318, 4.789700031280518
14.779739805776009, 15.373554388616267, 15.851808719236828, 16.88948819451277, 18.727280389107904, 19.183199108123198, 21.14366874545926, 21.348377176213422, 21.538976073577725, 21.9235056175915, 5.207740783691406, 5.177021503448486
14.755477265239492, 15.272404832324876, 15.87390936186393, 16.794860335993242, 18.72287930349947, 19.042261268863754, 21.13942381557721, 21.30850108480559, 21.51477627740396, 21.774359481815182, 5.663598537445068, 5.6171650886535645
14.712560021438085, 15.156623750778289, 15.719490117115628, 16.600468625968357, 18.70406460629617, 18.865495649194294, 20.926447611803418, 21.213134245530735, 21.39278631621865, 21.565283690740916, 6.01895809173584, 5.9753007888793945
14.607868172122462, 15.158924553690564, 15.739041623564809, 16.5348691140406, 18.70417547595443, 18.727036046020665, 20.88093650671248, 21.18038571787145, 21.243956189017496, 21.440134175997805, 6.434563159942627, 6.405889987945557
14.531080586477513, 14.942648023870612, 15.67363289533538, 16.43725452405765, 18.547875989824625, 18.712664676652533, 20.722704577225638, 21.026175606237224, 21.067859651369442, 21.18615540265926, 5.893643379211426, 5.898053169250488
14.347903755135768, 14.733016596811845, 15.672174494706633, 16.101258889660503, 18.338322503728936, 18.658090830218608, 20.43878197266441, 20.772382623463795, 20.834139486794673, 20.890418068525058, 5.657656669616699, 5.6544389724731445
14.176391385919409, 14.262480835536412, 15.605155686761796, 15.664157710343982, 17.792223225626643, 18.566890776799884, 20.05935809553663, 20.236007649009963, 20.45343527478676, 20.60226275704097, 6.171990871429443, 6.13731575012207
14.188549990500615, 14.304370254697906, 15.462584993241945, 15.497081291170954, 17.64508814538303, 18.40532316156389, 19.99044132068097, 20.0751794952649, 20.219713875254843, 20.384191931234973, 6.582978248596191, 6.543438911437988
13.834573223533013, 14.267433521571943, 15.216717590901903, 15.600138835341703, 17.67420094397419, 18.024987057004207, 19.919318248479993, 20.065749786722737, 20.24520346576352, 20.311040287621303, 6.854325771331787, 6.812344551086426
13.622056743999181, 14.021981669538576, 14.938969839200203, 15.668588482768124, 17.400479722523176, 17.80391269073796, 19.815512989765974, 19.836986007045486, 19.938371642181714, 20.16369390280812, 7.073431015014648, 7.055047512054443
13.974857450263302, 14.343072994710242, 14.900053688270397, 15.961485514681756, 16.27904912717981, 18.098134853525202, 18.28565982493633, 19.732483586208524, 20.074788644374713, 20.088323228806996, 6.9029221534729, 6.879754543304443
14.23351691042007, 14.240372870970697, 14.768666851192968, 14.986865760781182, 16.142794305219898, 16.832657764173955, 18.453313341690855, 19.25909688377462, 19.809396067432033, 20.04975842612408, 6.960712432861328, 6.943082809448242
13.684622144929948, 14.05511799229117, 14.403337440026727, 15.013000388332784, 16.240479465374296, 16.685784086862338, 18.10239902683478, 18.922019972540834, 19.02967998671802, 19.113184074776523, 7.158327579498291, 7.160093307495117
13.165165323914943, 13.628572123112317, 14.311364092742917, 14.953115651755763, 16.33102899624062, 16.623067801977005, 17.73064372956527, 18.326624416043018, 18.389122360717042, 18.591060421385823, 7.377338886260986, 7.392380714416504
12.92081246449378, 13.013411369431731, 14.094499309461668, 14.417647738703712, 15.276433481687706, 16.315161401316235, 16.559228498866528, 17.372230390282123, 18.227989669761875, 18.22922438409686, 7.542578220367432, 7.546843528747559
12.672616062017077, 13.158023684987944, 13.433692112992107, 13.595630020850843, 14.425694146031821, 15.304033776030469, 15.859430822584182, 16.09888786746331, 16.940699469857247, 17.73704411334201, 7.522097110748291, 7.522953033447266
12.938745060229717, 12.989818896802966, 12.995859393673896, 13.165319775581024, 13.626879901841527, 14.19598757009512, 14.795111702772518, 14.859430775970814, 15.463823991258009, 16.119404223277197, 7.44287109375, 7.437947750091553
12.653966214442875, 12.82583523096258, 12.851548964238964, 13.187215900815445, 13.224150407310649, 13.477721929013233, 13.804692192630858, 13.889785758188152, 14.597588903185265, 14.804811402657446, 7.16064977645874, 7.136358261108398
12.333134510611714, 12.392896944359535, 12.424410437806113, 12.46437763652926, 12.637342519524774, 12.947010716917934, 13.426471560893733, 13.570562526543876, 14.370788102140484, 14.578898026423314, 6.903219223022461, 6.860058307647705
11.707450449688281, 11.835036562072737, 12.014508343835825, 12.1982480953088, 12.588302295989807, 12.842855521878363, 13.213605021572102, 13.815771220210687, 14.164620762466088, 14.71294911031035, 6.682339191436768, 6.623905181884766
11.729212690194233, 11.747834708195285, 12.136733033905793, 12.258726232434002, 12.61313070082732, 13.047718172658545, 13.357191023602963, 14.05922702370182, 14.101789606583118, 15.060554043628283, 6.186282634735107, 6.123846054077148
13.21431158137209, 13.280165984988384, 13.30269409262521, 13.37129150917453, 13.433781739850522, 13.513089510057437, 13.624406104147377, 14.398415536563146, 14.681372247166044, 15.838115894858944, 5.719841957092285, 5.67120885848999
14.395155179479243, 14.456153791096504, 15.507870738204096, 15.62617966372542, 16.48824371186462, 17.114745858922774, 17.30322143090326, 17.37052021655074, 17.594026781932435, 17.747164287754163, 5.534600257873535, 5.495631694793701
14.738463423277972, 14.820624201124001, 15.904269835744252, 16.39390540854006, 17.482213756957048, 18.484386218911165, 18.575792196240748, 18.68081640112951, 18.770611607632073, 19.188629194927568, 5.498838901519775, 5.4645280838012695
14.517820279767278, 14.747694591531019, 15.78025573994833, 16.407746544221794, 17.385288583157052, 18.494292847938485, 18.615842645666465, 18.90324992282237, 19.08788474035367, 19.584991510084812, 5.663896560668945, 5.621884822845459
14.740277921232968, 15.123373509366848, 15.707244122102956, 16.83437947016478, 17.30044231878077, 18.835350002323715, 18.90460117965764, 19.034174797186438, 19.42509291691433, 20.26156626151412, 5.018003940582275, 4.980391979217529
15.90733478970648, 16.42380099168698, 16.585365474335642, 17.671418765857446, 18.627884029996082, 19.061841940353574, 20.09989957164504, 20.494374467734097, 20.4963263857168, 21.275378761694434, 4.378633975982666, 4.343452453613281
18.617692101265057, 18.98031430448976, 19.645447969003573, 19.868939292157986, 20.312749659915156, 21.43923566082827, 22.414121079812947, 22.472635874651388, 22.63640305341894, 22.66241739510504, 3.8451199531555176, 3.820099115371704
21.55223739419668, 21.934592918847464, 21.98627662683769, 22.26456740710207, 22.73908797544267, 23.64762982104999, 23.7886232450808, 24.04745288254367, 24.626890030444535, 25.142380793811427, 3.5936670303344727, 3.5608739852905273
23.025620970827646, 23.1784908682324, 23.211933741539333, 23.494510632331732, 24.041717316392138, 24.122351816568063, 25.049876878168735, 25.30198682902808, 25.703129526708096, 26.160502292934428, 3.9656035900115967, 3.9221255779266357
23.57740102422051, 23.72920562183717, 23.78769531881466, 24.233955567884728, 24.251800907453802, 25.448030623993763, 25.64412041149005, 25.72972596780922, 26.137757214325866, 27.690702988050273, 4.383926868438721, 4.332078456878662
23.9654228498686, 24.006530425899506, 24.367088159514644, 24.457068447020248, 25.210712047668704, 25.79621190623596, 26.404146645282832, 26.632188735091834, 27.174554084867655, 28.00718645773085, 4.6202216148376465, 4.56735897064209
24.497924134319973, 24.623028402892157, 24.86415075465169, 25.560572416170682, 25.98978158422459, 26.56873093132344, 27.58437352529244, 28.183257881557832, 28.52734973849561, 28.79404189618847, 4.862585544586182, 4.828285217285156
25.472232814909987, 25.737349821689328, 26.3875017947416, 26.47573115994843, 27.36863085848037, 28.60710047619116, 29.162619277665243, 29.339943776534678, 30.291016154944934, 30.324970700960304, 5.314448356628418, 5.287899971008301
26.288635241491733, 26.761286134549426, 27.02446874979871, 27.642537257254194, 28.797467825723885, 29.46963812042147, 30.154410328504653, 30.535794959662393, 31.320550113615365, 31.674152163600034, 5.854713439941406, 5.83333158493042
26.673653732232363, 27.238817836922156, 27.356151398588384, 28.18978408571884, 29.41398735713679, 29.778782691138293, 30.78326364424465, 30.909341339666497, 31.63876089788008, 32.11466568303921, 6.186487197875977, 6.175374984741211
26.96596134773062, 27.529191565774536, 27.640550266171076, 28.50706055587119, 29.728634706618454, 30.092159768920617, 31.043033386655008, 31.10583087663805, 31.723452913152546, 32.281313950933075, 6.292779922485352, 6.284836769104004
27.157664281086973, 27.718852900831454, 27.87449485867427, 28.68092184742933, 29.89991436444632, 30.36273744109153, 31.06238018729314, 31.24508112228739, 31.732355625758075, 32.31341311841837, 6.504265308380127, 6.497117519378662
27.324000760099775, 27.85851942749768, 28.05718945966783, 28.80925370992781, 29.99472550532113, 30.601534926057084, 31.04270697723783, 31.354018858089564, 31.712095896708902, 32.29411651182378, 6.3684210777282715, 6.360745906829834
27.437782506599735, 27.961604941090474, 28.197348597503808, 28.883428965175643, 30.081871162690987, 30.75779055442897, 30.98648758316723, 31.40877917553573, 31.659195163747277, 32.25883530569515, 5.724249362945557, 5.720645427703857
27.534119696994686, 28.03441675734454, 28.30203437569482, 28.96734599702711, 30.135434659250546, 30.88277247578826, 30.943001094035115, 31.458645015302253, 31.596403815813964, 32.220116234108794, 6.264700412750244, 6.276471138000488
27.60450922208439, 28.116470986555203, 28.386415270409913, 29.022034269804447, 30.18537381770825, 30.884484703915778, 30.96948548931061, 31.480333659833924, 31.53822575298148, 32.15257854569591, 6.618622779846191, 6.642354965209961
27.675522939215828, 28.16479458965021, 28.443525696721174, 29.065877808541547, 30.211443230292602, 30.800471351220445, 31.0316399381714, 31.467584032934546, 31.48824132741643, 32.12306922176005, 6.582786560058594, 6.616061687469482
27.716319308435025, 28.19876165748466, 28.491109839664464, 29.11497122679234, 30.247567484891555, 30.792415019078486, 31.060334758798735, 31.390797231401553, 31.524881164870997, 32.138039324236395, 6.317896842956543, 6.356770038604736
27.75509252074731, 28.255550493336777, 28.537840477429043, 29.158341633041054, 30.292688945232808, 30.807303938461004, 31.107544784414337, 31.381754840710755, 31.539331079262155, 32.14360461637363, 5.802635192871094, 5.8328704833984375
27.815062730108384, 28.304824622212806, 28.564440963569908, 29.212175304374842, 30.32069824356209, 30.802671870075574, 31.13975337113095, 31.386271836453986, 31.55048122551409, 32.26006569590461, 6.001600742340088, 6.026986598968506
27.856309415953973, 28.353611110471935, 28.603713772974345, 29.25452246455965, 30.353839284405538, 30.80643680011454, 30.97325343248501, 31.12712456670451, 31.569784705148685, 32.26512075735531, 6.507473468780518, 6.53562068939209
27.914286560309524, 28.413658596881355, 28.64814179875113, 29.30546638123923, 30.39290738675904, 30.831718981460934, 31.007898040368712, 31.14928153483756, 31.595487919766622, 32.30747087091673, 6.866935729980469, 6.889978408813477
27.979788877963397, 28.476878428034514, 28.6956654137067, 29.363008589940975, 30.44008297764637, 30.86610908043942, 31.03545262396886, 31.160243045512694, 31.59798323751744, 32.366890209289885, 6.8827805519104, 6.894481182098389
28.040447411288397, 28.538092464299947, 28.747807845378862, 29.41400770346816, 30.443819053970067, 30.897576413839, 31.059026865924526, 31.156657572539984, 31.655393999791823, 32.381306950202564, 6.773301601409912, 6.7746124267578125
28.126497774734055, 28.62024761290986, 28.824108704929284, 29.45573251181638, 30.538568998691566, 30.931596771064918, 31.119000763220175, 31.206010964431457, 31.728168941910525, 32.474855255781314, 6.592686653137207, 6.588609218597412
28.12741056980944, 28.59188599570216, 28.82332187092576, 29.509901968170837, 30.571878012648334, 30.902552857291628, 31.09217757362272, 31.098536884054077, 31.777649389562807, 32.512803076460784, 7.029407024383545, 7.026162147521973
28.054615758776144, 28.607708827650516, 28.770172189861917, 29.50884872850469, 30.616456499928574, 30.888182352225986, 30.997976114891248, 31.042955718048177, 31.814659662502912, 32.4096198664847, 7.164243698120117, 7.160923957824707
