0.12814056873321533
0.12947659194469452
0.13050556182861328
0.13161103427410126
0.13062980771064758
0.1346670687198639
0.13063958287239075
0.13080167770385742
0.1319178193807602
0.1316869556903839
0.1324315071105957
0.1322861611843109
0.13241973519325256
0.1333782970905304
0.13366016745567322
0.13330265879631042
0.1332748532295227
0.1313801109790802
0.13307185471057892
0.13758698105812073
0.13285860419273376
0.13459542393684387
0.13711324334144592
0.1397068202495575
0.14123010635375977
0.14386515319347382
0.14448444545269012
0.14263670146465302
0.13689440488815308
0.1353418231010437
0.13424146175384521
0.13648119568824768
0.13807320594787598
0.13737989962100983
0.13672952353954315
0.13700297474861145
0.13913221657276154
0.14016114175319672
0.13985122740268707
0.13781382143497467
0.13621187210083008
0.13589687645435333
0.1370580643415451
0.13509921729564667
0.13575151562690735
0.13747452199459076
0.13775329291820526
0.13880044221878052
0.1392981857061386
0.14128023386001587
0.13918833434581757
0.13990862667560577
0.13790994882583618
0.1389407068490982
0.13295605778694153
0.13028915226459503
0.12706485390663147
0.12386554479598999
0.12304701656103134
0.1213546171784401
0.12101307511329651
0.12300769239664078
0.12602636218070984
0.12682849168777466
0.12786416709423065
0.13024942576885223
0.13550734519958496
0.13050693273544312
0.1304606795310974
0.13052856922149658
0.13274043798446655
0.1325753629207611
0.13255509734153748
0.13168582320213318
0.13016359508037567
0.13235338032245636
0.13374178111553192
0.1300828903913498
0.12651345133781433
0.12415566295385361
0.12282957881689072
0.11918701231479645
0.11838468164205551
0.11747168749570847
0.11698628962039948
0.11804599314928055
0.11799075454473495
0.11824395507574081
0.1185724288225174
0.11775705218315125
0.11767600476741791
0.11432334035634995
0.11433577537536621
0.11390188336372375
0.1152912825345993
0.11589770764112473
0.1169385090470314
0.11475066840648651
0.11399175971746445
0.11361131072044373
0.11535001546144485
0.11422539502382278
0.11229413002729416
0.1122780591249466
0.11233548074960709
0.11007992178201675
0.11040624976158142
0.10996165126562119
0.11082892119884491
0.11169616132974625
0.11214188486337662
0.11309429258108139
0.11749803274869919
0.1203986331820488
0.12209601700305939
0.11877234280109406
0.11464616656303406
0.115658238530159
0.11449945718050003
0.11360658705234528
0.11367224156856537
0.1124238595366478
0.11145196110010147
0.10954631865024567
0.11163321882486343
0.11603153496980667
0.11890392005443573
0.11829071491956711
0.11753622442483902
0.1168794184923172
0.11770125478506088
0.1146656721830368
0.11398836970329285
0.11285977065563202
0.11398936808109283
0.1130361258983612
0.11325328797101974
0.11194442212581635
0.11440061032772064
0.11245837062597275
0.11200539767742157
0.11392591893672943
0.11215075850486755
0.11201504617929459
0.11249551177024841
0.11268474906682968
0.11619411408901215
0.11682621389627457
0.11542454361915588
0.11745872348546982
0.11841698735952377
0.11700648069381714
0.11653068661689758
0.11690400540828705
0.11867717653512955
0.11688796430826187
0.11912048608064651
0.12084993720054626
0.1202741265296936
0.12342751026153564
0.12431079149246216
0.1261066198348999
0.1283574104309082
0.1271558254957199
0.12679553031921387
0.12593334913253784
0.12592309713363647
0.12465722113847733
0.12513242661952972
0.12730242311954498
0.12826253473758698
0.1309923380613327
0.13103796541690826
0.13123907148838043
0.12976601719856262
0.12977348268032074
0.1282588690519333
0.13123558461666107
0.13130176067352295
0.1279873102903366
0.12456017732620239
0.1255050003528595
0.1264767199754715
0.12647047638893127
0.1298798769712448
0.13356870412826538
0.13587182760238647
0.13363301753997803
0.13516025245189667
0.13860094547271729
0.13472767174243927
0.13338406383991241
0.135894775390625
0.13664697110652924
0.13683010637760162
0.1392647922039032
0.17015419900417328
0.14780624210834503
0.14677728712558746
0.14588412642478943
0.14425045251846313
0.14472943544387817
0.14393284916877747
0.13922527432441711
0.13814303278923035
0.13725772500038147
0.13634821772575378
0.13490284979343414
0.13840331137180328
0.14064303040504456
0.1397862285375595
0.14102517068386078
0.1411420851945877
0.13838866353034973
0.13746505975723267
0.1377210021018982
0.1404252052307129
0.13820907473564148
0.13828282058238983
0.143728107213974
0.14148840308189392
0.14141404628753662
0.13968482613563538
0.13916291296482086
0.13745234906673431
0.13574685156345367
0.13627539575099945
0.13576878607273102
0.13467425107955933
0.13282114267349243
0.12937231361865997
0.1293637603521347
0.13270552456378937
0.13077734410762787
0.13791203498840332
0.13704125583171844
0.13611449301242828
0.13699573278427124
0.13897110521793365
0.13918215036392212
0.13852302730083466
0.13757388293743134
0.13867422938346863
0.14005433022975922
0.13620775938034058
0.1336248219013214
0.13338898122310638
0.13227900862693787
0.13188302516937256
0.13357490301132202
0.1333989053964615
0.12871801853179932
0.12704750895500183
0.12206020951271057
0.12064732611179352
0.12281981855630875
0.12664441764354706
0.12870018184185028
0.12824414670467377
0.12461961805820465
0.1254228949546814
0.12547241151332855
0.12398606538772583
0.12248339504003525
0.12282153218984604
0.12113791704177856
0.12144964933395386
0.12210392206907272
0.11951275914907455
0.11835827678442001
0.1155831515789032
0.11780392378568649
0.11774006485939026
0.12024039775133133
0.12249506264925003
0.12087764590978622
0.12068678438663483
0.1217678040266037
0.12167302519083023
0.12225373834371567
0.12782451510429382
0.13191865384578705
0.1323869228363037
0.129390686750412
0.12768985331058502
0.1305495798587799
0.12805211544036865
0.12862366437911987
0.12767590582370758
0.12396180629730225
0.122779980301857
0.12283004820346832
0.12095329910516739
0.12874792516231537
0.13435378670692444
0.13344818353652954
0.13421137630939484
0.13027335703372955
0.1281452625989914
0.12824471294879913
0.1286977082490921
0.12728288769721985
0.12800221145153046
0.12714599072933197
0.11884396523237228
0.11455882340669632
0.11203134059906006
0.1177251860499382
0.11481253802776337
0.11316626518964767
0.11363275349140167
0.11569943279027939
0.11605478823184967
0.1172245591878891
0.1199834942817688
0.12207964807748795
0.11542754620313644
0.11894557625055313
0.12056900560855865
0.11543820798397064
0.11438038945198059
0.11156794428825378
0.10950098931789398
0.10993946343660355
0.10911636799573898
0.10971815884113312
0.11001609265804291
0.1161067858338356
0.11623963713645935
0.11489322036504745
0.1177995428442955
0.11748682707548141
0.11807804554700851
0.1170448362827301
0.11668357998132706
0.116734080016613
0.1171291172504425
0.11855873465538025
0.11990263313055038
0.11938629299402237
0.11666113138198853
0.11699165403842926
0.11425638943910599
0.1123608648777008
0.11221583932638168
0.11128804087638855
0.11178166419267654
0.11236929148435593
0.11713149398565292
0.11750155687332153
0.11618882417678833
0.11884687095880508
0.11898718774318695
0.11898478865623474
0.12265092879533768
0.12143445760011673
0.1181824654340744
0.12035592645406723
0.12053272873163223
0.12562240660190582
0.12627820670604706
0.12820686399936676
0.13061751425266266
0.13183286786079407
0.13117463886737823
0.12697376310825348
0.1230333223938942
0.11898984760046005
0.11876369267702103
0.11915725469589233
0.11967708170413971
0.11609913408756256
0.11566358059644699
0.11577344685792923
0.11588572710752487
0.1169549971818924
0.11680716276168823
0.1197931319475174
0.12202980369329453
0.12023518979549408
0.12076178193092346
0.11650612950325012
0.11711046099662781
0.11766695231199265
0.11956936120986938
0.12059203535318375
0.12197130918502808
0.12107279151678085
0.12193412333726883
0.12243390083312988
0.12259618192911148
0.12177181243896484
0.1239524856209755
0.12370418012142181
0.12148621678352356
0.12151452153921127
0.12119817733764648
0.12182067334651947
0.12157498300075531
0.12159507721662521
0.1253708302974701
0.12373055517673492
0.13155947625637054
0.1311781108379364
0.1290484368801117
0.12772199511528015
0.13003212213516235
0.13242147862911224
0.1343591958284378
0.13505344092845917
0.13498233258724213
0.13444802165031433
0.13075141608715057
0.13146182894706726
0.1312842071056366
0.12961509823799133
0.13004636764526367
0.13070285320281982
0.12866519391536713
0.12768568098545074
0.12757180631160736
0.12633685767650604
0.12602092325687408
0.12442871183156967
0.1251656860113144
0.1264834702014923
0.12609106302261353
0.12729810178279877
0.12634186446666718
0.12680180370807648
0.1280069351196289
0.1276227980852127
0.12767235934734344
0.12725995481014252
0.12722429633140564
0.12750311195850372
0.12845206260681152
0.1314982920885086
0.13166317343711853
0.1318294107913971
0.13253210484981537
0.1332945078611374
0.13319848477840424
0.13508765399456024
0.13505412638187408
0.1366049349308014
0.13952796161174774
0.13867904245853424
0.1415187567472458
0.1469345986843109
0.15230724215507507
0.1505802869796753
0.14552122354507446
0.1446528136730194
0.1429237723350525
0.14151641726493835
0.14067311584949493
0.1377672255039215
0.1367819458246231
0.1361943483352661
0.13481839001178741
0.14325515925884247
0.14949968457221985
0.15088489651679993
0.14981716871261597
0.14721204340457916
0.14343035221099854
0.13900035619735718
0.13978107273578644
0.13802079856395721
0.1398407369852066
0.14170967042446136
0.13993299007415771
0.13569660484790802
0.13332335650920868
0.13247095048427582
0.12884747982025146
0.12786628305912018
0.12807923555374146
0.12858234345912933
0.12980523705482483
0.13095784187316895
0.13231265544891357
0.13209323585033417
0.1322586089372635
0.13085229694843292
0.12890855967998505
0.1303720772266388
0.13211478292942047
0.1314530223608017
0.13030265271663666
0.13334865868091583
0.13402165472507477
0.13324837386608124
0.13422183692455292
0.14098338782787323
0.14154097437858582
0.13792920112609863
0.13438493013381958
0.1413799375295639
0.14406445622444153
0.14054392278194427
0.1412442922592163
0.14166246354579926
0.1431455761194229
0.14303044974803925
0.1454911082983017
0.14108647406101227
0.14298595488071442
0.14921578764915466
0.14732061326503754
0.15094788372516632
0.15510238707065582
0.16367129981517792
0.1665658950805664
0.1878105103969574
0.20841379463672638
0.20676302909851074
0.20729821920394897
0.21517501771450043
0.218684121966362
0.22162027657032013
0.22385185956954956
0.23462703824043274
0.2269294112920761
0.22285449504852295
0.22287997603416443
0.22204920649528503
0.22104915976524353
0.22129948437213898
0.21970947086811066
0.21390825510025024
0.2087796926498413
0.21295201778411865
0.2225399613380432
0.22476615011692047
0.22870096564292908
0.230529323220253
0.23204797506332397
0.24238111078739166
0.24130937457084656
0.2421931028366089
0.24724984169006348
0.25472813844680786
0.2580094039440155
0.2566162645816803
0.26188594102859497
0.2692823112010956
0.2711504101753235
0.27764856815338135
0.2806617021560669
0.2850576341152191
0.2808423638343811
0.27206501364707947
0.27712181210517883
0.2707016170024872
0.26820099353790283
0.2654469311237335
0.2666644752025604
0.26971203088760376
0.27165645360946655
0.27481919527053833
0.2931930124759674
0.30479520559310913
0.29812484979629517
0.290542334318161
0.286028116941452
0.28891339898109436
0.2892908751964569
0.2876182794570923
0.28528842329978943
0.29198312759399414
0.2873736023902893
0.2857303023338318
0.28387895226478577
0.28123095631599426
0.2792852818965912
0.27845168113708496
0.27636802196502686
0.2685502767562866
0.26478123664855957
0.26914262771606445
0.2731923758983612
0.27565911412239075
0.27084627747535706
0.2723177373409271
0.3025570511817932
0.3099909722805023
0.30617764592170715
0.30326634645462036
0.30136385560035706
0.29918015003204346
0.2988950312137604
0.2926349937915802
0.28910645842552185
0.2927601635456085
0.29301267862319946
0.2904754877090454
0.28889569640159607
0.2886417508125305
0.28631314635276794
0.2860715687274933
0.29079511761665344
0.2915543019771576
0.2841581106185913
0.2902580201625824
0.2875143885612488
0.28751593828201294
0.2811262905597687
0.2717898190021515
0.2753494083881378
0.2647838592529297
0.25125882029533386
0.25032293796539307
0.25544434785842896
0.25832462310791016
0.2609443664550781
0.2587805390357971
0.26532042026519775
0.2670370042324066
0.2683938443660736
0.27034032344818115
0.2729896903038025
0.2760147452354431
0.2719143033027649
0.26922810077667236
0.2688513696193695
0.2677440643310547
0.26150786876678467
0.2624817192554474
0.2681065797805786
0.2711870074272156
0.2673899233341217
0.26847702264785767
0.2636287808418274
0.2610560357570648
0.2579732835292816
0.260189026594162
0.2596449553966522
0.2620598077774048
0.2577309310436249
0.2549823820590973
0.2600281238555908
0.26883867383003235
0.2633171081542969
0.2658390700817108
0.2665275037288666
0.26872339844703674
0.2679814100265503
0.26903805136680603
0.2771565914154053
0.28123632073402405
0.2776029109954834
0.2817033529281616
0.27865543961524963
0.27094653248786926
0.2667306065559387
0.2659209668636322
0.2557481825351715
0.24657271802425385
0.24623702466487885
0.2514706254005432
0.24789685010910034
0.252442866563797
0.25212496519088745
0.24887821078300476
0.2568691670894623
0.262582391500473
0.2663513123989105
0.2731858789920807
0.2741405665874481
0.27633994817733765
0.27494505047798157
0.2732926309108734
0.2792893052101135
0.2734937369823456
0.2697598338127136
0.2789284586906433
0.2759142816066742
0.266695111989975
0.2620604634284973
0.2617332637310028
0.23531433939933777
0.2304536998271942
0.2400801032781601
0.24421744048595428
0.24071837961673737
0.23880505561828613
0.2374010682106018
0.2387278527021408
0.25493770837783813
0.2462344765663147
0.24501410126686096
0.25745755434036255
0.2564028203487396
0.25182703137397766
0.2528691589832306
0.2559967041015625
0.2604408264160156
0.26350462436676025
0.26603803038597107
0.2741853594779968
0.2776540219783783
0.2738001048564911
0.26138946413993835
0.270815908908844
0.25268277525901794
0.23881396651268005
0.23335658013820648
0.22760233283042908
0.22266143560409546
0.22186894714832306
0.22878912091255188
0.22916384041309357
0.23034071922302246
0.2195942997932434
0.21846967935562134
0.21960139274597168
0.21972942352294922
0.21712234616279602
0.21982741355895996
0.22386504709720612
0.2238791137933731
0.22493529319763184
0.22401396930217743
0.23042845726013184
0.2289150208234787
0.22334080934524536
0.2203536331653595
0.22850656509399414
0.2146071046590805
0.20305101573467255
0.202950581908226
0.20165228843688965
0.1996244341135025
0.19291938841342926
0.20004963874816895
0.19650891423225403
0.2076236605644226
0.196994811296463
0.1924835592508316
0.1907396912574768
0.18754638731479645
0.18203020095825195
0.17850756645202637
0.1799212247133255
0.17990435659885406
0.1812344193458557
0.18131136894226074
0.18339693546295166
0.17602232098579407
0.17297884821891785
0.17153966426849365
0.1640818864107132
0.1571504771709442
0.15824325382709503
0.15316414833068848
0.15155121684074402
0.14961040019989014
0.15134155750274658
0.15672701597213745
0.15442456305027008
0.15870410203933716
0.14371061325073242
0.13950465619564056
0.13877208530902863
0.13722427189350128
0.1341075450181961
0.13328325748443604
0.1337895691394806
0.13421323895454407
0.13769637048244476
0.13536188006401062
0.13975559175014496
0.1343592256307602
0.1381474733352661
0.1406007558107376
0.12934145331382751
0.12415717542171478
0.12525062263011932
0.12445082515478134
0.12314143776893616
0.12157636135816574
0.11834094673395157
0.12248073518276215
0.12171822041273117
0.12871740758419037
0.12419038265943527
0.12181995064020157
0.12069892883300781
0.11918822675943375
0.11586843430995941
0.11591769754886627
0.11435433477163315
0.11399684846401215
0.11491255462169647
0.11151939630508423
0.12101403623819351
0.12268003821372986
0.12520430982112885
0.122748963534832
0.12208370864391327
0.12122669816017151
0.11725739389657974
0.1166887879371643
0.11715982109308243
0.1196683719754219
0.11808393150568008
0.11426035314798355
0.11672723293304443
0.11759927123785019
0.11836900562047958
0.11377855390310287
0.11380956321954727
0.11104364693164825
0.10976675897836685
0.10928022116422653
0.10790577530860901
0.11139745265245438
0.11492649465799332
0.11279667168855667
0.1120963841676712
0.10942613333463669
0.10706789046525955
0.1047338917851448
0.10474208742380142
0.10432148724794388
0.10565534234046936
0.10610080510377884
0.1091674193739891
0.10922326892614365
0.11002665013074875
0.10884199291467667
0.10720577836036682
0.10694277286529541
0.11003584414720535
0.11042510718107224
0.10733446478843689
0.10842957347631454
0.10762277245521545
0.10996904969215393
0.10994818061590195
0.11161868274211884
0.11035311967134476
0.11300160735845566
0.11504730582237244
0.10961854457855225
0.10740076005458832
0.10744421929121017
0.10877188295125961
0.1086302101612091
0.10914520174264908
0.11074240505695343
0.109295554459095
0.10886168479919434
0.11016776412725449
0.10828056931495667
0.10955436527729034
0.11105430871248245
0.10938780754804611
0.10799501836299896
0.10881336033344269
0.10869642347097397
0.10921188443899155
0.11172894388437271
0.11360684037208557
0.11414094269275665
0.11318252980709076
0.11514145135879517
0.11671196669340134
0.11283005028963089
0.11254580318927765
0.1132032722234726
0.1137499064207077
0.11457370221614838
0.11339087039232254
0.11615355312824249
0.11687223613262177
0.11714120209217072
0.11213846504688263
0.11424002796411514
0.11674530059099197
0.12090402096509933
0.11739195138216019
0.11697760224342346
0.11567246913909912
0.11627182364463806
0.1154387891292572
0.11569806933403015
0.11620214581489563
0.11517217755317688
0.11405865848064423
0.11724686622619629
0.1194116547703743
0.11659332364797592
0.11527242511510849
0.11417661607265472
0.11482618004083633
0.11269419640302658
0.11263873428106308
0.11281099170446396
0.11485933512449265
0.11704011261463165
0.11645833402872086
0.11364224553108215
0.11494968831539154
0.12301948666572571
0.11680101603269577
0.11515244841575623
0.1147656962275505
0.11580019444227219
0.114473357796669
0.11392578482627869
0.11357764154672623
0.11561594158411026
0.11938958615064621
0.1250106394290924
0.13054007291793823
0.11555313318967819
0.11402774602174759
0.11169242113828659
0.11438364535570145
0.11255599558353424
0.11197184771299362
0.10983024537563324
0.10926255583763123
0.10698249936103821
0.10759226232767105
0.11165790259838104
0.11659374833106995
0.11321099102497101
0.10499216616153717
0.10358595103025436
0.10310245305299759
0.10259303450584412
0.10263088345527649
0.10325619578361511
0.1048346683382988
0.10560239106416702
0.1069444939494133
0.10795391350984573
0.10863206535577774
0.10580737888813019
0.10427527129650116
0.10444801300764084
0.10477116703987122
0.10426299273967743
0.1040613204240799
0.10467065125703812
0.10498389601707458
0.10553044080734253
0.10616686195135117
0.10943172872066498
0.10954631865024567
0.11696169525384903
0.11525469273328781
0.11346106231212616
0.1115872859954834
0.10751080513000488
0.10689526796340942
0.10427587479352951
0.10559963434934616
0.10545621812343597
0.10349304974079132
0.10258807241916656
0.10390493273735046
0.10776660591363907
0.1045944020152092
0.10388519614934921
0.1020912230014801
0.09965698421001434
0.09953584522008896
0.09921597689390182
0.09928189963102341
0.09998868405818939
0.10134892910718918
0.10133756697177887
0.09811054915189743
0.1002277359366417
0.10210303962230682
0.09982163459062576
0.101446732878685
0.10083813965320587
0.0990334302186966
0.10001937299966812
0.10213591903448105
0.10611428320407867
0.10631147027015686
0.10465197265148163
0.1059044599533081
0.1034042090177536
0.10143166035413742
0.10500093549489975
0.10509946942329407
0.10396216064691544
0.10454219579696655
0.1055959090590477
0.10419972985982895
0.10518493503332138
0.10546080023050308
0.10569969564676285
0.10447553545236588
0.10289007425308228
0.10708994418382645
0.10683237016201019
0.10457718372344971
0.10297870635986328
0.10216428339481354
0.10306119173765182
0.10382112115621567
0.10645675659179688
0.10708073526620865
0.10520707070827484
0.10551963001489639
0.10593878477811813
0.10538610816001892
0.10607724636793137
0.10838247090578079
0.10788620263338089
0.10864364355802536
0.10872279107570648
0.10884172469377518
0.10902994871139526
0.1103142648935318
0.1101948618888855
0.11434277892112732
0.11807108670473099
0.12216350436210632
0.12336689978837967
0.12572114169597626
0.12437141686677933
0.12411166727542877
0.12327966094017029
0.12290456146001816
0.12483736872673035
0.12107128649950027
0.12123635411262512
0.11912856996059418
0.12186263501644135
0.12167200446128845
0.11916833370923996
0.11827048659324646
0.11602365225553513
0.11482132971286774
0.11460193991661072
0.11420710384845734
0.11617061495780945
0.11387387663125992
0.1135958656668663
0.1168091669678688
0.11735348403453827
0.11437316238880157
0.11541753262281418
0.11588790267705917
0.11702219396829605
0.11733169853687286
0.11733606457710266
0.11633750051259995
0.11659038066864014
0.11842677742242813
0.11607257276773453
0.11795487999916077
0.11776651442050934
0.11864130944013596
0.11780619621276855
0.11794844269752502
0.1171163022518158
0.11646174639463425
0.11585889756679535
0.11585905402898788
0.11399021744728088
0.11342509090900421
0.11390314996242523
0.11288056522607803
0.12037321925163269
0.12176734209060669
0.11993113905191422
0.1237136721611023
0.12654566764831543
0.12512117624282837
0.12395212054252625
0.12223989516496658
0.12132475525140762
0.11983421444892883
0.11588050425052643
0.11487015336751938
0.11525334417819977
0.11684994399547577
0.11823095381259918
0.11932849138975143
0.11694982647895813
0.11487734317779541
0.11150254309177399
0.11097514629364014
0.11330210417509079
0.11188652366399765
0.11368320137262344
0.11651177704334259
0.11271821707487106
0.11644952744245529
0.11807093024253845
0.11838217824697495
0.11851423978805542
0.12036396563053131
0.12070832401514053
0.1196981817483902
0.11946157366037369
0.12280818819999695
0.11883188039064407
0.12061503529548645
0.11745134741067886
0.1160673275589943
0.11885090172290802
0.11641200631856918
0.11777491122484207
0.12157514691352844
0.12174387276172638
0.12060293555259705
0.12149011343717575
0.12278703600168228
0.12484430521726608
0.13453438878059387
0.13253702223300934
0.13542966544628143
0.1358068436384201
0.13761048018932343
0.1361311823129654
0.13386954367160797
0.12910425662994385
0.12684859335422516
0.12454785406589508
0.12341777980327606
0.12076501548290253
0.12383978068828583
0.12886881828308105
0.13025200366973877
0.13151264190673828
0.12737874686717987
0.12504321336746216
0.12182461470365524
0.12090643495321274
0.12237278372049332
0.12103211879730225
0.12067430466413498
0.12052042782306671
0.11991722881793976
0.11770162731409073
0.11974835395812988
0.11895093321800232
0.11831790953874588
0.17285697162151337
0.1788325309753418
0.17963752150535583
0.1793357878923416
0.18154765665531158
0.18241240084171295
0.17693696916103363
0.1777738630771637
0.17722053825855255
0.17529916763305664
0.17241452634334564
0.17203377187252045
0.1723567545413971
0.17144037783145905
0.17242005467414856
0.17368227243423462
0.17555701732635498
0.17504280805587769
0.17295747995376587
0.17251192033290863
0.176618292927742
0.1738014817237854
0.17450597882270813
0.17468348145484924
0.17384518682956696
0.17232047021389008
0.17362864315509796
0.17658203840255737
0.17709369957447052
0.17744038999080658
0.1790703684091568
0.1804451048374176
0.17695452272891998
0.1757974773645401
0.17712342739105225
0.17589737474918365
0.18018049001693726
0.17996074259281158
0.18020153045654297
0.1813454031944275
0.18050454556941986
0.18283836543560028
0.18236926198005676
0.1793856918811798
0.1801462173461914
0.17702020704746246
0.17773625254631042
0.1777094602584839
0.17736315727233887
0.17933297157287598
0.1837485134601593
0.18647855520248413
0.18784387409687042
0.18618452548980713
0.18937084078788757
0.19468222558498383
0.18781208992004395
0.18560145795345306
0.1855577826499939
0.18351082503795624
0.18470622599124908
0.18320123851299286
0.1831815391778946
0.18125151097774506
0.18328867852687836
0.1827024668455124
0.18277117609977722
0.18227215111255646
0.18742269277572632
0.1795809268951416
0.1803949773311615
0.18004338443279266
0.17691826820373535
0.17637604475021362
0.1795128583908081
0.1810789704322815
0.180222749710083
0.17905573546886444
0.17945609986782074
0.18319858610630035
0.17970624566078186
0.17628100514411926
0.1763049215078354
0.18057790398597717
0.179733008146286
0.17539921402931213
0.1737523227930069
0.17453834414482117
0.17642374336719513
0.17848436534404755
0.1766468733549118
0.1775795966386795
0.18750038743019104
0.18261490762233734
0.18098163604736328
0.17942877113819122
0.1317872852087021
0.12719272077083588
0.1256830245256424
0.12478313595056534
0.12264838069677353
0.11976383626461029
0.1224948987364769
0.12258843332529068
0.11820568889379501
0.11665438115596771
0.12373017519712448
0.12325238436460495
0.12164565920829773
0.12468621879816055
0.12510079145431519
0.12415865808725357
0.12467587739229202
0.12934798002243042
0.1267201453447342
0.12498056143522263
0.13241277635097504
0.13181030750274658
0.12794876098632812
0.1277139037847519
0.12511131167411804
0.12469304352998734
0.12485438585281372
0.12461906671524048
0.12296873331069946
0.12254664301872253
0.12223675101995468
0.12425874173641205
0.12628532946109772
0.12725816667079926
0.12868593633174896
0.12783588469028473
0.13028010725975037
0.13067375123500824
0.12850771844387054
0.12650740146636963
0.12769511342048645
0.12777644395828247
0.12738044559955597
0.13108819723129272
0.1371554434299469
0.13733473420143127
0.137257382273674
0.16416385769844055
0.1468360722064972
0.1434936225414276
0.13993550837039948
0.13789823651313782
0.13228969275951385
0.12865667045116425
0.12684136629104614
0.13532359898090363
0.14345359802246094
0.14760693907737732
0.1461232453584671
0.14433731138706207
0.14150740206241608
0.14128431677818298
0.13832338154315948
0.1373973786830902
0.1380491703748703
0.13552197813987732
0.13333719968795776
0.13475194573402405
0.13269685208797455
0.1299653798341751
0.1280493140220642
0.12767060101032257
0.12912005186080933
0.12811222672462463
0.12803921103477478
0.12862694263458252
0.13228733837604523
0.13419906795024872
0.13525785505771637
0.1360379010438919
0.13530424237251282
0.13272720575332642
0.1314035803079605
0.1271739900112152
0.12718982994556427
0.12748990952968597
0.1276993304491043
0.12758922576904297
0.12653283774852753
0.13038784265518188
0.1326940655708313
0.13444404304027557
0.1341245472431183
0.13671259582042694
0.14192700386047363
0.1426922082901001
0.14125096797943115
0.14077125489711761
0.1398950070142746
0.14370444416999817
0.147071972489357
0.14326831698417664
0.1442938596010208
0.13841627538204193
0.1373908668756485
0.13497863709926605
0.13397176563739777
0.1348571479320526
0.13489317893981934
0.13764096796512604
0.1373548060655594
0.1380079835653305
0.14048486948013306
0.1415078043937683
0.14383772015571594
0.1410035938024521
0.14956609904766083
0.15250930190086365
0.1510293185710907
0.14164476096630096
0.1417069286108017
0.14299321174621582
0.1422925442457199
0.1445033848285675
0.14521408081054688
0.14098554849624634
0.13781923055648804
0.13766512274742126
0.1359575241804123
0.13301844894886017
0.13461053371429443
0.13697127997875214
0.13734325766563416
0.1376134604215622
0.14054100215435028
0.14093029499053955
0.14432112872600555
0.14914841949939728
0.14833411574363708
0.1454181671142578
0.1514861136674881
0.14819206297397614
0.14795176684856415
0.15100330114364624
0.15002501010894775
0.15008953213691711
0.15024036169052124
0.14975616335868835
0.15113747119903564
0.14828214049339294
0.1490183174610138
0.14986294507980347
0.1476614624261856
0.1462741196155548
0.14670120179653168
0.1497543603181839
0.14752539992332458
0.1446436047554016
0.14885959029197693
0.15041594207286835
0.15338240563869476
0.15566140413284302
0.1550912857055664
0.15199360251426697
0.15394946932792664
0.15110011398792267
0.1515422761440277
0.15175147354602814
0.15524478256702423
0.15263967216014862
0.1523154228925705
0.15234266221523285
0.15311162173748016
0.1506681740283966
0.15076923370361328
0.14786690473556519
0.1457701474428177
0.14399026334285736
0.14572463929653168
0.1504940390586853
0.14953775703907013
0.14994537830352783
0.1528710126876831
0.15344367921352386
0.1520727127790451
0.15377937257289886
0.15215915441513062
0.149077370762825
0.1484939455986023
0.14746037125587463
0.14695625007152557
0.1460992991924286
0.14549821615219116
0.14475131034851074
0.14576774835586548
0.14818091690540314
0.14971208572387695
0.14664307236671448
0.1528444141149521
0.14955247938632965
0.14608134329319
0.13598018884658813
0.13957105576992035
0.14017541706562042
0.13777370750904083
0.13715705275535583
0.1357394903898239
0.13611161708831787
0.1400902420282364
0.14380839467048645
0.14788898825645447
0.14466850459575653
0.15149322152137756
0.144602432847023
0.14368170499801636
0.14504919946193695
0.14720112085342407
0.146982803940773
0.14655907452106476
0.14613085985183716
0.1448163092136383
0.1429463028907776
0.13934177160263062
0.14912384748458862
0.15292896330356598
0.1538267582654953
0.1508888304233551
0.14869648218154907
0.14685620367527008
0.14614614844322205
0.1481499820947647
0.15355184674263
0.15951094031333923
0.16397929191589355
0.16276828944683075
0.15502862632274628
0.1583511233329773
0.16386385262012482
0.16040994226932526
0.1682618260383606
0.16401726007461548
0.15849560499191284
0.15834149718284607
0.15928931534290314
0.16289815306663513
0.1642032116651535
0.16192322969436646
0.16310662031173706
0.16481655836105347
0.16110119223594666
0.1572948545217514
0.15596991777420044
0.15934216976165771
0.16034279763698578
0.1604459583759308
0.16053934395313263
0.1616607904434204
0.16005294024944305
0.16107621788978577
0.15826980769634247
0.15738308429718018
0.15752826631069183
0.1602296233177185
0.15954869985580444
0.15328170359134674
0.15238983929157257
0.15382130444049835
0.15688244998455048
0.15901391208171844
0.15850339829921722
0.15754704177379608
0.15870587527751923
0.15709993243217468
0.15178176760673523
0.1518477499485016
0.14528816938400269
0.1459355503320694
0.14995241165161133
0.15226641297340393
0.15549586713314056
0.15567520260810852
0.1547900140285492
0.1506965011358261
0.1480269879102707
0.1487571895122528
0.1451002061367035
0.14476294815540314
0.14549195766448975
0.14084883034229279
0.1380317062139511
0.1409943550825119
0.14325164258480072
0.14417874813079834
0.14739719033241272
0.14484138786792755
0.14639891684055328
0.14721079170703888
0.14903004467487335
0.14925482869148254
0.14484010636806488
0.13966970145702362
0.1358509063720703
0.13459265232086182
0.13581691682338715
0.1357164978981018
0.13227227330207825
0.13319019973278046
0.1300104409456253
0.13017787039279938
0.13153420388698578
0.1327064335346222
0.13213081657886505
0.12668964266777039
0.12603726983070374
0.12505443394184113
0.12400229275226593
0.1246420368552208
0.12604600191116333
0.12412168085575104
0.12575018405914307
0.1283540427684784
0.13045719265937805
0.1267748773097992
0.12509121000766754
0.12569667398929596
0.12462957948446274
0.12210533767938614
0.11941809207201004
0.11856061220169067
0.11955510824918747
0.1210600733757019
0.11794736236333847
0.11806978285312653
0.1171947494149208
0.11753556877374649
0.1180080696940422
0.11695513874292374
0.11589017510414124
0.11591744422912598
0.11600550264120102
0.11465687304735184
0.1158352717757225
0.11503197997808456
0.11099512130022049
0.11105380207300186
0.11390524357557297
0.1142229288816452
0.11797337234020233
0.12188547104597092
0.12361180782318115
0.1232132837176323
0.12546029686927795
0.12609952688217163
0.1293720155954361
0.1295180767774582
0.12579068541526794
0.12724675238132477
0.12759265303611755
0.12811346352100372
0.12820987403392792
0.12773653864860535
0.12758657336235046
0.12682615220546722
0.12612691521644592
0.1271212249994278
0.12867213785648346
0.13035523891448975
0.1283632516860962
0.12736672163009644
0.12999984622001648
0.1325027197599411
0.13346850872039795
0.1348455846309662
0.13689592480659485
0.1386772245168686
0.14038169384002686
0.13969258964061737
0.14182530343532562
0.14444492757320404
0.1471804827451706
0.14701634645462036
0.15093141794204712
0.1532130390405655
0.1527213454246521
0.15423856675624847
0.15349125862121582
0.14992107450962067
0.14974132180213928
0.1532513052225113
0.1555456817150116
0.15943977236747742
0.15451614558696747
0.15289971232414246
0.15794946253299713
0.15754519402980804
0.15832775831222534
0.1574409455060959
0.1615990698337555
0.16068010032176971
0.16288836300373077
0.16010291874408722
0.16169749200344086
0.1651371568441391
0.15999910235404968
0.17041273415088654
0.16918355226516724
0.1700250804424286
0.17294907569885254
0.16677115857601166
0.16602112352848053
0.16618755459785461
0.1647062599658966
0.16401119530200958
0.1700471192598343
0.16951586306095123
0.16861581802368164
0.16890361905097961
0.16580982506275177
0.1684679388999939
0.1664499044418335
0.17164865136146545
0.17567512392997742
0.1776716411113739
0.17849880456924438
0.18263143301010132
0.18330538272857666
0.18905287981033325
0.19546382129192352
0.2178972214460373
0.2325439751148224
0.23763494193553925
0.2336733639240265
0.22537091374397278
0.22178852558135986
0.22489285469055176
0.22993561625480652
0.2325727343559265
0.23805847764015198
0.23316316306591034
0.23640431463718414
0.24449968338012695
0.2402457594871521
0.2474546581506729
0.25059670209884644
0.24884063005447388
0.2592839300632477
0.2624286115169525
0.26998159289360046
0.2710569500923157
0.26785820722579956
0.2692999839782715
0.2710384130477905
0.27811941504478455
0.2781425416469574
0.2874279320240021
0.2871178388595581
0.28172725439071655
0.28391534090042114
0.286131352186203
0.28959524631500244
0.29481279850006104
0.3075706660747528
0.30147579312324524
0.30060434341430664
0.31011196970939636
0.29729601740837097
0.29466962814331055
0.2954411506652832
0.2991441488265991
0.2983701825141907
0.3019482493400574
0.30109289288520813
0.29300859570503235
0.28725287318229675
0.28725916147232056
0.28518250584602356
0.2984025478363037
0.30175426602363586
0.30998167395591736
0.3154779374599457
0.3069819211959839
0.3028090000152588
0.3023538589477539
0.2900914251804352
0.2981620132923126
0.30879929661750793
0.3003407120704651
0.32064467668533325
0.3082219660282135
0.3302125036716461
0.32883360981941223
0.3454733192920685
0.3450711667537689
0.3370111584663391
0.32552042603492737
0.31066036224365234
0.2833765745162964
0.2743602693080902
0.27451857924461365
0.26659703254699707
0.2757986783981323
0.2792353332042694
0.27803823351860046
0.27476635575294495
0.28520241379737854
0.2852669656276703
0.28598180413246155
0.29134103655815125
0.2956901788711548
0.295154869556427
0.29047131538391113
0.2977644205093384
0.30159062147140503
0.300906777381897
0.2983607053756714
0.3054385483264923
0.30495500564575195
0.2839216887950897
0.2793872058391571
0.27228233218193054
0.267826110124588
0.26248160004615784
0.2660931944847107
0.2521456182003021
0.24432379007339478
0.24438533186912537
0.25319382548332214
0.2536337673664093
0.2531556189060211
0.24681873619556427
0.24292391538619995
0.24430608749389648
0.2430635541677475
0.23779621720314026
0.23291003704071045
0.24336248636245728
0.24760861694812775
0.25574827194213867
0.2625865936279297
0.26345834136009216
0.2653966248035431
0.25872528553009033
0.25259649753570557
0.24634800851345062
0.23851297795772552
0.23818983137607574
0.2432597428560257
0.24533621966838837
0.25391629338264465
0.2553033232688904
0.25630831718444824
0.2588483393192291
0.25774946808815
0.2537279725074768
0.249276801943779
0.24516010284423828
0.24533256888389587
0.24889039993286133
0.24534565210342407
0.2429427057504654
0.24531640112400055
0.2490263432264328
0.25058263540267944
0.24631613492965698
0.23986709117889404
0.23206572234630585
0.23120133578777313
0.23702414333820343
0.2397163212299347
0.24107211828231812
0.25064367055892944
0.24544689059257507
0.24570856988430023
0.24909889698028564
0.2468624711036682
0.25041061639785767
0.2497406005859375
0.2449152171611786
0.24167923629283905
0.23931458592414856
0.2389705777168274
0.2456303983926773
0.25026726722717285
0.24938303232192993
0.23787102103233337
0.23370139300823212
0.2222106158733368
0.21758748590946198
0.21486511826515198
0.2181384563446045
0.21670565009117126
0.21727439761161804
0.22161626815795898
0.21909880638122559
0.22070255875587463
0.21317888796329498
0.21865691244602203
0.22305819392204285
0.22296643257141113
0.225983664393425
0.2224232405424118
0.2180430144071579
0.2181103676557541
0.22218453884124756
0.2223435342311859
0.2248476892709732
0.22208301723003387
0.2200622707605362
0.21751634776592255
0.2166416496038437
0.22125785052776337
0.21306048333644867
0.20240096747875214
0.19783003628253937
0.1950683891773224
0.19737526774406433
0.1940946877002716
0.19224520027637482
0.1968861222267151
0.1933806836605072
0.19979089498519897
0.19996774196624756
0.20188574492931366
0.20092274248600006
0.19990022480487823
0.1977446973323822
0.1972939372062683
0.19733697175979614
0.19247841835021973
0.19583992660045624
0.18928572535514832
0.19222362339496613
0.19462189078330994
0.19855187833309174
0.20038387179374695
0.19874684512615204
0.19981414079666138
0.19973476231098175
0.19882206618785858
0.20272798836231232
0.20560508966445923
0.2011604607105255
0.20364980399608612
0.20202532410621643
0.21606825292110443
0.2155204862356186
0.21389569342136383
0.21320182085037231
0.20774780213832855
0.2036380022764206
0.1999925971031189
0.1975133866071701
0.19543661177158356
0.1981688141822815
0.1893371343612671
0.18616598844528198
0.19794492423534393
0.20181912183761597
0.19773703813552856
0.18842098116874695
0.18134228885173798
0.17499354481697083
0.1663583517074585
0.16568630933761597
0.16194775700569153
0.16289059817790985
0.1688132882118225
0.162431001663208
0.17180119454860687
0.17056071758270264
0.16570314764976501
0.16727139055728912
0.1743222177028656
0.17305907607078552
0.17406371235847473
0.17625686526298523
0.17539046704769135
0.16674767434597015
0.16219937801361084
0.1654718965291977
0.16846337914466858
0.1739230751991272
0.17460042238235474
0.17702054977416992
0.1707419455051422
0.16817857325077057
0.16248995065689087
0.16697372496128082
0.16772623360157013
0.16668756306171417
0.17142164707183838
0.1758699268102646
0.17917032539844513
0.17782346904277802
0.1771974265575409
0.18002521991729736
0.1723104566335678
0.17008954286575317
0.16723138093948364
0.1640273630619049
0.16531753540039062
0.16175483167171478
0.1654474288225174
0.1645171046257019
0.1693597435951233
0.17949195206165314
0.1712716519832611
0.17014957964420319
0.17665089666843414
0.17896102368831635
0.17034441232681274
0.16769492626190186
0.16715826094150543
0.17056237161159515
0.1733679175376892
0.16906557977199554
0.17120850086212158
0.1720840036869049
0.17537981271743774
0.1753244549036026
0.16879060864448547
0.16464614868164062
0.16467858850955963
0.16356304287910461
0.16600365936756134
0.1640709638595581
0.16535122692584991
0.1686437577009201
0.17030520737171173
0.1683575063943863
0.1613139659166336
0.15833470225334167
0.15733641386032104
0.15771102905273438
0.15885697305202484
0.15791083872318268
0.15958189964294434
0.16174286603927612
0.16091367602348328
0.15799905359745026
0.15715643763542175
0.15471471846103668
0.15367375314235687
0.15365366637706757
0.1545739322900772
0.15372933447360992
0.154641255736351
0.156118243932724
0.15977582335472107
0.15919247269630432
0.15957696735858917
0.15689440071582794
0.1536226123571396
0.1522267609834671
0.14964118599891663
0.15059135854244232
0.14985913038253784
0.15359875559806824
0.15472650527954102
0.15601277351379395
0.15911948680877686
0.17868240177631378
0.1805894523859024
0.18348629772663116
0.1610712707042694
0.1628926694393158
0.1668497920036316
0.16162462532520294
0.15862375497817993
0.15615475177764893
0.15666456520557404
0.15949897468090057
0.15963923931121826
0.16073429584503174
0.15966379642486572
0.1542179435491562
0.14862534403800964
0.14639276266098022
0.14547429978847504
0.1422741562128067
0.1427748054265976
0.14541220664978027
0.1452437937259674
0.14125646650791168
0.14156541228294373
0.14379765093326569
0.142728790640831
0.14280325174331665
0.14488203823566437
0.1432623267173767
0.14136554300785065
0.14129170775413513
0.13968859612941742
0.13934296369552612
0.13823767006397247
0.13898402452468872
0.14312925934791565
0.13909518718719482
0.13712067902088165
0.13816316425800323
0.1409166157245636
0.14314816892147064
0.14501240849494934
0.14420798420906067
0.14161433279514313
0.14247457683086395
0.1403350979089737
0.14036409556865692
0.13927842676639557
0.13845625519752502
0.1369587779045105
0.13513591885566711
0.13738171756267548
0.1378619521856308
0.13897119462490082
0.13947175443172455
0.138201043009758
0.1381296068429947
0.13562817871570587
0.13580448925495148
0.1369611918926239
0.13803806900978088
0.13923391699790955
0.14050590991973877
0.14628686010837555
0.14880836009979248
0.15129049122333527
0.15107758343219757
0.1517876833677292
0.15167385339736938
0.14940620958805084
0.15133678913116455
0.1473177969455719
0.14544542133808136
0.15098486840724945
0.14997723698616028
0.1527465432882309
0.15114185214042664
0.15262703597545624
0.15177980065345764
0.15282155573368073
0.15614429116249084
0.15509822964668274
0.15770186483860016
0.15634995698928833
0.1593070775270462
0.15939991176128387
0.15505154430866241
0.15633876621723175
0.1585116684436798
0.15989282727241516
0.16255393624305725
0.1605132669210434
0.15709416568279266
0.1554897427558899
0.15287108719348907
0.15395058691501617
0.15107573568820953
0.15916666388511658
0.1602860540151596
0.1545673906803131
0.1572781652212143
0.16037729382514954
0.16135349869728088
0.15898802876472473
0.15605655312538147
0.15565817058086395
0.15801654756069183
0.15876075625419617
0.16170662641525269
0.15782515704631805
0.15900187194347382
0.15829560160636902
0.15795737504959106
0.1548122763633728
0.1530340611934662
0.15353746712207794
0.15439796447753906
0.1541879028081894
0.1583695113658905
0.1572963148355484
0.15680015087127686
0.1597255915403366
0.1596522480249405
0.15960705280303955
0.16007879376411438
0.16151365637779236
0.16277089715003967
0.16027706861495972
0.15750515460968018
0.15793709456920624
0.15907631814479828
0.15754112601280212
0.15824052691459656
0.16114704310894012
0.16574211418628693
0.16747616231441498
0.17406196892261505
0.1690787523984909
0.16798298060894012
0.16578203439712524
0.16462357342243195
0.16544057428836823
0.1605859249830246
0.1644945740699768
0.16265437006950378
0.16167229413986206
0.16271792352199554
0.15643218159675598
0.15685269236564636
0.15265800058841705
0.15106616914272308
0.14889827370643616
0.1457233428955078
0.1474435180425644
0.14943306148052216
0.150944784283638
0.15089988708496094
0.15211866796016693
0.1534864604473114
0.1522415578365326
0.15432842075824738
0.1523827612400055
0.14985603094100952
0.14795441925525665
0.14722278714179993
0.14762893319129944
0.14866918325424194
0.1495770812034607
0.15722180902957916
0.1529814600944519
0.15267936885356903
0.1504947692155838
0.15101920068264008
0.15048031508922577
0.14746136963367462
0.14562857151031494
0.14328938722610474
0.14298783242702484
0.14634311199188232
0.1487361490726471
0.1455649435520172
0.14627724885940552
0.14639368653297424
0.1442691534757614
0.14270935952663422
0.14488418400287628
0.1473735123872757
0.14557002484798431
0.1454245001077652
0.14666055142879486
0.1459679901599884
0.14508861303329468
0.14485310018062592
0.14346057176589966
0.14580057561397552
0.15198810398578644
0.149715855717659
0.14604143798351288
0.14637449383735657
0.144666388630867
0.14402902126312256
0.14511507749557495
0.14638476073741913
0.14585237205028534
0.14629164338111877
0.1442209780216217
0.14732065796852112
0.14696238934993744
0.14898526668548584
0.15116377174854279
0.15487715601921082
0.15482959151268005
0.15493156015872955
0.15206143260002136
0.15376976132392883
0.15418462455272675
0.15053777396678925
0.1498798131942749
0.14978662133216858
0.15174582600593567
0.1531115174293518
0.1547688990831375
0.15369157493114471
0.15293072164058685
0.15149490535259247
0.1510777622461319
0.15151318907737732
0.1512340009212494
0.15221300721168518
0.15331493318080902
0.1594795435667038
0.15932513773441315
0.15932832658290863
0.160447895526886
0.16049757599830627
0.16439905762672424
0.16568885743618011
0.16412009298801422
0.1603613644838333
0.15693692862987518
0.15583543479442596
0.15653373301029205
0.15157359838485718
0.15625958144664764
0.14792820811271667
0.1457129865884781
0.1474340409040451
0.14828792214393616
0.1472965031862259
0.14670924842357635
0.1464182436466217
0.14506705105304718
0.1443721354007721
0.14338144659996033
0.14324824512004852
0.14293470978736877
0.14202244579792023
0.14439961314201355
0.14451530575752258
0.14498727023601532
0.14829635620117188
0.14890815317630768
0.14929993450641632
0.15001630783081055
0.14877478778362274
0.15087704360485077
0.1461850255727768
0.14457692205905914
0.1438552737236023
0.1426398903131485
0.14348478615283966
0.1423153132200241
0.14256057143211365
0.14594945311546326
0.14565257728099823
0.14699383080005646
0.14561505615711212
0.1501445323228836
0.151127427816391
0.14579086005687714
0.14598308503627777
0.1443033069372177
0.14483216404914856
0.1447247862815857
0.1458037793636322
0.14464178681373596
0.14757122099399567
0.15021274983882904
0.15289288759231567
0.15562669932842255
0.15533828735351562
0.15549461543560028
0.15199251472949982
0.14801840484142303
0.1484687179327011
0.1461818814277649
0.14440591633319855
0.1436614692211151
0.14341804385185242
0.14538447558879852
0.14583398401737213
0.14626796543598175
0.14811350405216217
0.14913591742515564
0.15338341891765594
0.1511063575744629
0.1470041275024414
0.1456422209739685
0.143774151802063
0.1434973031282425
0.1441401243209839
0.1449926495552063
0.14812764525413513
0.1480954885482788
0.14819452166557312
0.14901120960712433
0.14893658459186554
0.14645066857337952
0.1479915976524353
0.14787937700748444
0.1481400728225708
0.14662937819957733
0.14598599076271057
0.14799614250659943
0.15065260231494904
0.15405765175819397
0.15253221988677979
0.15248514711856842
0.15141840279102325
0.14998969435691833
0.1492711901664734
0.1494312733411789
0.14744926989078522
0.14539195597171783
0.14448986947536469
0.14327657222747803
0.14398600161075592
0.14455366134643555
0.14229527115821838
0.1463496834039688
0.15067525207996368
0.15222127735614777
0.1533314436674118
0.15266931056976318
0.1525762528181076
0.15323494374752045
0.15404152870178223
0.15423113107681274
0.1509106159210205
0.14879220724105835
0.15033355355262756
0.14969806373119354
0.15068577229976654
0.14902129769325256
0.14709283411502838
0.1494937390089035
0.15323394536972046
0.15297001600265503
0.15391862392425537
0.1548476666212082
0.15554852783679962
0.15783140063285828
0.16219878196716309
0.17726117372512817
0.18218523263931274
0.17724689841270447
0.17600004374980927
0.1701776087284088
0.16355042159557343
0.16184309124946594
0.16029560565948486
0.16242754459381104
0.16327323019504547
0.16100555658340454
0.16334855556488037
0.16733023524284363
0.167941614985466
0.1690652072429657
0.17183330655097961
0.16829515993595123
0.1694442331790924
0.16910196840763092
0.17001666128635406
0.16865798830986023
0.1660032719373703
0.1705344170331955
0.17103257775306702
0.17374920845031738
0.17484310269355774
0.1777910739183426
0.178934708237648
0.178524911403656
0.17746657133102417
0.1772884726524353
0.17543160915374756
0.17376871407032013
0.17879536747932434
0.17294736206531525
0.17502880096435547
0.1759050488471985
0.1773427277803421
0.17821243405342102
0.17859363555908203
0.1770590990781784
0.1804772913455963
0.1794734001159668
0.17777153849601746
0.17298346757888794
0.17394234240055084
0.18042275309562683
0.1804775446653366
0.1835688203573227
0.18419073522090912
0.18578346073627472
0.18739818036556244
0.18967057764530182
0.19107487797737122
0.1927885115146637
0.19637621939182281
0.19711966812610626
0.19979166984558105
0.19179300963878632
0.18552599847316742
0.1849391907453537
0.1893640160560608
0.19556580483913422
0.1993674486875534
0.2089521586894989
0.19833804666996002
0.1974550485610962
0.20278409123420715
0.20366431772708893
0.2081213742494583
0.2108575850725174
0.2127208113670349
0.20313051342964172
0.20817507803440094
0.20732907950878143
0.20978541672229767
0.21023347973823547
0.20774297416210175
0.20651857554912567
0.2016734480857849
0.19770115613937378
0.1948753297328949
0.18953052163124084
0.19880355894565582
0.2013712376356125
0.19915379583835602
0.2018337994813919
0.1979120522737503
0.20265451073646545
0.20824062824249268
0.20878168940544128
0.2121295928955078
0.2035096287727356
0.19926318526268005
0.21358442306518555
0.2029315084218979
0.1996442824602127
0.20176902413368225
0.19839800894260406
0.19827692210674286
0.19529926776885986
0.19112592935562134
0.1881999969482422
0.18274234235286713
0.18122555315494537
0.17968611419200897
0.17373324930667877
0.18881842494010925
0.1913420557975769
0.18985557556152344
0.18883082270622253
0.18197254836559296
0.18378247320652008
0.18002037703990936
0.1818314492702484
0.1788453459739685
0.1799345761537552
0.1798984557390213
0.17487138509750366
0.168332040309906
0.16637897491455078
0.16941891610622406
0.15989340841770172
0.1622026264667511
0.15894120931625366
0.15691298246383667
0.1560828983783722
0.15704034268856049
0.155513197183609
0.15509042143821716
0.1552249938249588
0.15857669711112976
0.1593577265739441
0.15223829448223114
0.14674893021583557
0.14430677890777588
0.14414002001285553
0.14202317595481873
0.14159142971038818
0.14537028968334198
0.14780236780643463
0.1544390320777893
0.15593846142292023
0.15362390875816345
0.15121549367904663
0.15303738415241241
0.15132856369018555
0.15705543756484985
0.1550520956516266
0.14902354776859283
0.1476438045501709
0.1481674462556839
0.151602640748024
0.15355567634105682
0.1504671275615692
0.1564747840166092
0.1582280546426773
0.16124165058135986
0.16492357850074768
0.15871195495128632
0.15677036345005035
0.15757296979427338
0.1603848785161972
0.15867044031620026
0.16094106435775757
0.16031073033809662
0.16196590662002563
