0.2832787036895752
0.28534144163131714
0.2888508439064026
0.28573355078697205
0.2822955548763275
0.2900454103946686
0.28823599219322205
0.29362648725509644
0.2969849109649658
0.2995941936969757
0.3013158440589905
0.29852285981178284
0.2853984832763672
0.2826361358165741
0.29199713468551636
0.27649736404418945
0.2731167674064636
0.28078514337539673
0.29753363132476807
0.3008503317832947
0.29678240418434143
0.29890522360801697
0.28933021426200867
0.27499234676361084
0.2849138379096985
0.26987457275390625
0.26609185338020325
0.26651954650878906
0.2640637159347534
0.2687707245349884
0.26602664589881897
0.2607114911079407
0.2610970437526703
0.27678751945495605
0.26848384737968445
0.2709151804447174
0.27530020475387573
0.25981128215789795
0.23640909790992737
0.23952704668045044
0.2442496418952942
0.24595658481121063
0.25159651041030884
0.2594185769557953
0.2673560678958893
0.2755585312843323
0.2671928107738495
0.25601115822792053
0.24117881059646606
0.2289339005947113
0.23049287497997284
0.23639856278896332
0.2410230189561844
0.24660219252109528
0.24588823318481445
0.247718945145607
0.2512162923812866
0.23916642367839813
0.23727501928806305
0.2383068948984146
0.24508070945739746
0.24624356627464294
0.2642394006252289
0.2584242820739746
0.2413986325263977
0.26487764716148376
0.278184711933136
0.283851683139801
0.28114160895347595
0.2814904451370239
0.2766752243041992
0.2711081802845001
0.2625485360622406
0.2560020089149475
0.2532409429550171
0.2564746141433716
0.2584271728992462
0.2699044942855835
0.2737959623336792
0.2769690752029419
0.28180986642837524
0.28922298550605774
0.3067163825035095
0.3151451349258423
0.33450350165367126
0.3781158924102783
0.40570542216300964
0.3844519555568695
0.4335078001022339
0.422762930393219
0.42344212532043457
0.4328722357749939
0.44050538539886475
0.446012407541275
0.4519403576850891
0.4453519582748413
0.4501646161079407
0.44486960768699646
0.4494864344596863
0.4486214816570282
0.44165000319480896
0.43903303146362305
0.43968719244003296
0.4361265301704407
0.46493738889694214
0.4348098337650299
0.4103696942329407
0.3998051583766937
0.4109400510787964
0.4142880141735077
0.40662267804145813
0.3992792069911957
0.383254736661911
0.39050012826919556
0.4009299576282501
0.4086882472038269
0.41567593812942505
0.42616695165634155
0.4257916212081909
0.4350090026855469
0.4462956190109253
0.4479807913303375
0.4508206248283386
0.4545038044452667
0.4438948929309845
0.42858371138572693
0.4223024249076843
0.4212057888507843
0.4303532540798187
0.4208236038684845
0.40973028540611267
0.4107005000114441
0.4079537093639374
0.4142872989177704
0.4127594828605652
0.42053717374801636
0.41527241468429565
0.4234677255153656
0.43169766664505005
0.43514373898506165
0.4373769760131836
0.4404909908771515
0.43900737166404724
0.4331902265548706
0.4318830370903015
0.43813416361808777
0.4420127868652344
0.4492489993572235
0.44931140542030334
0.44720587134361267
0.44123178720474243
0.44882363080978394
0.4492678642272949
0.44392240047454834
0.43604016304016113
0.4312783181667328
0.44899946451187134
0.4373110830783844
0.4044940769672394
0.37518900632858276
0.3639990985393524
0.3714059591293335
0.3768956959247589
0.39393070340156555
0.39911580085754395
0.4007788300514221
0.3978537619113922
0.39892005920410156
0.39695295691490173
0.3972087800502777
0.39576736092567444
0.3969859778881073
0.39982977509498596
0.4014919102191925
0.3993309736251831
0.39938482642173767
0.40934568643569946
0.38227182626724243
0.3693011999130249
0.3487793207168579
0.35106268525123596
0.3507325351238251
0.3699987530708313
0.381754070520401
0.37353280186653137
0.3687548339366913
0.3918062150478363
0.3916323482990265
0.38805004954338074
0.37798598408699036
0.3783625066280365
0.381198525428772
0.3907409906387329
0.37568292021751404
0.37376517057418823
0.37035900354385376
0.3643213212490082
0.36527135968208313
0.3571701943874359
0.3872257471084595
0.40243685245513916
0.3750910460948944
0.35783910751342773
0.3415764570236206
0.3590744137763977
0.36965546011924744
0.36366164684295654
0.3417899012565613
0.3488609194755554
0.38590505719184875
0.39901039004325867
0.38056474924087524
0.3663364350795746
0.36567223072052
0.3721122443675995
0.383457750082016
0.4021385908126831
0.4091755151748657
0.41188570857048035
0.4247818887233734
0.4270133972167969
0.43418172001838684
0.4378369152545929
0.43812665343284607
0.4255564510822296
0.4141571819782257
0.3963690400123596
0.3641122579574585
0.3466220200061798
0.3494705855846405
0.33813023567199707
0.3264830410480499
0.32165753841400146
0.32694312930107117
0.36403894424438477
0.37660372257232666
0.3627905249595642
0.36658284068107605
0.3588487505912781
0.34485259652137756
0.3446340560913086
0.33708474040031433
0.33394983410835266
0.32644179463386536
0.3310088813304901
0.34079989790916443
0.35002368688583374
0.36707961559295654
0.36956432461738586
0.38425010442733765
0.40038445591926575
0.41313445568084717
0.4130093455314636
0.4180578589439392
0.42160680890083313
0.4509485065937042
0.4891863465309143
0.4787243604660034
0.46575164794921875
0.4676482379436493
0.4702053964138031
0.46598365902900696
0.45315930247306824
0.4378601908683777
0.4292481243610382
0.40958747267723083
0.4138188660144806
0.4150303900241852
0.4127512574195862
0.4123370349407196
0.4232389032840729
0.42944708466529846
0.42978546023368835
0.41040095686912537
0.39204171299934387
0.384004145860672
0.3676016330718994
0.355849951505661
0.3238072991371155
0.31007254123687744
0.2970002591609955
0.2936418354511261
0.28428593277931213
0.27671927213668823
0.2735474109649658
0.26767024397850037
0.2616913318634033
0.26156675815582275
0.2718968391418457
0.27667495608329773
0.2859668731689453
0.2957104742527008
0.29846829175949097
0.29564881324768066
0.29002293944358826
0.2896531820297241
0.29837483167648315
0.2973399758338928
0.3093859553337097
0.30845651030540466
0.30240029096603394
0.3051919937133789
0.2902863919734955
0.2803533673286438
0.2713122069835663
0.2899205982685089
0.2751905918121338
0.26589465141296387
0.25923195481300354
0.2535877525806427
0.24917536973953247
0.2519877254962921
0.2632313370704651
0.270346462726593
0.2841216027736664
0.28143465518951416
0.2787916958332062
0.26884859800338745
0.27071771025657654
0.2839525043964386
0.2872292697429657
0.31193873286247253
0.3375653922557831
0.33103492856025696
0.34465745091438293
0.33795052766799927
0.3228946030139923
0.32823896408081055
0.31307166814804077
0.3043452799320221
0.29732272028923035
0.29480981826782227
0.29757454991340637
0.30279776453971863
0.30174800753593445
0.2952120304107666
0.2862825095653534
0.2844363749027252
0.2900857925415039
0.291188508272171
0.2898322641849518
0.28589504957199097
0.2816239595413208
0.28225529193878174
0.2896404564380646
0.2957690954208374
0.2836064398288727
0.26934924721717834
0.2639121413230896
0.2565228044986725
0.25233227014541626
0.24501700699329376
0.24543127417564392
0.23485983908176422
0.23102803528308868
0.22801321744918823
0.2250838577747345
0.2216961830854416
0.2168155461549759
0.2120179980993271
0.221328467130661
0.22739635407924652
0.22793236374855042
0.2297120839357376
0.22790735960006714
0.22502732276916504
0.2249031960964203
0.2250124216079712
0.2425059825181961
0.24570006132125854
0.24930623173713684
0.2439589500427246
0.23978792130947113
0.2433924525976181
0.24636666476726532
0.25149664282798767
0.23986591398715973
0.22604338824748993
0.21934127807617188
0.21587929129600525
0.2090403288602829
0.20800788700580597
0.21942152082920074
0.21861296892166138
0.2216297835111618
0.21977147459983826
0.22152823209762573
0.22005344927310944
0.216621533036232
0.21627940237522125
0.21810729801654816
0.22082552313804626
0.23049890995025635
0.2371722012758255
0.2366226762533188
0.2412901669740677
0.22994990646839142
0.22881430387496948
0.22678005695343018
0.2299177050590515
0.24103060364723206
0.23471353948116302
0.22927561402320862
0.2250940501689911
0.22465795278549194
0.22722281515598297
0.23183374106884003
0.2337542474269867
0.2387268990278244
0.2444995939731598
0.2457178682088852
0.24646936357021332
0.24613989889621735
0.25083959102630615
0.2535063326358795
0.24836000800132751
0.25594156980514526
0.2620907425880432
0.2481439709663391
0.2455729991197586
0.2445330023765564
0.24380622804164886
0.23491841554641724
0.21490222215652466
0.2130962759256363
0.2091628909111023
0.20953528583049774
0.20849691331386566
0.20821280777454376
0.20753808319568634
0.21379786729812622
0.22186239063739777
0.22228378057479858
0.21280798316001892
0.21174515783786774
0.21266819536685944
0.21973925828933716
0.22440172731876373
0.22020576894283295
0.21451212465763092
0.22747653722763062
0.23591859638690948
0.24147215485572815
0.252666711807251
0.25948330760002136
0.2624121308326721
0.27279290556907654
0.2619597017765045
0.23675033450126648
0.24120421707630157
0.2319890409708023
0.23010165989398956
0.22246690094470978
0.21995985507965088
0.21501632034778595
0.20410384237766266
0.20719212293624878
0.20517176389694214
0.20866793394088745
0.22120514512062073
0.22227346897125244
0.22002023458480835
0.21970900893211365
0.21986617147922516
0.23195303976535797
0.24875427782535553
0.23961785435676575
0.24150319397449493
0.24635614454746246
0.24423840641975403
0.24138611555099487
0.2592600882053375
0.2608587145805359
0.2514893710613251
0.2510070502758026
0.24333623051643372
0.23735933005809784
0.22929610311985016
0.232172429561615
0.2292555868625641
0.2228604555130005
0.22204415500164032
0.21777459979057312
0.2160290777683258
0.21748459339141846
0.21393918991088867
0.21103805303573608
0.21173086762428284
0.21631954610347748
0.22542676329612732
0.22178761661052704
0.20939072966575623
0.2075621783733368
0.18537215888500214
0.1750744879245758
0.17299975454807281
0.18503543734550476
0.1826706826686859
0.18686826527118683
0.18826255202293396
0.1854529231786728
0.18140177428722382
0.1824924200773239
0.1781187653541565
0.17237620055675507
0.16108407080173492
0.15855129063129425
0.1597827821969986
0.16064618527889252
0.1655902862548828
0.16358253359794617
0.1611420065164566
0.16602003574371338
0.16500775516033173
0.15624740719795227
0.16094249486923218
0.15290139615535736
0.1535366326570511
0.1553078591823578
0.15899163484573364
0.16581891477108002
0.16419075429439545
0.1647782325744629
0.16387495398521423
0.16440051794052124
0.16552771627902985
0.17028388381004333
0.17437253892421722
0.17171801626682281
0.16905616223812103
0.16961362957954407
0.16908462345600128
0.17184218764305115
0.17386044561862946
0.1788271963596344
0.18143972754478455
0.18541549146175385
0.18867291510105133
0.18650951981544495
0.18151569366455078
0.1840716302394867
0.177385151386261
0.17419685423374176
0.17740970849990845
0.17962485551834106
0.18082445859909058
0.1823645383119583
0.18345484137535095
0.17968018352985382
0.1853010356426239
0.1882731169462204
0.18582728505134583
0.19001303613185883
0.19158345460891724
0.19237779080867767
0.19356641173362732
0.19384817779064178
0.19723476469516754
0.19693288207054138
0.1974513977766037
0.19849950075149536
0.20590750873088837
0.19846589863300323
0.19351768493652344
0.18360136449337006
0.18425299227237701
0.18481263518333435
0.17757204174995422
0.17036236822605133
0.16801559925079346
0.16863876581192017
0.16858959197998047
0.16767440736293793
0.16898764669895172
0.17041760683059692
0.16936840116977692
0.17099766433238983
0.16978953778743744
0.17199689149856567
0.1730332225561142
0.1683443933725357
0.17084373533725739
0.1746542602777481
0.18074247241020203
0.18489603698253632
0.1843726485967636
0.1850447952747345
0.17497174441814423
0.1753939390182495
0.16944751143455505
0.16658028960227966
0.16740554571151733
0.1659296452999115
0.15990084409713745
0.16196611523628235
0.16551360487937927
0.16923032701015472
0.172227680683136
0.17238563299179077
0.1697990596294403
0.15934555232524872
0.1608060896396637
0.15043258666992188
0.15270289778709412
0.14881715178489685
0.1588500589132309
0.15570500493049622
0.15636113286018372
0.16434797644615173
0.16367390751838684
0.16682551801204681
0.17944511771202087
0.18780654668807983
0.2070426046848297
0.2326957881450653
0.2185656726360321
0.23540037870407104
0.261957585811615
0.256513386964798
0.2538735568523407
0.2628788650035858
0.26566946506500244
0.26989996433258057
0.27434447407722473
0.2653941214084625
0.27903851866722107
0.2808274030685425
0.2752844989299774
0.2729092538356781
0.2734810709953308
0.2735317051410675
0.2760007679462433
0.2933019995689392
0.28450825810432434
0.27905014157295227
0.2919147312641144
0.2932383716106415
0.32882553339004517
0.355101078748703
0.3671805262565613
0.38522976636886597
0.38401851058006287
0.36339256167411804
0.36545416712760925
0.36123126745224
0.3575204908847809
0.3601735532283783
0.3567902445793152
0.3629361689090729
0.36019694805145264
0.37652644515037537
0.38071534037590027
0.38701409101486206
0.3863885998725891
0.38748764991760254
0.39399856328964233
0.3912416398525238
0.36184823513031006
0.3701343536376953
0.38754722476005554
0.3878515362739563
0.37921765446662903
0.37988221645355225
0.39548879861831665
0.36115145683288574
0.3793715834617615
0.3862212896347046
0.38564300537109375
0.3898398280143738
0.40534237027168274
0.4089727997779846
0.40302804112434387
0.3953924775123596
0.4053525924682617
0.40168100595474243
0.40920940041542053
0.41398125886917114
0.41835567355155945
0.4077589511871338
0.39229121804237366
0.3917483389377594
0.38437217473983765
0.379142165184021
0.3784867227077484
0.3785286545753479
0.3763158321380615
0.3563626706600189
0.35877302289009094
0.35998135805130005
0.3618408143520355
0.3671410083770752
0.37210318446159363
0.37379923462867737
0.37951821088790894
0.3998716473579407
0.40442168712615967
0.413379043340683
0.40034613013267517
0.4006824493408203
0.40708765387535095
0.3993574380874634
0.3974965512752533
0.3983231484889984
0.4133100211620331
0.3971068561077118
0.40518271923065186
0.3796078562736511
0.3707425892353058
0.3696247339248657
0.3525177240371704
0.34299418330192566
0.3603055775165558
0.34727177023887634
0.37523147463798523
0.3870325982570648
0.3879716098308563
0.386976033449173
0.387164443731308
0.39285391569137573
0.39494261145591736
0.3935178518295288
0.4010840058326721
0.398239403963089
0.4047882556915283
0.40509411692619324
0.39427295327186584
0.38827961683273315
0.3805238604545593
0.3805159330368042
0.3715406358242035
0.35068848729133606
0.34852737188339233
0.3352273404598236
0.32905706763267517
0.31983107328414917
0.3022550344467163
0.306632399559021
0.3303214907646179
0.3488486111164093
0.35135418176651
0.3617318272590637
0.352524071931839
0.3480551540851593
0.3546003997325897
0.33974605798721313
0.3416599631309509
0.3347865045070648
0.33942490816116333
0.3324623703956604
0.3216733932495117
0.3048049807548523
0.29527050256729126
0.2874758541584015
0.28609538078308105
0.271195650100708
0.2683177590370178
0.24466070532798767
0.24360013008117676
0.22036375105381012
0.21762336790561676
0.2264355719089508
0.2402864694595337
0.24856777489185333
0.25516393780708313
0.2636430561542511
0.26975879073143005
0.2791803479194641
0.27979201078414917
0.2648799419403076
0.25500792264938354
0.24659594893455505
0.23878531157970428
0.23162683844566345
0.22759418189525604
0.22644910216331482
0.2299603521823883
0.22529518604278564
0.2354329228401184
0.23751604557037354
0.23186469078063965
0.22404226660728455
0.21541064977645874
0.20662802457809448
0.2158816009759903
0.22633618116378784
0.21889130771160126
0.22130249440670013
0.2228568196296692
0.2217014878988266
0.21798129379749298
0.22460056841373444
0.2271273136138916
0.22072365880012512
0.220048725605011
0.22025449573993683
0.22108107805252075
0.22017855942249298
0.22271832823753357
0.22483763098716736
0.2271818071603775
0.2233918160200119
0.2370959222316742
0.2433764934539795
0.2425343245267868
0.2490372210741043
0.25854429602622986
0.254085510969162
0.2672640085220337
0.2933039665222168
0.2752290964126587
0.27159205079078674
0.2711679935455322
0.269121915102005
0.28202715516090393
0.28341472148895264
0.28793907165527344
0.29619300365448
0.29251065850257874
0.2960486114025116
0.2981186509132385
0.298255056142807
0.3003578782081604
0.2979249060153961
0.29430216550827026
0.3158259093761444
0.32208284735679626
0.31640180945396423
0.33807283639907837
0.3542526960372925
0.36295440793037415
0.3558001220226288
0.35029658675193787
0.3372062146663666
0.3204275071620941
0.31967559456825256
0.32854706048965454
0.3433366119861603
0.3522151708602905
0.36329326033592224
0.3786815404891968
0.39857593178749084
0.41243883967399597
0.43544453382492065
0.4484860599040985
0.45665350556373596
0.4559633135795593
0.456318736076355
0.4486362338066101
0.466918408870697
0.48838379979133606
0.4727257490158081
0.4547685384750366
0.4377269744873047
0.41687333583831787
0.37421491742134094
0.3765881061553955
0.39432835578918457
0.40801694989204407
0.41015157103538513
0.40834492444992065
0.41255030035972595
0.41681599617004395
0.42026689648628235
0.4251708686351776
0.4272465705871582
0.42919233441352844
0.43701285123825073
0.432742178440094
0.43067097663879395
0.43274036049842834
0.426035612821579
0.442217618227005
0.4476885199546814
0.449320524930954
0.44024041295051575
0.4332285523414612
0.44493550062179565
0.4423779249191284
0.4570404291152954
0.43088269233703613
0.41326260566711426
0.4057576358318329
0.40280115604400635
0.41154372692108154
0.41021424531936646
0.4164378345012665
0.42317426204681396
0.4387190639972687
0.43067052960395813
0.43747949600219727
0.4411168396472931
0.44438332319259644
0.44359007477760315
0.4422890543937683
0.44393596053123474
0.4240294098854065
0.4216501712799072
0.4293976426124573
0.4111183285713196
0.39212164282798767
0.3712517023086548
0.38050588965415955
0.366257905960083
0.3688274323940277
0.3786351978778839
0.37090301513671875
0.36328035593032837
0.362343430519104
0.3540666401386261
0.3670758008956909
0.3543739318847656
0.35770300030708313
0.35718730092048645
0.3547098934650421
0.3467308282852173
0.3406278192996979
0.3372858762741089
0.33211836218833923
0.31235235929489136
0.3069702982902527
0.31747671961784363
0.290874183177948
0.3057294487953186
0.29846087098121643
0.31468671560287476
0.31929367780685425
0.32081636786460876
0.3286258280277252
0.32888880372047424
0.32224002480506897
0.2976270318031311
0.28387635946273804
0.2801956534385681
0.27385756373405457
0.2799024283885956
0.2751176059246063
0.2545853555202484
0.25046831369400024
0.24581171572208405
0.2460850328207016
0.24999873340129852
0.2519698143005371
0.2500056326389313
0.24847358465194702
0.24811406433582306
0.24517101049423218
0.24415330588817596
0.25501587986946106
0.24907727539539337
0.25053349137306213
0.24188752472400665
0.2389521598815918
0.2395673543214798
0.24201835691928864
0.24835386872291565
0.25213709473609924
0.25167152285575867
0.2538795471191406
0.25401994585990906
0.2559230625629425
0.25380706787109375
0.25894027948379517
0.25655093789100647
0.2587817907333374
0.26040998101234436
0.2596280872821808
0.25771239399909973
0.25546979904174805
0.25801587104797363
0.2581862509250641
0.24583998322486877
0.238519087433815
0.24514782428741455
0.22027488052845
0.22115135192871094
0.2213074415922165
0.23402898013591766
0.22544407844543457
0.22992609441280365
0.23162411153316498
0.2324407547712326
0.2302258461713791
0.23273250460624695
0.23736882209777832
0.23568367958068848
0.22812409698963165
0.23073987662792206
0.22991058230400085
0.2289392352104187
0.22749023139476776
0.22670228779315948
0.22461864352226257
0.22526124119758606
0.22647786140441895
0.22940708696842194
0.2470036745071411
0.26545634865760803
0.2851313352584839
0.2929070293903351
0.303474485874176
0.3004257380962372
0.3115793466567993
0.302109956741333
0.30525749921798706
0.3131228983402252
0.31401121616363525
0.314664751291275
0.31078943610191345
0.3061429560184479
0.3155418038368225
0.3276422619819641
0.3367999494075775
0.3536447286605835
0.3615427613258362
0.37439247965812683
0.3782620131969452
0.400333970785141
0.40059763193130493
0.38099929690361023
0.3612418472766876
0.3801427483558655
0.3682906925678253
0.3726050555706024
0.3755829334259033
0.3750057816505432
0.3806178867816925
0.3843596279621124
0.3854443430900574
0.38039496541023254
0.37975457310676575
0.39205896854400635
0.39908427000045776
0.3955203890800476
0.39822301268577576
0.39560383558273315
0.39665812253952026
0.3886505365371704
0.3760504126548767
0.36266517639160156
0.3582901954650879
0.3498465418815613
0.34454551339149475
0.34201759099960327
0.33620285987854004
0.3376045227050781
0.34765365719795227
0.3551960587501526
0.3503558039665222
0.34732264280319214
0.35934019088745117
0.35871097445487976
0.35710346698760986
0.36356762051582336
0.3647257685661316
0.366310715675354
0.3729877173900604
0.36925655603408813
0.38611340522766113
0.39789068698883057
0.4080197513103485
0.41092178225517273
0.41927996277809143
0.4220026731491089
0.43331432342529297
0.4447981119155884
0.4422950744628906
0.43607282638549805
0.43564051389694214
0.44531768560409546
0.460555762052536
0.4703602194786072
0.47214555740356445
0.4639189541339874
0.46097955107688904
0.4545170068740845
0.4564771354198456
0.44352486729621887
0.4575467109680176
0.482228547334671
0.4987330734729767
0.46325254440307617
0.4798833429813385
0.4789452850818634
0.49509966373443604
0.4965624213218689
0.4967605173587799
0.5019809007644653
0.5048222541809082
0.5154896974563599
0.5257644653320312
0.5016301274299622
0.48335421085357666
0.46587827801704407
0.4623766839504242
0.46879708766937256
0.43580469489097595
0.4223642945289612
0.42566192150115967
0.4340619742870331
0.43950435519218445
0.4338076412677765
0.4395589828491211
0.44045159220695496
0.4416448473930359
0.4349442422389984
0.4152699112892151
0.40587449073791504
0.3816426694393158
0.36920037865638733
0.3563983738422394
0.3553224503993988
0.3553856611251831
0.3451538681983948
0.35280781984329224
0.3421812653541565
0.3548393249511719
0.3642415702342987
0.37271058559417725
0.3952988386154175
0.36343419551849365
0.36694762110710144
0.3440900146961212
0.3468611240386963
0.33664175868034363
0.3254142999649048
0.3265702426433563
0.33041882514953613
0.3417899012565613
0.3432733416557312
0.3387283384799957
0.3360125720500946
0.34299758076667786
0.3557373881340027
0.3511291444301605
0.3584716022014618
0.3703917860984802
0.38980749249458313
0.4037001132965088
0.40664732456207275
0.4135977029800415
0.45987194776535034
0.4933639466762543
0.48992830514907837
0.5065648555755615
0.48611631989479065
0.485713928937912
0.48167684674263
0.47375503182411194
0.46429330110549927
0.4584990441799164
0.46947285532951355
0.47904273867607117
0.4918357729911804
0.4765625
0.4622884690761566
0.48452451825141907
0.48290717601776123
0.4960152804851532
0.4919728934764862
0.49038437008857727
0.4996263086795807
0.5027103424072266
0.5030509233474731
0.5000722408294678
0.5251546502113342
0.5766752362251282
0.5845763683319092
0.6057125926017761
0.6265552043914795
0.5931105613708496
0.581260621547699
0.5856538414955139
0.5853632092475891
0.5915986895561218
0.6069909334182739
0.6113976836204529
0.6153554916381836
0.5981908440589905
0.5985915660858154
0.6005796790122986
0.6016974449157715
0.6062526106834412
0.6272445917129517
0.6387113332748413
0.6616204977035522
0.6676744818687439
0.6476010084152222
0.6211787462234497
0.6298847198486328
0.6511080861091614
0.6416693925857544
0.6053080558776855
0.605198085308075
0.5716522336006165
0.5655370354652405
0.5716066956520081
0.5750345587730408
0.5710783004760742
0.566542387008667
0.5654109120368958
0.5589648485183716
0.5546229481697083
0.5452689528465271
0.5314623713493347
0.5175520181655884
0.5117530226707458
0.5343685150146484
0.5712899565696716
0.6283578872680664
0.6156919598579407
0.6053733229637146
0.575982928276062
0.560034990310669
0.5393756628036499
0.5237144827842712
0.5150527954101562
0.46705156564712524
0.47478511929512024
0.4652601480484009
0.4618588387966156
0.44618871808052063
0.44238367676734924
0.4413447678089142
0.4197746515274048
0.42458733916282654
0.3984166085720062
0.38703033328056335
0.3726065754890442
0.37343183159828186
0.38625237345695496
0.39611536264419556
0.3989829123020172
0.38217848539352417
0.3596937656402588
0.36439818143844604
0.3658143877983093
0.3756782114505768
0.41309747099876404
0.4508627653121948
0.4726063907146454
0.47191712260246277
0.5165438055992126
0.4780042767524719
0.4623465836048126
0.4257985055446625
0.4097093939781189
0.4181724786758423
0.422120600938797
0.42104730010032654
0.4510885179042816
0.46432486176490784
0.4627467095851898
0.46229735016822815
0.43357962369918823
0.4453626871109009
0.4512256383895874
0.4336620569229126
0.43242600560188293
0.4606459438800812
0.4833657443523407
0.48079049587249756
0.555870532989502
0.6163477897644043
0.6470704078674316
0.666916012763977
0.6785659193992615
0.6429360508918762
0.6292381286621094
0.6387231945991516
0.6489728689193726
0.6459446549415588
0.6316046118736267
0.6426410675048828
0.6396661996841431
0.6909642815589905
0.70556640625
0.702276885509491
0.7090604901313782
0.6849699020385742
0.7012701630592346
0.6846834421157837
0.7107205390930176
0.790499746799469
0.837289035320282
1.0382585525512695
1.1246416568756104
1.0942541360855103
1.177459478378296
1.1999342441558838
1.2023578882217407
1.1513766050338745
1.0948848724365234
1.0961140394210815
1.0658457279205322
1.0226085186004639
1.033933162689209
1.052200436592102
1.0666347742080688
1.0532370805740356
1.0652915239334106
1.0514039993286133
1.0595855712890625
1.0428935289382935
1.0368201732635498
1.0258971452713013
1.1447607278823853
1.0465399026870728
1.0563288927078247
1.165414571762085
1.1564332246780396
1.1090655326843262
1.0056499242782593
0.9801793098449707
0.8927372694015503
0.8824608325958252
0.8877778649330139
0.9167561531066895
0.8881694674491882
0.9126317501068115
0.8177719116210938
0.7979062795639038
0.7138251662254333
0.6597263216972351
0.6541371941566467
0.640855610370636
0.6507765650749207
0.6605318188667297
0.661505401134491
0.6723827719688416
0.739356279373169
0.7564286589622498
0.6313244104385376
0.6498514413833618
0.6117217540740967
0.5326796174049377
0.48705992102622986
0.45444434881210327
0.4371159076690674
0.44549256563186646
0.44835808873176575
0.4511716067790985
0.4571380615234375
0.4633733332157135
0.45875459909439087
0.45525461435317993
0.4648093283176422
0.4767519235610962
0.4850786328315735
0.4868881106376648
0.5008726119995117
0.5122581124305725
0.5209546685218811
0.5200910568237305
0.5164288878440857
0.4954138398170471
0.47963860630989075
0.4581942558288574
0.445938378572464
0.42451587319374084
0.4008813798427582
0.3797754943370819
0.35809192061424255
0.3546145260334015
0.3546684980392456
0.35212984681129456
0.34965747594833374
0.3521445095539093
0.3581274747848511
0.3660902678966522
0.3691152334213257
0.37802359461784363
0.38426196575164795
0.3941790461540222
0.4016260802745819
0.4188239872455597
0.4199140667915344
0.41995981335639954
0.4306323826313019
0.4166877567768097
0.40415990352630615
0.3979555070400238
0.3865278959274292
0.383623868227005
0.34848958253860474
0.33011776208877563
0.3076888620853424
0.30465105175971985
0.3029107451438904
0.30346328020095825
0.3007855713367462
0.29792287945747375
0.2922636866569519
0.30434027314186096
0.3038695454597473
0.30457189679145813
0.30594080686569214
0.3018985986709595
0.29348045587539673
0.2965782880783081
0.30389007925987244
0.3033517003059387
0.3080730736255646
0.31148356199264526
0.31790515780448914
0.3250586986541748
0.332910418510437
0.33061015605926514
0.31406742334365845
0.2997657358646393
0.2942589223384857
0.2977214455604553
0.2988387942314148
0.2949112057685852
0.29403388500213623
0.2929665446281433
0.2895786762237549
0.2874862551689148
0.2892763912677765
0.2902010977268219
0.2890836298465729
0.29399946331977844
0.29544442892074585
0.3034293055534363
0.3104347884654999
0.3118658661842346
0.31568682193756104
0.31578609347343445
0.31637996435165405
0.31235578656196594
0.3075462579727173
0.2971951365470886
0.2788847088813782
0.27108341455459595
0.2670331597328186
0.2699428200721741
0.2720223069190979
0.27137479186058044
0.2717445492744446
0.2702656388282776
0.2654743194580078
0.26164311170578003
0.2709554433822632
0.27721765637397766
0.29015156626701355
0.3049015700817108
0.31044167280197144
0.32557761669158936
0.33488336205482483
0.34476399421691895
0.36142221093177795
0.34770217537879944
0.33077722787857056
0.3179514706134796
0.31773585081100464
0.30934464931488037
0.3144666254520416
0.3241548240184784
0.3206180930137634
0.3269733488559723
0.32970112562179565
0.33000868558883667
0.3295691907405853
0.3314609229564667
0.3297114670276642
0.3191460371017456
0.3353939354419708
0.3327276110649109
0.3371151387691498
0.3492772579193115
0.3580470681190491
0.36077553033828735
0.35685494542121887
0.35039421916007996
0.3421577513217926
0.3541479706764221
0.36606118083000183
0.3676774203777313
0.38948896527290344
0.39011675119400024
0.4040360152721405
0.4497157633304596
0.41148126125335693
0.41700953245162964
0.42070645093917847
0.42672815918922424
0.42945975065231323
0.4374637305736542
0.4346950650215149
0.4253462851047516
0.3997955322265625
0.37973031401634216
0.36919069290161133
0.3663427233695984
0.3596421778202057
0.35231688618659973
0.3500659167766571
0.35600945353507996
0.35639840364456177
0.3629121780395508
0.36423295736312866
0.37730681896209717
0.3770284652709961
0.3993091583251953
0.42235103249549866
0.44200199842453003
0.4207981824874878
0.40353381633758545
0.395677387714386
0.3934628665447235
0.39019307494163513
0.39495569467544556
0.3975696563720703
0.389626681804657
0.3882831037044525
0.38754141330718994
0.3887353837490082
0.39221155643463135
0.4028526544570923
0.40194448828697205
0.4064014256000519
0.40549442172050476
0.4017106592655182
0.4136108160018921
0.41658565402030945
0.4302985966205597
0.4374443292617798
0.4507392644882202
0.4540121853351593
0.4662016034126282
0.4623959958553314
0.4671066999435425
0.46268218755722046
0.45118558406829834
0.45437097549438477
0.46652448177337646
0.46163877844810486
0.4661727249622345
0.4334008991718292
0.43321692943573
0.4392433166503906
0.43932121992111206
0.4408484995365143
0.44898369908332825
0.4706399142742157
0.47432470321655273
0.4832427203655243
0.5019128322601318
0.5294888615608215
0.5656224489212036
0.5828222036361694
0.6111517548561096
0.6158354878425598
0.6764253377914429
0.6507254242897034
0.6451309323310852
0.6577941179275513
0.6649962663650513
0.6738627552986145
0.6789584755897522
0.6684262752532959
0.6799026727676392
0.6597406268119812
0.6412755250930786
0.6345086693763733
0.6290351748466492
0.6356712579727173
0.649427056312561
0.6598817706108093
0.683089017868042
0.7016868591308594
0.6822975873947144
0.64276522397995
0.6080836653709412
0.5796226263046265
0.5489858388900757
0.5220947265625
0.4982440769672394
0.4942425787448883
0.49056926369667053
0.49363818764686584
0.49284327030181885
0.5019457936286926
0.495577335357666
0.4898759722709656
0.49185025691986084
0.4929637908935547
0.49638912081718445
0.4960300028324127
0.5046831369400024
0.5062487721443176
0.5074067711830139
0.5236285328865051
0.5128886699676514
0.5034576058387756
0.48279017210006714
0.4696129858493805
0.49114128947257996
0.4617421329021454
0.4588578939437866
0.44169044494628906
0.43936485052108765
0.4266720712184906
0.41684532165527344
0.41536375880241394
0.417810320854187
0.44931966066360474
0.4310656189918518
0.44250258803367615
0.45040521025657654
0.4259655773639679
0.43721500039100647
0.4378224313259125
0.4465729892253876
0.4574025571346283
0.4694099426269531
0.4692848026752472
0.47150325775146484
0.47879528999328613
0.49634218215942383
0.48578622937202454
0.4859522879123688
0.4733615219593048
0.4592432975769043
0.4416576623916626
0.4414767324924469
0.43814659118652344
0.4333060085773468
0.4282322824001312
0.42600560188293457
0.42076605558395386
0.42153000831604004
0.42181897163391113
0.4207237958908081
0.4186398386955261
0.41282936930656433
0.4112400710582733
0.4105682969093323
0.40742456912994385
0.4008728265762329
0.40419939160346985
0.40156659483909607
0.4129176437854767
0.4202982783317566
0.43134477734565735
0.4406735599040985
0.4335753321647644
0.4156172573566437
0.41220924258232117
0.4101884067058563
0.4117395281791687
0.408981591463089
0.41432058811187744
0.4196780025959015
0.4283793270587921
0.43032482266426086
0.44323909282684326
0.4357757270336151
0.4100795090198517
0.4102979600429535
0.4211965501308441
0.41280582547187805
0.4122689664363861
0.4159252643585205
0.410569429397583
0.38373762369155884
0.4033494293689728
0.37935882806777954
0.3491683602333069
0.3434407114982605
0.34066227078437805
0.3546968698501587
0.34097573161125183
0.35694581270217896
0.34800049662590027
0.3430725038051605
0.34705647826194763
0.3537025451660156
0.33917471766471863
0.34972575306892395
0.32692137360572815
0.34228092432022095
0.3164360225200653
0.30693545937538147
0.30154097080230713
0.2996281683444977
0.2949620485305786
0.28725841641426086
0.2800081968307495
0.28081363439559937
0.2816947102546692
0.2837761640548706
0.2846721410751343
0.2982615530490875
0.3141099512577057
0.30803754925727844
0.3170020282268524
0.3279286324977875
0.33575960993766785
0.3445674479007721
0.33430612087249756
0.33188262581825256
0.320138156414032
0.30234453082084656
0.28665637969970703
0.2914872467517853
0.28129464387893677
0.28174054622650146
0.2780485153198242
0.2778671979904175
0.2805277705192566
0.27246010303497314
0.26674866676330566
0.27625569701194763
0.2785913050174713
0.2763003408908844
0.281321257352829
0.28160008788108826
0.2781883478164673
0.2690894901752472
0.27062711119651794
0.2773077189922333
0.28766292333602905
0.2979448139667511
0.2901926636695862
0.2917354702949524
0.28917303681373596
0.27917957305908203
0.27698105573654175
0.27055880427360535
0.25002503395080566
0.2515043318271637
0.24927939474582672
0.2413574904203415
0.25959259271621704
0.2656591534614563
0.27173811197280884
0.2908380925655365
0.2873087525367737
0.2938532829284668
0.2841521203517914
0.2887921929359436
0.30502066016197205
0.323401540517807
0.3279283940792084
0.3404730558395386
0.34075039625167847
0.33502650260925293
0.34892719984054565
0.35218119621276855
0.37287765741348267
0.37775951623916626
0.3711510896682739
0.40143895149230957
0.3858757019042969
0.37314164638519287
0.3670218884944916
0.3672180473804474
0.3809957206249237
0.40533456206321716
0.4134335219860077
0.3990110158920288
0.4417172372341156
0.5115695595741272
0.5583627223968506
0.6017941236495972
0.7274051904678345
0.7890766859054565
0.8242407441139221
0.858913779258728
0.8347716927528381
0.7671683430671692
0.7673048377037048
0.7755511403083801
0.7946873903274536
0.8323484063148499
0.8324519991874695
0.8170774579048157
0.8231727480888367
0.8197487592697144
0.8282431960105896
0.8234292268753052
0.8340619802474976
0.8500530123710632
0.8414568305015564
0.9060618281364441
0.8893640041351318
0.8664517998695374
0.8775967359542847
0.8609470129013062
0.9656158685684204
0.9547975063323975
1.0275896787643433
0.9910144805908203
0.9730485677719116
0.9407384991645813
0.901645302772522
0.9000982046127319
0.9129742383956909
0.9124072790145874
0.9266468286514282
0.911899745464325
0.9172817468643188
0.9218430519104004
0.9403791427612305
0.9657240509986877
0.9611564874649048
0.9391815662384033
0.9611560702323914
0.9808756709098816
1.0269767045974731
1.081640601158142
1.1286628246307373
1.1590735912322998
1.2277411222457886
1.2639697790145874
1.3137907981872559
1.282449722290039
1.2669316530227661
1.2426382303237915
1.2589191198349
1.2980276346206665
1.361026406288147
1.4176324605941772
1.4731677770614624
1.5107592344284058
1.4834771156311035
1.4807555675506592
1.4460501670837402
1.357999324798584
1.3873827457427979
1.3411437273025513
1.3468538522720337
1.2931184768676758
1.3224486112594604
1.424587607383728
1.417648196220398
1.3626827001571655
1.328919529914856
1.3266799449920654
1.2896671295166016
1.2503478527069092
1.1806702613830566
1.1040987968444824
1.0970914363861084
1.1185613870620728
1.1220653057098389
1.1252306699752808
1.1592329740524292
1.1654647588729858
1.190494418144226
1.2373913526535034
1.2213411331176758
1.1846224069595337
1.1631892919540405
1.082645058631897
1.0404325723648071
1.0324060916900635
1.0273711681365967
0.9792487621307373
0.914380669593811
0.8644102215766907
0.8454459309577942
0.8136379718780518
0.7525827288627625
0.6603904366493225
0.6240848302841187
0.6071435809135437
0.6116951704025269
0.5910977721214294
0.5859125256538391
0.6051351428031921
0.6002295613288879
0.5806897878646851
0.6269158124923706
0.6355146765708923
0.6443475484848022
0.6503583192825317
0.6588239073753357
0.6760079860687256
0.6840579509735107
0.7305887937545776
0.7095955610275269
0.664165735244751
0.6491751074790955
0.6553009748458862
0.7091860771179199
0.6543847322463989
0.595502495765686
0.5663338303565979
0.5198542475700378
0.501863420009613
0.49927327036857605
0.5001305341720581
0.5075639486312866
0.5205093026161194
0.5264139175415039
0.5326768159866333
0.5620443224906921
0.5786740779876709
0.5875579118728638
0.5955092906951904
0.5853517651557922
0.5840410590171814
0.6062208414077759
0.5688987374305725
0.5990409851074219
0.5990907549858093
0.6084804534912109
0.6093999743461609
0.6331679821014404
0.632429301738739
0.5800631046295166
0.554696798324585
0.531812846660614
0.5266498327255249
0.5212875604629517
0.5094071626663208
0.5002822279930115
0.4908846616744995
0.4772801399230957
0.48875436186790466
0.5104309916496277
0.5208390355110168
0.5309990644454956
0.5356557369232178
0.5286829471588135
0.5272873640060425
0.5248057842254639
0.5289209485054016
0.5384212732315063
0.5296117663383484
0.5334361791610718
0.565517783164978
0.5865136981010437
0.5708146095275879
0.577392041683197
0.5689007639884949
0.5210468769073486
0.4686354696750641
0.45587608218193054
0.45672762393951416
0.4631783366203308
0.46646374464035034
0.47123363614082336
0.4828914403915405
0.4948141574859619
0.49833688139915466
0.4885789752006531
0.4846735894680023
0.4788213074207306
0.480498731136322
0.48188018798828125
0.5012608766555786
0.521346390247345
0.5046088695526123
0.4893759787082672
0.4921164810657501
0.48421016335487366
0.46811532974243164
0.45316123962402344
0.45019590854644775
0.44275376200675964
0.44161221385002136
0.4340467154979706
0.42770540714263916
0.4254397451877594
0.4259645938873291
0.4294320046901703
0.4342019259929657
0.41328132152557373
0.40892964601516724
0.42749670147895813
0.46882081031799316
0.47690486907958984
0.4652983546257019
0.4282149076461792
0.4205489456653595
0.4642850458621979
0.48043277859687805
0.4861130714416504
0.5028010606765747
0.4351244568824768
0.41851261258125305
0.43187323212623596
0.4415281414985657
0.4021795392036438
0.37746506929397583
0.36976492404937744
0.3659815192222595
0.356699675321579
0.35599660873413086
0.36374637484550476
0.3713149130344391
0.37384137511253357
0.37255534529685974
0.36816561222076416
0.355137437582016
0.33645713329315186
0.3390204608440399
0.343876451253891
0.36830252408981323
0.3864186704158783
0.39024218916893005
0.39841988682746887
0.40465009212493896
0.4209290146827698
0.42872384190559387
0.42654329538345337
0.41331174969673157
0.3908468186855316
0.37545597553253174
0.3853289484977722
0.4079161286354065
0.44247034192085266
0.4691426455974579
0.5242953896522522
0.5422553420066833
0.5475058555603027
0.5503482222557068
0.5455501079559326
0.5502117276191711
0.568682074546814
0.5382395386695862
0.5363122224807739
0.5271872878074646
0.547325849533081
0.5538204908370972
0.5214250087738037
0.509185254573822
0.48886027932167053
0.4500005841255188
0.40458056330680847
0.37553632259368896
0.3451056182384491
0.35974475741386414
0.3639957904815674
0.36353620886802673
0.3766244649887085
0.3866426348686218
0.39508411288261414
0.3941571116447449
0.34187185764312744
0.33254820108413696
0.3371365964412689
0.344145268201828
0.34415140748023987
0.35314711928367615
0.34212425351142883
0.3370172381401062
0.34010931849479675
0.34715813398361206
0.33407464623451233
0.33861854672431946
0.3255557715892792
0.32681238651275635
0.33321529626846313
0.34641504287719727
0.33594733476638794
0.31005868315696716
0.3120613694190979
0.3119657635688782
0.30792975425720215
0.3062129616737366
0.2954123318195343
0.29847145080566406
0.30504360795021057
0.31765955686569214
0.31812000274658203
0.31172510981559753
0.3160245716571808
0.3223111927509308
0.3315587043762207
0.33492881059646606
0.3457203507423401
0.35561999678611755
0.36596521735191345
0.368890643119812
0.3602360486984253
0.34983280301094055
0.3369874656200409
0.3286978602409363
0.33438146114349365
0.32729676365852356
0.3249552547931671
0.32865071296691895
0.33270642161369324
0.34205853939056396
0.3498629629611969
0.3257908523082733
0.30890366435050964
0.3144242465496063
0.3143759071826935
0.3118392825126648
0.3408779203891754
0.34733664989471436
0.36114951968193054
0.3881394565105438
0.37286317348480225
0.3652825951576233
0.3660311996936798
0.2967483103275299
0.25802475214004517
0.24541060626506805
0.23368926346302032
0.24819406867027283
0.2255961298942566
0.22727355360984802
0.22672830522060394
0.21866090595722198
0.22888392210006714
0.22256922721862793
0.21299676597118378
0.21898381412029266
0.2072831094264984
0.20916521549224854
0.20972684025764465
0.21519561111927032
0.22309426963329315
0.22260963916778564
0.2262192964553833
0.23762644827365875
0.23471082746982574
0.2287663072347641
0.2325524389743805
0.2402467578649521
0.23407472670078278
0.23926939070224762
0.25813058018684387
0.27457714080810547
0.27772006392478943
0.29456013441085815
0.29361313581466675
0.2874436676502228
0.28293073177337646
0.27983197569847107
0.29344964027404785
0.3062712848186493
0.31500497460365295
0.31524658203125
0.30696213245391846
0.28922876715660095
0.28710901737213135
0.30276694893836975
0.3104046881198883
0.32535240054130554
0.30748453736305237
0.30805614590644836
0.3129657804965973
0.316975861787796
0.31395775079727173
0.3304177224636078
0.3339400291442871
0.3418269753456116
0.341556578874588
0.35489097237586975
0.35673654079437256
0.37187039852142334
0.3779231607913971
0.3796837329864502
0.3922070264816284
0.4060170352458954
0.39869487285614014
0.3933519721031189
0.40056055784225464
0.4024260342121124
0.4029276669025421
0.40364325046539307
0.4096679389476776
0.4113917648792267
0.40796226263046265
0.41611355543136597
0.41743597388267517
0.4356894791126251
0.43689337372779846
0.4678526520729065
0.4905453622341156
0.5094605684280396
0.4896163046360016
0.48450198769569397
0.472229927778244
0.4694763123989105
0.4592563211917877
0.46736305952072144
0.4831358790397644
0.49430570006370544
0.4848974049091339
0.48636627197265625
0.4875129461288452
0.4848692715167999
0.48846691846847534
0.4868500232696533
0.4971649646759033
0.5031876564025879
0.5218009352684021
0.5319867134094238
0.5301852822303772
0.5474340319633484
0.5599973201751709
0.5564441680908203
0.5674238801002502
0.5677526593208313
0.5669662952423096
0.5593873262405396
0.5604451894760132
0.5570782423019409
0.5454133152961731
0.5405135154724121
0.5382495522499084
0.5526027083396912
0.5429326891899109
0.5430828928947449
0.5361164808273315
0.5257874727249146
0.5309168100357056
0.5416206121444702
0.5389219522476196
0.5758717060089111
0.5697812438011169
0.5971568822860718
0.582200825214386
0.5991247296333313
0.5628525614738464
0.5620443224906921
0.5756664872169495
0.5571871995925903
0.5716725587844849
0.5675157308578491
0.5895933508872986
0.5700334310531616
0.572097659111023
0.5842824578285217
0.5811460018157959
0.5905750393867493
0.49660375714302063
0.49996528029441833
0.5193912386894226
0.528958261013031
0.5449208617210388
0.5436054468154907
0.5402575731277466
0.5647053122520447
0.601284921169281
0.5831530094146729
0.6204838156700134
0.5969297289848328
0.5726026892662048
0.5453498363494873
0.5477960109710693
0.555330216884613
0.5549404621124268
0.5626117587089539
0.5608626008033752
0.5824434161186218
0.5463542342185974
0.5250759124755859
0.5606598854064941
0.5432055592536926
0.5333680510520935
0.5207500457763672
0.4882383346557617
0.4823463559150696
0.4667869806289673
0.4643591642379761
0.4546927511692047
0.4396510422229767
0.42130276560783386
0.4018908143043518
0.4167671203613281
0.4218870997428894
0.49602487683296204
0.5061391592025757
0.526642382144928
0.5040406584739685
0.4635756313800812
0.43087202310562134
0.45686739683151245
0.46780768036842346
0.47030821442604065
0.44451582431793213
0.450450599193573
0.5086876153945923
0.563064694404602
0.5969614386558533
0.5183908343315125
0.5117167830467224
0.5163775682449341
0.5289316773414612
0.5511661171913147
0.4764699637889862
0.44057798385620117
0.4514652192592621
0.4404173493385315
0.45559900999069214
0.477920264005661
0.48859143257141113
0.4842897355556488
0.49005183577537537
0.4903852939605713
0.4965793192386627
0.5188643336296082
0.5163679718971252
0.5414826273918152
0.5382456183433533
0.5381379127502441
0.5300289988517761
0.5135259032249451
0.4822865426540375
0.46795138716697693
0.4632130563259125
0.45215579867362976
0.4491245150566101
0.42319297790527344
0.43917596340179443
0.42578160762786865
0.4191015958786011
0.4611668586730957
0.4552452564239502
0.5234508514404297
0.5273748636245728
0.5628567337989807
0.5635772347450256
0.5946184992790222
0.6200782656669617
0.6298677921295166
0.6159705519676208
0.6306304931640625
0.611890435218811
0.6256135106086731
0.610531210899353
0.6102076172828674
0.6404867768287659
0.648857057094574
0.6569213271141052
0.6725350618362427
0.6773309111595154
0.674810528755188
0.6863862872123718
0.7095246315002441
0.7065445184707642
0.7186257243156433
0.7674307227134705
0.7797074317932129
0.8256157636642456
0.8434662818908691
0.8393644094467163
0.8305999636650085
0.8765504956245422
0.9308646321296692
0.9413274526596069
0.9632148742675781
0.9668667316436768
0.9800208806991577
0.9702281951904297
0.9092404842376709
0.876290500164032
0.8589150905609131
0.8718025088310242
0.8654738068580627
0.8814002871513367
0.8746902346611023
0.8686447143554688
0.8700361847877502
0.870306134223938
0.8286574482917786
0.8125909566879272
0.8056148290634155
0.7426340579986572
0.7051920294761658
0.6876537799835205
0.6568995714187622
0.6408119797706604
0.6022239327430725
0.6131864190101624
0.6156035661697388
0.6335890889167786
0.6460815668106079
0.6379143595695496
0.6086720824241638
0.6047017574310303
0.5685038566589355
0.5510706305503845
0.5497048497200012
0.539190411567688
0.5339879393577576
0.5126641392707825
0.512490451335907
0.4972383975982666
0.5275608897209167
0.5342058539390564
0.5630123615264893
0.6054128408432007
0.647423505783081
0.6582493782043457
0.6509668231010437
0.6802533268928528
0.7032057642936707
0.735207736492157
0.7655293941497803
0.8126806020736694
0.8443285822868347
0.8027830719947815
0.807168185710907
0.7751851677894592
0.6960679292678833
0.6823611855506897
0.6978027820587158
0.6879422664642334
0.6734025478363037
0.6670418977737427
0.6530522704124451
0.6423874497413635
0.5967060923576355
0.6217756271362305
0.6203076839447021
0.659805953502655
0.7287948131561279
0.6515530943870544
0.7005686163902283
0.7505415678024292
0.7489917874336243
0.7634229063987732
0.7503551840782166
0.8028520941734314
0.7397268414497375
0.692939043045044
0.6984134316444397
0.7058303356170654
0.6973233819007874
0.6849618554115295
0.6858474612236023
0.6932632327079773
0.694227933883667
0.682582676410675
0.6589646935462952
0.6534004807472229
0.6691632866859436
0.6442822217941284
0.6281608939170837
0.6242936253547668
0.6097333431243896
0.6045915484428406
0.6156613826751709
0.6118598580360413
0.6476443409919739
0.6669963598251343
0.688434362411499
0.6843081116676331
0.7171016931533813
0.6989223957061768
0.6891694068908691
0.6933206915855408
0.6941843032836914
0.6580285429954529
0.6469840407371521
0.6251329779624939
0.5866353511810303
0.5748083591461182
0.5909795165061951
0.5780238509178162
0.5413079857826233
0.5436174869537354
0.5369905233383179
0.5411975383758545
0.5368272066116333
0.545540452003479
0.5581377148628235
0.597335934638977
0.6141672730445862
0.6119651198387146
0.630728542804718
0.673674464225769
0.6722652316093445
0.6684595942497253
0.6625337600708008
0.6476067304611206
0.6447932720184326
0.6307064294815063
0.6091018915176392
0.6148856282234192
0.6041460037231445
0.593875527381897
0.5827068090438843
0.5599523186683655
0.548434317111969
0.551166832447052
0.5461872816085815
0.5230351686477661
0.5208421349525452
0.5486184358596802
0.5652456879615784
0.6058854460716248
0.6000605225563049
0.5797170400619507
0.5802716016769409
0.5601995587348938
0.550827145576477
0.5159797072410583
0.525313675403595
0.5408625602722168
0.5592597126960754
0.5615847706794739
0.5524349212646484
0.5512716174125671
0.5409690737724304
0.5146744847297668
0.49254876375198364
0.48503804206848145
0.47869977355003357
0.4523297846317291
0.4487897455692291
0.42264631390571594
0.4180123209953308
0.407105416059494
0.41671454906463623
0.43446505069732666
0.4287114143371582
0.4267703592777252
0.41905930638313293
0.4130578339099884
0.4064079225063324
0.4027240574359894
0.41202855110168457
0.4197584092617035
0.4259999990463257
0.4268895089626312
0.4303015470504761
0.4313792288303375
0.42586028575897217
0.41522273421287537
0.4073910117149353
0.39594659209251404
0.3923589587211609
0.39767420291900635
0.3986889123916626
0.3924162685871124
0.39980754256248474
0.40254008769989014
0.3919977843761444
0.3903367221355438
0.38057202100753784
0.38923922181129456
0.4024766683578491
0.41414639353752136
0.4145110845565796
0.4126773178577423
0.4125309884548187
0.4193274676799774
0.42265570163726807
0.4281316101551056
0.4327326714992523
0.427476167678833
0.429517924785614
0.4246310293674469
0.42382845282554626
0.42744702100753784
0.4464298486709595
0.4427732825279236
0.4469238221645355
0.4536829888820648
0.454444944858551
0.4535410702228546
0.4727494418621063
0.47829002141952515
0.47964751720428467
0.4812247157096863
0.4641161859035492
0.45958101749420166
0.4589692950248718
0.45065245032310486
0.458523154258728
0.47634896636009216
0.48838117718696594
0.5056672692298889
0.5122639536857605
0.5186734795570374
0.5216728448867798
0.5172178149223328
0.512593150138855
0.508811354637146
0.5264154076576233
0.5365661382675171
0.5410968065261841
0.5209743976593018
0.5378921627998352
0.5308967232704163
0.5561793446540833
0.5650931000709534
0.5757407546043396
0.5633242726325989
0.5550908446311951
0.5577161312103271
0.565165102481842
0.5622012615203857
0.5753949880599976
0.5847799777984619
0.604780912399292
0.6111400127410889
0.6150670051574707
0.6119571328163147
0.602973997592926
0.5828863978385925
0.5541355609893799
0.5631904006004333
0.6063230037689209
0.6506544947624207
0.6511821150779724
0.6469842791557312
0.6678898334503174
0.645237147808075
0.6555209755897522
0.6610285639762878
0.6726022362709045
0.6697608232498169
0.6679269671440125
0.6787987947463989
0.673559308052063
0.6628960371017456
0.6779443025588989
0.6849551796913147
0.6937636137008667
0.6973309516906738
0.7241238951683044
0.7149425745010376
0.7131584882736206
0.7069635987281799
0.7009053230285645
0.7069233655929565
0.771120548248291
0.8130974769592285
0.8395987153053284
0.8202105164527893
0.7930052876472473
0.7709766626358032
0.738783597946167
0.7083095908164978
0.6846129894256592
0.6721417903900146
0.6907228827476501
0.7274623513221741
0.7383228540420532
0.7337282299995422
0.7269327044487
0.727679431438446
0.747973620891571
0.7535043358802795
0.7533624172210693
0.7594504952430725
0.7767152190208435
0.7726613283157349
0.805300772190094
0.7914227843284607
0.7233192324638367
0.7415630221366882
0.7348663806915283
0.6950470805168152
0.673575758934021
0.6648685932159424
0.6674622297286987
0.6642903685569763
0.6517147421836853
0.6427320837974548
0.6511440277099609
0.6813853979110718
0.6774500012397766
0.698688268661499
0.6724021434783936
0.6652094125747681
0.6630141139030457
0.6850544810295105
0.6789851784706116
0.6683831810951233
0.7021636962890625
0.6666011810302734
0.6687818169593811
0.6379786133766174
0.6154398322105408
0.5907714366912842
0.5822795629501343
0.5409970879554749
0.5138135552406311
0.49240216612815857
0.4968244135379791
0.5073371529579163
0.4933598041534424
0.48072242736816406
0.46472859382629395
0.4731891453266144
0.44179707765579224
0.4674520194530487
0.44774800539016724
0.43990403413772583
0.4305211007595062
0.42254626750946045
0.4230788052082062
0.44821053743362427
0.47170865535736084
0.4954901337623596
0.47774434089660645
0.4235152006149292
0.4301137924194336
0.47619855403900146
0.47375544905662537
0.47392114996910095
0.46626126766204834
0.47180232405662537
0.5155868530273438
0.5283271074295044
0.5369057059288025
0.5303232073783875
0.5142393708229065
0.4961062967777252
0.4858350455760956
0.4861159324645996
0.5025050044059753
0.5176653265953064
0.5414643883705139
0.5506091713905334
0.5503069758415222
0.5452308654785156
0.5393481254577637
0.5244354009628296
0.5017496347427368
0.5135406255722046
0.5298265218734741
0.5392072200775146
0.5609330534934998
0.5618780851364136
0.5593739151954651
0.5753385424613953
0.5736777186393738
0.5598232746124268
0.5497543215751648
0.5580397248268127
0.5758235454559326
0.6020531058311462
0.6159114837646484
0.6315597891807556
0.640625536441803
0.6461545825004578
0.6479779481887817
0.6552338004112244
0.6488465666770935
0.6546320915222168
0.6610722541809082
0.6546866297721863
0.6379971504211426
0.6312784552574158
0.62249356508255
0.6055352687835693
0.5884262323379517
0.5721773505210876
0.5625620484352112
0.5620899796485901
0.5384553670883179
0.5220201015472412
0.49310988187789917
0.4755939245223999
0.48147737979888916
0.4934644401073456
0.4902026951313019
0.5004196763038635
0.4838511347770691
0.4775179922580719
0.4677189588546753
0.46581414341926575
0.47697922587394714
0.4923599064350128
0.4966924786567688
0.5067021250724792
0.5152692794799805
0.5120617747306824
0.5696364045143127
0.5572604537010193
0.5587705969810486
0.5074947476387024
0.5210357904434204
0.4884902536869049
0.44630804657936096
0.4325314462184906
0.4412956237792969
0.44159749150276184
0.41927066445350647
0.4184955954551697
0.4063735902309418
0.4160885512828827
