0.16560423374176025
0.16073337197303772
0.15871793031692505
0.15883895754814148
0.16896939277648926
0.17888610064983368
0.1925119012594223
0.1970437467098236
0.19096630811691284
0.1843821257352829
0.17562702298164368
0.18812349438667297
0.1978348195552826
0.2046133577823639
0.20227453112602234
0.18591022491455078
0.1914004534482956
0.20523595809936523
0.21966788172721863
0.22782325744628906
0.21829263865947723
0.20769774913787842
0.21041522920131683
0.2163635492324829
0.2309117317199707
0.2442091405391693
0.2653004825115204
0.2505641281604767
0.2319810837507248
0.2343990057706833
0.26611918210983276
0.2940029501914978
0.3025374710559845
0.2905672788619995
0.28561100363731384
0.27649593353271484
0.27706313133239746
0.2846747636795044
0.2929200828075409
0.29447582364082336
0.27131322026252747
0.2703598737716675
0.2715415954589844
0.2678273320198059
0.2756797969341278
0.30713149905204773
0.3306397795677185
0.33233925700187683
0.3265252709388733
0.30101656913757324
0.2960798740386963
0.3057328164577484
0.3400789499282837
0.3451687693595886
0.32949399948120117
0.31218743324279785
0.2925370931625366
0.2831171154975891
0.2866974472999573
0.31720322370529175
0.3422563970088959
0.35508355498313904
0.3728576600551605
0.349214643239975
0.3609345853328705
0.3500417172908783
0.3511298894882202
0.33261212706565857
0.3106353282928467
0.3127013146877289
0.29347214102745056
0.27607110142707825
0.2768678665161133
0.2820066809654236
0.2755228281021118
0.2715347409248352
0.2897772192955017
0.29587337374687195
0.29876261949539185
0.2874138653278351
0.2757934033870697
0.25541841983795166
0.24129895865917206
0.2499011605978012
0.2717551290988922
0.24653127789497375
0.2302689254283905
0.2347348928451538
0.23135298490524292
0.22821351885795593
0.24989978969097137
0.23487268388271332
0.2134007215499878
0.21090689301490784
0.2214830219745636
0.2152283638715744
0.2086537778377533
0.20288579165935516
0.20147231221199036
0.20746293663978577
0.20555846393108368
0.20395736396312714
0.20194898545742035
0.19484464824199677
0.19865606725215912
0.2074994295835495
0.2073296755552292
0.2006177306175232
0.19301234185695648
0.1903347223997116
0.18438898026943207
0.18474970757961273
0.1928516924381256
0.1975618600845337
0.18140089511871338
0.1820860207080841
0.17676542699337006
0.16427940130233765
0.164402037858963
0.16529113054275513
0.15554501116275787
0.1452302187681198
0.14732626080513
0.14300625026226044
0.13184353709220886
0.1181904524564743
0.11546816676855087
0.10453455150127411
0.10172190517187119
0.11592857539653778
0.12039844691753387
0.10243900865316391
0.09190144389867783
0.08436495065689087
0.08065503090620041
0.09173940867185593
0.09007218480110168
0.09584018588066101
0.09247815608978271
0.0857529491186142
0.08368419855833054
0.0810767263174057
0.07912697643041611
0.0826089009642601
0.08484739065170288
0.09682498872280121
0.09669208526611328
0.08701130747795105
0.07804664969444275
0.06823476403951645
0.05834895372390747
0.06734809279441833
0.06941189616918564
0.06770919263362885
0.06860467791557312
0.07355573028326035
0.06498122215270996
0.06315705925226212
0.05776579678058624
0.05435742437839508
0.052492331713438034
0.04844097048044205
0.05223008245229721
0.05292874574661255
0.05640624091029167
0.06069653853774071
0.061678241938352585
0.06058139726519585
0.0523422509431839
0.05293533205986023
0.05063033103942871
0.052281733602285385
0.060866378247737885
0.05895817279815674
0.06411188095808029
0.06198897957801819
0.05536557361483574
0.051320042461156845
0.05173858255147934
0.05922117084264755
0.0674087330698967
0.0636860653758049
0.0646122545003891
0.059422627091407776
0.05349816009402275
0.05399468168616295
0.058985330164432526
0.055838942527770996
0.0564030222594738
0.05618944764137268
0.057322122156620026
0.05619656667113304
0.06092896685004234
0.06250186264514923
0.055862199515104294
0.05292254686355591
0.058614581823349
0.06805577129125595
0.06575605273246765
0.07697939872741699
0.0704030841588974
0.05952897667884827
0.058219797909259796
0.06211386248469353
0.05944397300481796
0.06313878297805786
0.08088025450706482
0.07284318655729294
0.064975805580616
0.06829507648944855
0.06593926250934601
0.06868715584278107
0.08131196349859238
0.1177985891699791
0.10294218361377716
0.0875939130783081
0.09549272060394287
0.10187524557113647
0.0981748029589653
0.11205273866653442
0.1302894949913025
0.12256014347076416
0.12848882377147675
0.11680277436971664
0.12259938567876816
0.12185131013393402
0.12903696298599243
0.14940819144248962
0.1400296688079834
0.12394630163908005
0.12721018493175507
0.11863353103399277
0.12802302837371826
0.1368400752544403
0.13794052600860596
0.14298103749752045
0.1389354169368744
0.15026018023490906
0.14250952005386353
0.16172882914543152
0.18092189729213715
0.1820010542869568
0.186562642455101
0.18272200226783752
0.1943565011024475
0.1965492069721222
0.18908719718456268
0.18608693778514862
0.18014781177043915
0.1789117306470871
0.17411255836486816
0.16033054888248444
0.1615033596754074
0.1704227179288864
0.1756332516670227
0.1913694441318512
0.2022717446088791
0.19078415632247925
0.1608828902244568
0.1522669941186905
0.15832793712615967
0.14706674218177795
0.15451690554618835
0.16869065165519714
0.1654580533504486
0.1542489379644394
0.15004311501979828
0.15012133121490479
0.15330085158348083
0.1679888665676117
0.19193795323371887
0.1916692852973938
0.17850688099861145
0.16986481845378876
0.18494878709316254
0.19179151952266693
0.1914101541042328
0.20377759635448456
0.2007700800895691
0.19061928987503052
0.16885429620742798
0.15778204798698425
0.16011741757392883
0.15625238418579102
0.15821115672588348
0.15836815536022186
0.15627092123031616
0.15657854080200195
0.15032848715782166
0.15448199212551117
0.16746197640895844
0.19228804111480713
0.20248930156230927
0.21121948957443237
0.2027682065963745
0.19673776626586914
0.20322665572166443
0.21523909270763397
0.21550844609737396
0.21337831020355225
0.2085302323102951
0.19494375586509705
0.18963763117790222
0.1860930621623993
0.19336579740047455
0.19810211658477783
0.22636854648590088
0.22370266914367676
0.20433971285820007
0.20426104962825775
0.20357602834701538
0.20231172442436218
0.21166691184043884
0.2269183248281479
0.22249357402324677
0.20387999713420868
0.20901231467723846
0.1993846595287323
0.19819895923137665
0.21180453896522522
0.2230832874774933
0.2191888689994812
0.22651812434196472
0.22735130786895752
0.2271116077899933
0.23031923174858093
0.2487853467464447
0.25573205947875977
0.23821675777435303
0.24435019493103027
0.2465279996395111
0.24531809985637665
0.246002197265625
0.24864761531352997
0.23669885098934174
0.232932448387146
0.22606074810028076
0.2349889874458313
0.23317508399486542
0.240493506193161
0.24868111312389374
0.23834094405174255
0.236031174659729
0.23759332299232483
0.23571380972862244
0.22677481174468994
0.2319272756576538
0.23579411208629608
0.23829758167266846
0.23102247714996338
0.23608796298503876
0.22296443581581116
0.21876215934753418
0.21629199385643005
0.21526455879211426
0.21259546279907227
0.2141963243484497
0.21508243680000305
0.20454227924346924
0.20991699397563934
0.2151084542274475
0.20690032839775085
0.19452044367790222
0.18721601366996765
0.18235492706298828
0.1998884677886963
0.22575023770332336
0.24354514479637146
0.21693196892738342
0.2048371434211731
0.20046460628509521
0.19889965653419495
0.20861193537712097
0.22487491369247437
0.21562981605529785
0.21315810084342957
0.2045096606016159
0.19743993878364563
0.19224664568901062
0.1946074217557907
0.20927059650421143
0.2251206338405609
0.23300406336784363
0.22523485124111176
0.22525355219841003
0.21745213866233826
0.22089463472366333
0.21880754828453064
0.2317028045654297
0.2321518361568451
0.22593063116073608
0.21650736033916473
0.2101963460445404
0.2266824096441269
0.2738606631755829
0.28149843215942383
0.2951791286468506
0.2951159179210663
0.284487247467041
0.2942924201488495
0.33193594217300415
0.3554549217224121
0.3776845633983612
0.36995047330856323
0.3413516879081726
0.3293723464012146
0.35357531905174255
0.3680424690246582
0.36140188574790955
0.354860782623291
0.34823092818260193
0.3390563428401947
0.33625149726867676
0.3640514314174652
0.3737766146659851
0.36158546805381775
0.33979642391204834
0.35601431131362915
0.3407441973686218
0.33309870958328247
0.3510076403617859
0.38029569387435913
0.39489269256591797
0.39318808913230896
0.4155001640319824
0.40289247035980225
0.37618207931518555
0.4126772880554199
0.4508276581764221
0.478660523891449
0.48446547985076904
0.5002025961875916
0.4868755042552948
0.47745928168296814
0.49376797676086426
0.5350363254547119
0.5488417744636536
0.5774862170219421
0.5893456339836121
0.5740195512771606
0.5562961101531982
0.5831403732299805
0.6173842549324036
0.6085547208786011
0.5893242359161377
0.5548149347305298
0.524787962436676
0.5134814977645874
0.4807601869106293
0.4803128242492676
0.471013605594635
0.4668065905570984
0.4521728754043579
0.4249812960624695
0.4369201064109802
0.38898634910583496
0.3823572099208832
0.3838355243206024
0.40040653944015503
0.3830552101135254
0.3742069602012634
0.4014681279659271
0.34695956110954285
0.3044179677963257
0.3114575147628784
0.31429216265678406
0.29484808444976807
0.3129771947860718
0.3113347887992859
0.3176746070384979
0.3014666438102722
0.30502796173095703
0.3239733576774597
0.3325069546699524
0.3002747893333435
0.32941436767578125
0.318679541349411
0.2838417887687683
0.2776126563549042
0.2770868241786957
0.2739623785018921
0.2716231048107147
0.2669302225112915
0.25205472111701965
0.24642400443553925
0.2378660887479782
0.22204139828681946
0.21441471576690674
0.219842791557312
0.21430878341197968
0.2107253521680832
0.2272443026304245
0.22075067460536957
0.21284592151641846
0.21166686713695526
0.22058135271072388
0.22239331901073456
0.20843617618083954
0.22011297941207886
0.20542943477630615
0.20089015364646912
0.19673368334770203
0.20190100371837616
0.20403902232646942
0.22548803687095642
0.24217307567596436
0.22156116366386414
0.19271624088287354
0.18431854248046875
0.17898592352867126
0.17741546034812927
0.15869398415088654
0.162265807390213
0.15821702778339386
0.14437423646450043
0.13801167905330658
0.14380279183387756
0.16161398589611053
0.1291438192129135
0.14122812449932098
0.12923553586006165
0.12637236714363098
0.13657158613204956
0.1497305929660797
0.17059895396232605
0.1519993543624878
0.1344735026359558
0.14114195108413696
0.1275457888841629
0.13662731647491455
0.1468224674463272
0.17855869233608246
0.160970076918602
0.15443873405456543
0.16468317806720734
0.1405729204416275
0.13979141414165497
0.15748074650764465
0.19292674958705902
0.1601749062538147
0.1414353847503662
0.14574995636940002
0.12385350465774536
0.11501499265432358
0.11782580614089966
0.13008259236812592
0.12482954561710358
0.13156633079051971
0.12410926818847656
0.10317951440811157
0.09463845193386078
0.09565888345241547
0.10023590177297592
0.10354010760784149
0.1341709941625595
0.13566088676452637
0.10921614617109299
0.1150156557559967
0.11308717727661133
0.10018245875835419
0.09021416306495667
0.10263122618198395
0.09832629561424255
0.07876265048980713
0.07710999250411987
0.07816634327173233
0.07809872925281525
0.08745895326137543
0.08954513072967529
0.12125228345394135
0.09586762636899948
0.08123040944337845
0.08820611238479614
0.08319263905286789
0.0807935819029808
0.0704866573214531
0.07724650949239731
0.07017961144447327
0.06631696224212646
0.06756957620382309
0.08000236749649048
0.1130642294883728
0.09794054925441742
0.09574984014034271
0.09915487468242645
0.09050115942955017
0.08310557901859283
0.0823068767786026
0.09437563270330429
0.09221038222312927
0.08825860917568207
0.08725910633802414
0.07389000058174133
0.0716012567281723
0.06361349672079086
0.07538898289203644
0.06884235888719559
0.07970012724399567
0.08459240198135376
0.07403482496738434
0.06634986400604248
0.07366307824850082
0.083020880818367
0.09750348329544067
0.10741628706455231
0.1142374724149704
0.1067911833524704
0.10825620591640472
0.10245083272457123
0.10543294996023178
0.10202198475599289
0.1003715991973877
0.10086368024349213
0.10399764776229858
0.10147949308156967
0.09716509282588959
0.09765046834945679
0.09605755656957626
0.09614858031272888
0.09681680798530579
0.09966368973255157
0.10484598577022552
0.10652273893356323
0.11177637428045273
0.08959975093603134
0.09133557975292206
0.09517151117324829
0.0915263295173645
0.08248788118362427
0.09248238056898117
0.08337723463773727
0.06718945503234863
0.0664571225643158
0.0674428939819336
0.06748946011066437
0.06678932905197144
0.05951244756579399
0.05961005017161369
0.05456487089395523
0.05763999745249748
0.05746476352214813
0.07488881796598434
0.07137256115674973
0.052707161754369736
0.05787159502506256
0.06238747760653496
0.07340306043624878
0.06386290490627289
0.07156205177307129
0.06059904024004936
0.05731066316366196
0.06200973317027092
0.05555347725749016
0.05633265897631645
0.056779973208904266
0.07688598334789276
0.07104955613613129
0.06770654022693634
0.07295578718185425
0.0673123151063919
0.06993858516216278
0.07319150865077972
0.10238862037658691
0.11532461643218994
0.08693890273571014
