0.1078142523765564
0.11433689296245575
0.13633480668067932
0.12549911439418793
0.12919925153255463
0.1329346001148224
0.12697303295135498
0.12907101213932037
0.13163723051548004
0.1478002518415451
0.141654372215271
0.15668927133083344
0.16761097311973572
0.15852302312850952
0.1549777239561081
0.15985332429409027
0.1845363825559616
0.18336205184459686
0.18422174453735352
0.19281181693077087
0.18425314128398895
0.18183371424674988
0.18119585514068604
0.19388362765312195
0.19566147029399872
0.2013268917798996
0.21316900849342346
0.21014945209026337
0.2011307179927826
0.19939133524894714
0.20092642307281494
0.19954368472099304
0.2024300992488861
0.210910364985466
0.21423499286174774
0.210932195186615
0.21063944697380066
0.2095179557800293
0.2121540904045105
0.21635328233242035
0.22561132907867432
0.23026889562606812
0.23334774374961853
0.2396555244922638
0.23976117372512817
0.2499689906835556
0.24933438003063202
0.2595027983188629
0.26303631067276
0.26403820514678955
0.27368998527526855
0.2736735939979553
0.2854664921760559
0.28227299451828003
0.28517675399780273
0.2868275046348572
0.2861354649066925
0.2982691824436188
0.31684499979019165
0.3150138854980469
0.30932527780532837
0.3100929260253906
0.3112785220146179
0.3038026690483093
0.3055228888988495
0.30467718839645386
0.31103551387786865
0.29932701587677
0.2983596920967102
0.29063504934310913
0.2817743420600891
0.28257474303245544
0.287309467792511
0.2826961874961853
0.28549760580062866
0.28248363733291626
0.2890840172767639
0.2846439480781555
0.29017043113708496
0.29062527418136597
0.2981513738632202
0.2916759252548218
0.29099908471107483
0.29515519738197327
0.2867909371852875
0.2908698618412018
0.2958422303199768
0.2788184583187103
0.27695780992507935
0.2825213670730591
0.2767360806465149
0.26497820019721985
0.26261359453201294
0.2545357346534729
0.2517035901546478
0.24559056758880615
0.2440538853406906
0.24565455317497253
0.2396342009305954
0.24103447794914246
0.23768548667430878
0.23807965219020844
0.2388254851102829
0.24023792147636414
0.2363676279783249
0.22769658267498016
0.22395150363445282
0.22118213772773743
0.22115182876586914
0.22265540063381195
0.22932961583137512
0.2300524115562439
0.21935495734214783
0.22150933742523193
0.2202838659286499
0.21876952052116394
0.2237681746482849
0.2329506129026413
0.22375087440013885
0.2112969160079956
0.20910398662090302
0.2055465281009674
0.2049483358860016
0.208123117685318
0.2167780101299286
0.21209971606731415
0.1957017481327057
0.19131812453269958
0.1924067735671997
0.1982041597366333
0.19583694636821747
0.19335687160491943
0.191085547208786
0.17970499396324158
0.17314974963665009
0.17117349803447723
0.1756504774093628
0.17170479893684387
0.17115160822868347
0.16467547416687012
0.1559726893901825
0.1529080867767334
0.14761903882026672
0.14840279519557953
0.15016815066337585
0.15992802381515503
0.14340798556804657
0.13242261111736298
0.13452044129371643
0.14295344054698944
0.16099414229393005
0.17111429572105408
0.1767960786819458
0.1733146607875824
0.1511036455631256
0.15025608241558075
0.16023695468902588
0.17963998019695282
0.1891864389181137
0.19863831996917725
0.17682096362113953
0.16167905926704407
0.1568806916475296
0.16764235496520996
0.18166887760162354
0.19874104857444763
0.19915282726287842
0.18745224177837372
0.172918438911438
0.17148523032665253
0.17669665813446045
0.17860588431358337
0.1875452697277069
0.17400139570236206
0.16398027539253235
0.1589532345533371
0.15895989537239075
0.17029768228530884
0.17520755529403687
0.17993134260177612
0.1829499453306198
0.1921554058790207
0.18969500064849854
0.18138401210308075
0.19131629168987274
0.20321421325206757
0.20475313067436218
0.18869340419769287
0.18122398853302002
0.18815802037715912
0.18394780158996582
0.18746201694011688
0.17973415553569794
0.17754290997982025
0.18706014752388
0.1799359768629074
0.16838380694389343
0.17584919929504395
0.17346857488155365
0.16977426409721375
0.1700543761253357
0.16694307327270508
0.15854249894618988
0.1579357534646988
0.1519848108291626
0.15619254112243652
0.166365385055542
0.159541055560112
0.15001541376113892
0.1492617130279541
0.1510811746120453
0.15170203149318695
0.1527693122625351
0.15576598048210144
0.15937970578670502
0.15492835640907288
0.15558737516403198
0.14885054528713226
0.1473175287246704
0.14977237582206726
0.15261338651180267
0.1500605344772339
0.15512120723724365
0.15421436727046967
0.16039536893367767
0.1573963761329651
0.15708187222480774
0.1567939966917038
0.15681158006191254
0.1564948856830597
0.1503429412841797
0.15136770904064178
0.1514485478401184
0.14681808650493622
0.14175570011138916
0.13321125507354736
0.12875598669052124
0.1213383823633194
0.11786367744207382
0.12138830125331879
0.11336123943328857
0.11376556009054184
0.10110072791576385
0.09963624179363251
0.10138585418462753
0.1082979366183281
0.10068794339895248
0.09526746720075607
0.1020280048251152
0.08468475192785263
0.0890626460313797
0.0855787917971611
0.09491275250911713
0.09751100838184357
0.08247137814760208
0.08207391202449799
0.07446038722991943
0.07337035238742828
0.06859135627746582
0.07690033316612244
0.06961333751678467
0.06931108236312866
0.07410608232021332
0.07673108577728271
0.08312918990850449
0.0835079774260521
0.09878923743963242
0.08391053974628448
0.06978555768728256
0.06730642914772034
0.06616029143333435
0.06408271938562393
0.06823199987411499
0.07613562792539597
0.07383741438388824
0.07742811739444733
0.08172938972711563
0.08583176136016846
0.09139879792928696
0.09470751136541367
0.10244880616664886
0.08840950578451157
0.08524230122566223
0.08874593675136566
0.0897657722234726
0.0931108146905899
0.09221954643726349
0.10931532084941864
0.10309135913848877
0.08986924588680267
0.08331488817930222
0.07797282934188843
0.07718884199857712
0.07074862718582153
0.0717870369553566
0.0715586394071579
0.08176831901073456
0.08305935561656952
0.0786694884300232
0.07766395807266235
0.08431074023246765
0.08671324700117111
0.08282835781574249
0.09378467500209808
0.11148892343044281
0.09941782802343369
0.09519678354263306
0.0818500965833664
0.07296831905841827
0.06778572499752045
0.0770500898361206
0.08715233206748962
0.06975358724594116
0.08759572356939316
0.062368184328079224
0.06425381451845169
0.06944817304611206
0.06408888846635818
0.07105402648448944
0.07992329448461533
0.07386773824691772
0.07270906120538712
0.07639958709478378
0.07905387878417969
0.07987222075462341
0.07807638496160507
0.08188769966363907
0.07697950303554535
0.06974904984235764
0.06553823500871658
0.052093617618083954
0.05846600979566574
0.05527530238032341
0.052967369556427
0.0543319396674633
0.05848122760653496
0.058892872184515
0.06122640520334244
0.06091980263590813
0.06442883610725403
0.06227041408419609
0.06358887255191803
0.06851055473089218
0.05704517662525177
0.05652288720011711
0.06428966671228409
0.08060736209154129
0.06905948370695114
0.07309608161449432
0.06823717057704926
0.06722979992628098
0.07279171794652939
0.08291201293468475
0.09706997871398926
0.09820323437452316
0.09214716404676437
0.07944905757904053
0.07446011155843735
0.07150235772132874
0.07038134336471558
0.07996205985546112
0.07949067652225494
0.07621809095144272
0.07315394282341003
0.07261558622121811
0.07679333537817001
0.08146403729915619
0.101467065513134
0.10562336444854736
0.10450427234172821
0.09653699398040771
0.09299236536026001
0.09656377881765366
0.10017858445644379
0.1043362244963646
0.09898523986339569
0.09259133040904999
0.08411719650030136
0.0821465253829956
0.08410995453596115
0.08496467769145966
0.09214675426483154
0.09289656579494476
0.09599800407886505
0.0961437076330185
0.09272309392690659
0.09305538982152939
0.09170830249786377
0.09004553407430649
0.09308808296918869
0.10364514589309692
0.10382535308599472
0.10183536261320114
0.10165306180715561
0.10286098718643188
0.11602648347616196
0.11797873675823212
0.12495999038219452
0.12591271102428436
0.12565752863883972
0.12141647189855576
0.12193731963634491
0.12849533557891846
0.12599164247512817
0.12907056510448456
0.122867152094841
0.11724799871444702
0.1194314956665039
0.11216583102941513
0.10817062854766846
0.10490622371435165
0.10279621183872223
0.10123404860496521
0.09817393869161606
0.09576215595006943
0.09043753147125244
0.08577647805213928
0.08316443115472794
0.080958791077137
0.08171190321445465
0.08091656118631363
0.0828041359782219
0.08990645408630371
0.09134011715650558
0.0763557180762291
0.0741456151008606
0.0772002786397934
0.07881547510623932
0.08062656223773956
0.0850895345211029
0.08323217183351517
0.077477365732193
0.08089840412139893
0.08716662973165512
0.08826898038387299
0.08089929819107056
0.08931855857372284
0.0772140622138977
0.07183495163917542
0.06700680404901505
0.06579693406820297
0.06685219705104828
0.0726572722196579
0.08915017545223236
0.08224602043628693
0.07124634832143784
0.08320688456296921
0.07869787514209747
0.07792859524488449
0.0830266922712326
0.084846630692482
0.08366280794143677
0.07768996804952621
0.0766843855381012
0.0776209756731987
0.07601151615381241
0.0905633196234703
0.0984753668308258
0.08873023837804794
0.08447696268558502
0.08503486961126328
0.07663073390722275
0.07676684856414795
0.09294169396162033
0.09299305081367493
0.0803317204117775
0.08118961751461029
0.07637499272823334
0.06442379206418991
0.06129198521375656
0.08183874189853668
0.07665746659040451
0.05686070770025253
0.05957154184579849
0.05976202338933945
0.05702384561300278
0.06143531948328018
0.08260394632816315
0.08038818836212158
0.07706238329410553
0.07779638469219208
0.07096964120864868
0.05685339495539665
0.054853808134794235
0.07069365680217743
0.06252013146877289
0.05772620439529419
0.05674847215414047
0.048575252294540405
0.053603947162628174
0.05279531329870224
0.06623498350381851
0.06065375730395317
0.04673057049512863
0.04786090552806854
0.04538937658071518
0.048587169498205185
0.05207474157214165
0.07128169387578964
0.06912810355424881
0.059885215014219284
0.05627372860908508
0.04740414023399353
0.04308281093835831
0.04258313775062561
0.055416300892829895
0.06791745126247406
0.06239758059382439
0.04989541321992874
0.044812463223934174
0.044390659779310226
0.04420776292681694
0.05297567695379257
0.056841056793928146
0.04755768924951553
0.035303421318531036
0.03427537530660629
0.03488531708717346
0.03765954449772835
0.053415697067976
0.054544609040021896
0.04279106855392456
0.03599909693002701
0.04566875100135803
0.05078468471765518
0.054069988429546356
0.06269592046737671
0.06569402664899826
0.06335510313510895
0.052507948130369186
0.05284985154867172
0.05391749367117882
0.052790649235248566
0.05600398778915405
0.059226855635643005
0.0530712753534317
0.04981135576963425
0.047530245035886765
0.05017506331205368
0.04662693664431572
0.047876980155706406
0.048264019191265106
0.04763958975672722
0.045973360538482666
0.04484743997454643
0.043927889317274094
0.04140542820096016
0.03890535235404968
0.03789811581373215
0.0367668941617012
0.03770764172077179
0.03462345153093338
0.03664457052946091
0.03206699714064598
0.037004001438617706
0.03155563399195671
0.03234357759356499
0.032554492354393005
0.03640756011009216
0.029211293905973434
0.02845148742198944
0.02857927605509758
0.028895817697048187
0.028412114828824997
0.029017284512519836
0.03049584850668907
0.029299642890691757
0.02970024012029171
0.03307873010635376
0.032635077834129333
0.03570924699306488
0.031365036964416504
0.03072027489542961
0.030622703954577446
0.029656358063220978
0.03457438200712204
0.036466602236032486
0.0345160998404026
0.035375483334064484
0.033588919788599014
0.0317617766559124
0.034918881952762604
0.04056238755583763
0.04402446001768112
0.04664071649312973
0.04578199237585068
0.041649989783763885
0.03808845579624176
0.03689928352832794
0.036976173520088196
0.03700943663716316
0.042096417397260666
0.04679042100906372
0.041913971304893494
0.04100567847490311
0.047768108546733856
0.05184939503669739
0.0590975284576416
0.06903038918972015
0.07360392063856125
0.07336367666721344
0.06209614872932434
0.06332363188266754
0.07141946256160736
0.06406790763139725
0.07919034361839294
0.08360671997070312
0.0738694965839386
0.0717204362154007
0.08833962678909302
0.08775348961353302
0.0904904305934906
0.10927274078130722
0.12289880216121674
0.11451785266399384
0.09483741223812103
0.10314987599849701
0.1160845085978508
0.12907996773719788
0.1362341344356537
0.14292247593402863
0.10497379302978516
0.08889400959014893
0.09109615534543991
0.09307949244976044
0.10797777026891708
0.13861295580863953
0.1320842206478119
0.11493229120969772
0.11126091331243515
0.10984264314174652
0.13020843267440796
0.1756957769393921
0.2040141224861145
0.17242078483104706
0.15587542951107025
0.148514986038208
0.1449812650680542
0.15900492668151855
0.2085711658000946
0.2373950481414795
0.1946529597043991
0.1770515739917755
0.17869162559509277
0.1388762891292572
0.2039303034543991
0.23748569190502167
0.21738362312316895
0.21130655705928802
0.20915257930755615
0.21505765616893768
0.21161118149757385
0.23343484103679657
0.29656052589416504
0.31465327739715576
0.269755095243454
0.26840949058532715
0.27090269327163696
0.25743037462234497
0.26637738943099976
0.3183334767818451
0.3115707337856293
0.2962868809700012
0.2906580865383148
0.2901007831096649
0.30184030532836914
0.32676342129707336
0.37174010276794434
0.35284945368766785
0.3479292392730713
0.35512977838516235
0.3322741389274597
0.33272263407707214
0.34461313486099243
0.39411982893943787
0.38273191452026367
0.35594186186790466
0.33513984084129333
0.33283525705337524
0.3245263695716858
0.3322274088859558
0.36034804582595825
0.3465861976146698
0.35921621322631836
0.3625396192073822
0.3589661121368408
0.33366286754608154
0.3367385268211365
0.3653660714626312
0.36813339591026306
0.3620895743370056
0.35177525877952576
0.33442896604537964
0.3226276636123657
0.32610881328582764
0.32450878620147705
0.3428651690483093
0.3434031009674072
0.33547958731651306
0.31706374883651733
0.3089604079723358
0.3067392110824585
0.29888713359832764
0.30417948961257935
0.31173816323280334
0.31110668182373047
0.3081609904766083
0.30601584911346436
0.317342072725296
0.32048580050468445
0.3319973945617676
0.3470107316970825
0.3584151268005371
0.3367728590965271
0.3373790979385376
0.33127015829086304
0.34967041015625
0.33449071645736694
0.3353707492351532
0.3370208442211151
0.3098374903202057
0.30466386675834656
0.30291974544525146
0.3119172751903534
0.349888414144516
0.3321422338485718
0.3200230598449707
0.31111419200897217
0.30511361360549927
0.3053987920284271
0.3232036828994751
0.3447050452232361
0.3282495141029358
0.31494176387786865
0.3063420355319977
0.29346007108688354
0.29685601592063904
0.3291139602661133
0.34212610125541687
0.3359854221343994
0.3273286819458008
0.3068639934062958
0.30023300647735596
0.3105442523956299
0.3354107737541199
0.3566991984844208
0.32957449555397034
0.31123456358909607
0.29161304235458374
0.28722459077835083
0.30238816142082214
0.35876473784446716
0.40900588035583496
0.3507862091064453
0.2850942015647888
0.2861648201942444
0.2678335905075073
0.27563929557800293
0.3164030909538269
0.3402280807495117
0.29817062616348267
0.28461307287216187
0.27298757433891296
0.2640906572341919
0.26624637842178345
0.30658185482025146
0.3388969302177429
0.31977221369743347
0.3147560954093933
0.2811696529388428
0.2624853849411011
0.2800806760787964
0.3349926471710205
0.36680030822753906
0.35661423206329346
0.2987588942050934
0.2728385329246521
0.27282997965812683
0.2784189283847809
0.3177124261856079
0.3368556499481201
0.2966141104698181
0.2680513858795166
0.25182315707206726
0.23989753425121307
0.25107598304748535
0.2821807265281677
0.32504528760910034
0.3002510070800781
0.2712658643722534
0.2624426484107971
0.25044912099838257
0.24439015984535217
0.2504287362098694
0.26531705260276794
0.25721025466918945
0.24077042937278748
0.23063711822032928
0.21755966544151306
0.21528586745262146
0.21882840991020203
0.2305614948272705
0.24433569610118866
0.23687776923179626
0.22985729575157166
0.229650616645813
0.22317612171173096
0.21129171550273895
0.19551968574523926
0.17835287749767303
0.16646063327789307
0.14771251380443573
0.13851717114448547
0.1255272924900055
0.12761804461479187
0.1215030699968338
0.11705627292394638
0.11372198164463043
0.11568322032690048
0.11951518058776855
0.10337203741073608
0.1001223549246788
0.0985487550497055
0.08835002034902573
0.0889216959476471
0.0818466916680336
0.09068454802036285
0.08809398859739304
0.08992307633161545
0.08637076616287231
0.0865774154663086
0.08443959802389145
0.07900574058294296
0.07660932838916779
0.07096008956432343
0.07829249650239944
0.07315432280302048
0.08250109106302261
0.0807664692401886
0.07786744832992554
0.07644596695899963
0.07321806252002716
0.07079016417264938
0.08991168439388275
0.08878086507320404
0.08816538751125336
0.09091648459434509
0.08578719943761826
0.0846872478723526
0.08749130368232727
0.09653651714324951
0.08431386202573776
0.07302874326705933
0.06713569164276123
0.07686156034469604
0.07700495421886444
0.07231804728507996
0.07139203697443008
0.07913588732481003
0.08139462769031525
0.08075552433729172
0.10202306509017944
0.09869100898504257
0.07939717173576355
0.07635023444890976
0.07839568704366684
0.067039355635643
0.06669530272483826
0.07324482500553131
0.06877587735652924
0.06566549837589264
0.07050915062427521
0.06601710617542267
0.06895147264003754
0.06737543642520905
0.07289797067642212
0.07596993446350098
0.07497914135456085
0.07733044773340225
0.07936011254787445
0.07833223044872284
0.0770309790968895
0.0796479731798172
0.0786219984292984
0.07312750071287155
0.08015437424182892
0.08508807420730591
0.088438980281353
0.08066564798355103
0.0844874307513237
0.0903068333864212
0.09401747584342957
0.09832219779491425
0.0807294175028801
0.08285017311573029
0.07348565012216568
0.0746908038854599
0.07513757050037384
0.07695326954126358
0.07967592775821686
0.07775124162435532
0.08195619285106659
0.08500533550977707
0.08860846608877182
0.08679810166358948
0.0887451022863388
0.09054174274206161
0.09403720498085022
0.1056751236319542
0.1039261743426323
0.09781578183174133
0.10469047725200653
0.11303824186325073
0.14376245439052582
0.13061290979385376
0.11631371825933456
0.11440218985080719
0.11022807657718658
0.11623292416334152
0.1264791041612625
0.12987017631530762
0.13855119049549103
0.13369181752204895
0.12231121957302094
0.11549075692892075
0.11348378658294678
0.12705759704113007
0.14016921818256378
0.12922316789627075
0.14015750586986542
0.1369667649269104
0.13765960931777954
0.13312283158302307
0.14381298422813416
0.1356726735830307
0.13923464715480804
0.1367516815662384
0.13484962284564972
0.12321820110082626
0.128927081823349
0.1428040862083435
0.17461535334587097
0.14886701107025146
0.14408329129219055
0.13978196680545807
0.14799830317497253
0.15967300534248352
0.19980160892009735
0.23118853569030762
0.2252875417470932
0.21751753985881805
0.19945037364959717
0.20425090193748474
0.2197851538658142
0.23377415537834167
0.2295287847518921
0.22975485026836395
0.22828921675682068
0.21507713198661804
0.20358775556087494
0.2110568732023239
0.24109706282615662
0.22681961953639984
0.2082335203886032
0.21106068789958954
0.2010544240474701
0.20816431939601898
0.23488640785217285
0.2664969563484192
0.21339385211467743
0.19802311062812805
0.18790990114212036
0.18249428272247314
0.17029079794883728
0.17484495043754578
0.2032361477613449
0.17880451679229736
0.177493616938591
0.17962849140167236
0.18812724947929382
0.18487471342086792
0.1858309954404831
0.18936893343925476
0.17358452081680298
0.1519247144460678
0.145470529794693
0.1455117017030716
0.14235973358154297
0.16121093928813934
0.1620272696018219
0.1353088617324829
0.1376001238822937
0.14249259233474731
0.12886905670166016
0.12741702795028687
0.1464952677488327
0.1355852335691452
0.10966275632381439
0.10666583478450775
0.10768505185842514
0.10231834650039673
0.0961209386587143
0.11185552179813385
0.11781106889247894
0.11228311061859131
0.11222010105848312
0.11712338775396347
0.11918766796588898
0.0970086008310318
0.09575708210468292
0.09873715043067932
0.10220766067504883
0.10754390060901642
0.12207739800214767
0.12025122344493866
0.10642492771148682
0.1073557585477829
0.10355734825134277
0.09983616322278976
0.10027848184108734
0.11159990727901459
0.10906170308589935
0.10235913842916489
0.10053085535764694
0.09860783070325851
0.08891430497169495
0.08512696623802185
0.09253483265638351
0.08799368143081665
0.08323930203914642
0.08170823752880096
0.08733441680669785
0.09023374319076538
0.08041498810052872
0.07974873483181
0.07078501582145691
0.06649412214756012
0.06547708809375763
0.0686686635017395
0.07461228221654892
0.07395663112401962
0.07251729816198349
0.06706847250461578
0.0628083348274231
0.06007146090269089
0.058629583567380905
0.058168791234493256
0.05911893770098686
0.07009382545948029
0.06515844166278839
0.05796701833605766
0.05057372897863388
0.04817705973982811
0.04678745195269585
0.04504448175430298
0.04544781893491745
0.04095049947500229
0.035810139030218124
0.03592710942029953
0.0365002304315567
0.038749225437641144
0.04123420640826225
0.04493362829089165
0.03747231140732765
0.03492501378059387
0.03450562059879303
0.03411244601011276
0.039617352187633514
0.046739183366298676
0.05820988118648529
0.05788659304380417
0.056289009749889374
0.05325523018836975
0.050783317536115646
0.05668450519442558
0.07284065335988998
0.07068325579166412
0.07093961536884308
0.06827156990766525
0.06372398883104324
0.06217857450246811
0.06398952007293701
0.07395385205745697
0.07303990423679352
0.06969432532787323
0.0670778751373291
0.0653599351644516
0.06586512923240662
0.07228904962539673
0.07999694347381592
0.0745048075914383
0.07459677010774612
0.07150167226791382
0.06972939521074295
0.07807695865631104
0.08145248144865036
0.06951235979795456
0.0683278888463974
0.07226362824440002
0.06958512961864471
0.06486929953098297
0.06482987850904465
0.07954497635364532
0.08607902377843857
0.0758017897605896
0.07774199545383453
0.07502689212560654
0.06808886677026749
0.06884822249412537
0.07891392707824707
0.07644301652908325
0.07354195415973663
0.07639337331056595
0.07255635410547256
0.07330833375453949
0.0827275812625885
0.07930728793144226
0.07517381012439728
0.07459043711423874
0.07484720647335052
0.08129424601793289
0.08161497116088867
0.09792842715978622
0.12883391976356506
0.11811860650777817
0.11698006093502045
0.10894647240638733
0.11332795023918152
0.1144353374838829
0.11647944152355194
0.13988825678825378
0.1386142522096634
0.12268982827663422
0.11566352844238281
0.12100758403539658
0.12144692987203598
0.10679197311401367
0.10343573987483978
0.10390940308570862
0.10190248489379883
0.09885822236537933
0.10353852808475494
0.10086735337972641
0.09587126970291138
0.09548847377300262
0.10736057162284851
0.11361363530158997
0.12183038890361786
0.1268351525068283
0.1267205774784088
0.11778248846530914
0.11406014859676361
0.11760320514440536
0.1187216266989708
0.1189839243888855
0.1263018250465393
0.12117671221494675
0.10857008397579193
0.10604804009199142
0.11295978724956512
0.11472061276435852
0.11086879670619965
0.13360314071178436
0.13484615087509155
0.1217723935842514
0.12435410916805267
0.12924759089946747
0.14135898649692535
0.14119338989257812
0.14732129871845245
0.1439352035522461
0.1395634263753891
0.13499562442302704
0.13065984845161438
0.13200034201145172
0.12989121675491333
0.1457667350769043
0.15452218055725098
0.14675739407539368
0.16594086587429047
0.17672668397426605
0.17737309634685516
0.17148415744304657
0.18954554200172424
0.1860945224761963
0.16573041677474976
0.15208882093429565
0.1580720841884613
0.15607915818691254
0.1607239842414856
0.16802018880844116
0.15871596336364746
0.1459675133228302
0.14140765368938446
0.13731904327869415
0.14028701186180115
0.15143606066703796
0.1601811945438385
0.15787255764007568
0.1483759731054306
0.14759445190429688
0.1472158133983612
0.14290720224380493
0.15547224879264832
0.16706806421279907
0.17082320153713226
0.16334640979766846
0.14316731691360474
0.1489291936159134
0.1596473902463913
0.1595517247915268
0.16587303578853607
0.15749123692512512
0.1414213478565216
0.12935635447502136
0.12705965340137482
0.12167257070541382
0.13063156604766846
0.14791685342788696
0.16209152340888977
0.1553109884262085
0.14144733548164368
0.12591904401779175
0.12876193225383759
0.13809484243392944
0.15367303788661957
0.1635090708732605
0.16127827763557434
0.13791829347610474
0.1323452591896057
0.13047873973846436
0.1343616098165512
0.13969175517559052
0.14256152510643005
0.13663175702095032
0.14049282670021057
0.1422351896762848
0.1421508491039276
0.14420679211616516
0.1544181853532791
0.15167924761772156
0.14337681233882904
0.1395866870880127
0.13798971474170685
0.13628694415092468
0.13352330029010773
0.13763605058193207
0.1377611756324768
0.13266757130622864
0.131078839302063
0.13154128193855286
0.12998102605342865
0.12711083889007568
0.12877210974693298
0.13381502032279968
0.1310979723930359
0.12749889492988586
0.1217513233423233
0.11779024451971054
0.10782056301832199
0.09780782461166382
0.09284355491399765
0.1009611114859581
0.11445202678442001
0.10666874051094055
0.10054334253072739
0.09486429393291473
0.09349721670150757
0.09301541745662689
0.10661695897579193
0.111475870013237
0.10667114704847336
0.09619253128767014
0.09081375598907471
0.0906524658203125
0.09755437076091766
0.08898230642080307
0.10356693714857101
0.09385626763105392
0.08931218087673187
0.08814158290624619
0.09934084117412567
0.10331394523382187
0.09598632901906967
0.12053267657756805
0.11118431389331818
0.10383208096027374
0.09923554956912994
0.11132817715406418
0.11165320128202438
0.10309992730617523
0.12898874282836914
0.11385496705770493
0.1117197796702385
0.11079786717891693
0.11958041042089462
0.11727529019117355
0.1123688668012619
0.12999552488327026
0.1276765763759613
0.12152469158172607
0.11791491508483887
0.12173344939947128
0.12100912630558014
0.12051644921302795
0.13666701316833496
0.142804354429245
0.13205412030220032
0.128240704536438
0.1298813670873642
0.12933939695358276
0.12900303304195404
0.13074001669883728
0.13408178091049194
0.13104908168315887
0.13059133291244507
0.13360156118869781
0.1280651092529297
0.1267966330051422
0.12757384777069092
0.13480456173419952
0.13958428800106049
0.137240469455719
0.14111322164535522
0.14053142070770264
0.13454321026802063
0.13997188210487366
0.14193347096443176
0.13130347430706024
0.13501621782779694
0.1337725967168808
0.12584106624126434
0.12397494167089462
0.12860560417175293
0.12082670629024506
0.1179061233997345
0.11798179149627686
0.11992304027080536
0.11849725246429443
0.10966354608535767
0.10611273348331451
0.10601650178432465
0.11087321490049362
0.10633077472448349
0.11088170111179352
0.10903067886829376
0.10212527960538864
0.10027440637350082
0.10326167196035385
0.10351146757602692
0.10233750939369202
0.10727586597204208
0.10799824446439743
0.11211349815130234
0.11594288051128387
0.1188456267118454
0.12192772328853607
0.1146719679236412
0.11318975687026978
0.11098699271678925
0.11525412648916245
0.1080748662352562
0.10628475993871689
0.10075978934764862
0.09799027442932129
0.10010461509227753
0.10139437764883041
0.10589644312858582
0.09581753611564636
0.09728807210922241
0.09949027746915817
0.09375433623790741
0.0962790697813034
0.10316261649131775
0.11786540597677231
0.11486196517944336
0.09531103819608688
0.0895056426525116
0.08495020866394043
0.08423741906881332
0.09525295346975327
0.11095553636550903
0.12264107167720795
0.0994427427649498
0.09840571880340576
0.09596481174230576
0.09335800260305405
0.098466657102108
0.12176823616027832
0.16575497388839722
0.13728974759578705
0.11552511900663376
0.10370682924985886
0.10539859533309937
0.11869841814041138
0.14691248536109924
0.14794373512268066
0.1330101042985916
0.12748585641384125
0.11764685809612274
0.10564296692609787
0.11566026508808136
0.12298794090747833
0.146860271692276
0.12336882203817368
0.11842910945415497
0.11693599075078964
0.1170407235622406
0.12944617867469788
0.16434770822525024
0.18288163840770721
0.169037863612175
0.16074983775615692
0.14713239669799805
0.1414351910352707
0.14112472534179688
0.16097435355186462
0.1963006854057312
0.18154101073741913
0.17185011506080627
0.15231284499168396
0.15439704060554504
