0.0609872043132782
0.06178406625986099
0.06073693558573723
0.06047648936510086
0.06067551299929619
0.06096966192126274
0.063303641974926
0.06153612211346626
0.06308253109455109
0.061746180057525635
0.06350850313901901
0.06250138580799103
0.0619780607521534
0.06192411109805107
0.06612302362918854
0.06325038522481918
0.06390304863452911
0.0627732202410698
0.06314171105623245
0.06455271691083908
0.06503096967935562
0.06639957427978516
0.06528230756521225
0.06575668603181839
0.06554915755987167
0.06456001102924347
0.06351596862077713
0.06485109776258469
0.06541291624307632
0.06455351412296295
0.06459692865610123
0.06469088792800903
0.06401793658733368
0.06272164732217789
0.06493648141622543
0.06337212771177292
0.06084809824824333
0.06276094913482666
0.06299467384815216
0.06079758331179619
0.060974638909101486
0.06210830435156822
0.06341349333524704
0.062217749655246735
0.06100216135382652
0.06339243054389954
0.0620233416557312
0.06447798013687134
0.06446217000484467
0.06436677277088165
0.0709143802523613
0.06782744824886322
0.07188952714204788
0.07157232612371445
0.07659474015235901
0.07958739995956421
0.078670434653759
0.07939373701810837
0.08168885111808777
0.07962948083877563
0.0816781148314476
0.08196055144071579
0.08612720668315887
0.08787824958562851
0.08580618351697922
0.08836569637060165
0.08703623712062836
0.08768534660339355
0.08961507678031921
0.09082077443599701
0.09129252284765244
0.09097190201282501
0.08908533304929733
0.08902650326490402
0.08810652792453766
0.08759339153766632
0.08863847702741623
0.08968691527843475
0.09021138399839401
0.08860647678375244
0.08940387517213821
0.08829411119222641
0.08722735941410065
0.08990591764450073
0.09181138873100281
0.09273061901330948
0.09286908060312271
0.09358534961938858
0.0952678993344307
0.09791340678930283
0.09716108441352844
0.10063546895980835
0.10042881965637207
0.10384400933980942
0.10793357342481613
0.10534337908029556
0.10881040245294571
0.111422598361969
0.1129051223397255
0.11503513902425766
0.11659505218267441
0.11981695890426636
0.1214853897690773
0.12577813863754272
0.12787781655788422
0.1312275379896164
0.13585591316223145
0.13705524802207947
0.14119863510131836
0.14486029744148254
0.1487070471048355
0.1512957513332367
0.15524393320083618
0.15823012590408325
0.1601725071668625
0.16424976289272308
0.16804207861423492
0.17025695741176605
0.17353546619415283
0.17770448327064514
0.18075086176395416
0.18539117276668549
0.18824543058872223
0.1944556087255478
0.19718770682811737
0.19936858117580414
0.20236364006996155
0.2037423700094223
0.2052503377199173
0.20902827382087708
0.21340368688106537
0.21196416020393372
0.21358279883861542
0.2142176628112793
0.21787117421627045
0.2197163850069046
0.22428488731384277
0.22337408363819122
0.2277878373861313
0.23458419740200043
0.235818013548851
0.24087746441364288
0.24370332062244415
0.24700212478637695
0.2501879334449768
0.25391075015068054
0.2599901854991913
0.26119309663772583
0.2659337520599365
0.2680869698524475
0.2699318826198578
0.27618592977523804
0.2763553559780121
0.2803289592266083
0.2807692885398865
0.2873888611793518
0.28311464190483093
0.2880118489265442
0.2905549705028534
0.29237210750579834
0.2919257581233978
0.2942245602607727
0.2941671311855316
0.2965746819972992
0.29642802476882935
0.29590436816215515
0.2949763238430023
0.2956129312515259
0.2931670546531677
0.2952757179737091
0.2913932502269745
0.2937687933444977
0.293657511472702
0.29032349586486816
0.2898723781108856
0.29182329773902893
0.2893957495689392
0.2925526797771454
0.28992870450019836
0.2897282838821411
0.2886144518852234
0.2890666127204895
0.28838011622428894
0.2879239022731781
0.2901555001735687
0.28658294677734375
0.285309374332428
0.2846904397010803
0.28345948457717896
0.2801119387149811
0.2784256041049957
0.27392837405204773
0.27138686180114746
0.2717212736606598
0.26777514815330505
0.26278141140937805
0.25871542096138
0.2586418390274048
0.25372809171676636
0.25392135977745056
0.2517336308956146
0.2500554919242859
0.24641285836696625
0.24615085124969482
0.24332617223262787
0.24127526581287384
0.24087639153003693
0.2391173392534256
0.23723649978637695
0.23554308712482452
0.2353888601064682
0.23410311341285706
0.2312387079000473
0.23373976349830627
0.23526933789253235
0.2302711308002472
0.22884304821491241
0.23040075600147247
0.2273349016904831
0.22855697572231293
0.2277488261461258
0.22480742633342743
0.22284536063671112
0.22099244594573975
0.2179807424545288
0.21832704544067383
0.2152695655822754
0.21109627187252045
0.21124127507209778
0.20918391644954681
0.20141009986400604
0.20016001164913177
0.20137083530426025
0.19728365540504456
0.19131450355052948
0.19063694775104523
0.18780198693275452
0.18111103773117065
0.18211883306503296
0.1774984449148178
0.1749027669429779
0.17891260981559753
0.1730019599199295
0.17040207982063293
0.16779668629169464
0.1686602234840393
0.16827264428138733
0.167320117354393
0.16516080498695374
0.16843394935131073
0.16845479607582092
0.16810058057308197
0.17584767937660217
0.17226022481918335
0.1748911738395691
0.18126384913921356
0.1863529533147812
0.18405084311962128
0.18605300784111023
0.18568868935108185
0.1855715811252594
0.18908753991127014
0.18952380120754242
0.1948574036359787
0.18941955268383026
0.1877673715353012
0.18837979435920715
0.18921414017677307
0.18741412460803986
0.18914596736431122
0.19023291766643524
0.18788263201713562
0.1871449500322342
0.18555225431919098
0.18660427629947662
0.18492193520069122
0.18684189021587372
0.18586328625679016
0.18344746530056
0.18168018758296967
0.18386392295360565
0.187198206782341
0.1880323886871338
0.18666307628154755
0.19007901847362518
0.18961156904697418
0.1904757171869278
0.19022400677204132
0.19052501022815704
0.1909414678812027
0.19172349572181702
0.18997763097286224
0.18817760050296783
0.1877993792295456
0.18845431506633759
0.1866655796766281
0.1840154081583023
0.1856078952550888
0.18290437757968903
0.18264137208461761
0.18023838102817535
0.17943665385246277
0.1778080314397812
0.17570695281028748
0.17525450885295868
0.17679600417613983
0.17292973399162292
0.17355908453464508
0.17411933839321136
0.17101462185382843
0.17145049571990967
0.1741771548986435
0.17122384905815125
0.1695844531059265
0.16774332523345947
0.17041103541851044
0.16981707513332367
0.16712479293346405
0.16778965294361115
0.16642360389232635
0.16733697056770325
0.16565321385860443
0.16603894531726837
0.16528023779392242
0.1643999069929123
0.16293084621429443
0.1637813150882721
0.1629881113767624
0.1616939902305603
0.15941981971263885
0.15832866728305817
0.15613983571529388
0.15407678484916687
0.15209516882896423
0.1479370892047882
0.14693211019039154
0.14114461839199066
0.13771779835224152
0.13344702124595642
0.12930482625961304
0.12563017010688782
0.12097650021314621
0.11907968670129776
0.11773258447647095
0.11355295032262802
0.10842585563659668
0.10507982224225998
0.10123181343078613
0.09915973246097565
0.09828952699899673
0.09582981467247009
0.09382352977991104
0.09174533188343048
0.08488436043262482
0.08613475412130356
0.08214422315359116
0.08243706077337265
0.08083517849445343
0.07892152667045593
0.07847543805837631
0.08008003234863281
0.07802863419055939
0.07715493440628052
0.08053266257047653
0.07777457684278488
0.07634624093770981
0.07772952318191528
0.07806471735239029
0.07517024129629135
0.07698246836662292
0.07660289853811264
0.07670167088508606
0.07551609724760056
0.07450710982084274
0.07885389775037766
0.07471080869436264
0.07902679592370987
0.07526209950447083
0.07838349789381027
0.07963698357343674
0.07652772963047028
0.07619138062000275
0.07592811435461044
0.078401118516922
0.07952674478292465
0.07916972786188126
0.07910874485969543
0.08172599971294403
0.07962826639413834
0.07993452996015549
0.08081072568893433
0.07781663537025452
0.08100464940071106
0.07882794737815857
0.07940540462732315
0.0785408541560173
0.07932428270578384
0.07747701555490494
0.07717207074165344
0.07935219258069992
0.08046699315309525
0.08137433230876923
0.08097522705793381
0.08289168030023575
0.07953467220067978
0.08042442798614502
0.08346526324748993
0.08317849040031433
0.08353329449892044
0.08349879086017609
0.08310149610042572
0.08239592611789703
0.08109324425458908
0.07891297340393066
0.08182736486196518
0.08038330078125
0.08442850410938263
0.08368176221847534
0.0839221253991127
0.08253853768110275
0.08467455208301544
0.08360172808170319
0.08271899819374084
0.08420681208372116
0.0858352929353714
0.08430644124746323
0.08612534403800964
0.08255916833877563
0.0818450078368187
0.08078583329916
0.0808902382850647
0.07986455410718918
0.07632292807102203
0.07813551276922226
0.07572657614946365
0.07653843611478806
0.07516597956418991
0.07606575638055801
0.07294358313083649
0.07360641658306122
0.07256849855184555
0.07359958440065384
0.07228083908557892
0.07232500612735748
0.07200641930103302
0.07228954136371613
0.0710761770606041
0.07164167612791061
0.0737469345331192
0.0746595486998558
0.07641961425542831
0.07677802443504333
0.07679176330566406
0.07874687016010284
0.07824286073446274
0.07974469661712646
0.07862202078104019
0.0820433720946312
0.08265217393636703
0.07981455326080322
0.08149633556604385
0.0808347687125206
0.08248385787010193
0.08260755985975266
0.08387082815170288
0.0850345641374588
0.08700164407491684
0.08766254037618637
0.09075550734996796
0.09120627492666245
0.09128016978502274
0.09289467334747314
0.09519056975841522
0.09401310980319977
0.09555553644895554
0.0961088240146637
0.09591599553823471
0.0944584384560585
0.09573294967412949
0.09731781482696533
0.09657251834869385
0.09766583144664764
0.09660284966230392
0.09861373901367188
0.0982585921883583
0.09998898953199387
0.10116507112979889
0.1012725755572319
0.10166338831186295
0.10159368813037872
0.10299056768417358
0.10391511768102646
0.10475195944309235
0.1051996499300003
0.10579385608434677
0.10853619873523712
0.10906094312667847
0.10975541174411774
0.1085500717163086
0.10968046635389328
0.11244940012693405
0.11277898401021957
0.11161267757415771
0.11310620605945587
0.11100142449140549
0.11195798218250275
0.11024539917707443
0.10880235582590103
0.10933443158864975
0.10974868386983871
0.10695308446884155
0.10606677830219269
0.10570170730352402
0.10500689595937729
0.10260315984487534
0.1010264903306961
0.10197839885950089
0.09959658235311508
0.09824405610561371
0.09841444343328476
0.09409573674201965
0.09436362981796265
0.09482698887586594
0.0923023447394371
0.0924086645245552
0.09253530949354172
0.0905519649386406
0.08851725608110428
0.08831130713224411
0.09005105495452881
0.0876721665263176
0.0889149084687233
0.08875720202922821
0.08723726868629456
0.0847858339548111
0.08577205240726471
0.08584541827440262
0.08593734353780746
0.08248776942491531
0.08302801847457886
0.08224517107009888
0.08153565973043442
0.08050387352705002
0.07936060428619385
0.07998687773942947
0.0799483209848404
0.081644207239151
0.07878421992063522
0.08020776510238647
0.07964592427015305
0.07973568886518478
0.07770054787397385
0.07877523452043533
0.07582176476716995
0.07897862046957016
0.0785379484295845
0.08038117736577988
0.08195801079273224
0.07965295761823654
0.08280867338180542
0.083182193338871
0.08217525482177734
0.08446599543094635
0.08381745219230652
0.08392646163702011
0.08504172414541245
0.08214433491230011
0.08328426629304886
0.07995067536830902
0.07873942703008652
0.08061862736940384
0.07917394489049911
0.07823287695646286
0.07872403413057327
0.08248309046030045
0.07928279787302017
0.08015487343072891
0.08040596544742584
0.08025478571653366
0.07584161311388016
0.07943787425756454
0.0800757184624672
0.08193286508321762
0.07872625440359116
0.0763840451836586
0.07629840075969696
0.0753292441368103
0.07666319608688354
0.07538298517465591
0.07388085126876831
0.07360998541116714
0.07240582257509232
0.07399263232946396
0.07292184978723526
0.07237154990434647
0.07548191398382187
0.07386902719736099
0.07447578758001328
0.07356583327054977
0.07570971548557281
0.07417015731334686
0.07358316332101822
0.07370471209287643
0.07158873230218887
0.07440086454153061
0.07241425663232803
0.0713513046503067
0.07297378778457642
0.07168739289045334
0.07355757802724838
0.07184966653585434
0.07116858661174774
0.07015983015298843
0.06674602627754211
0.0664970874786377
0.06664642691612244
0.06638351827859879
0.06766758859157562
0.06461910903453827
0.06516832113265991
0.06709440052509308
0.06843967735767365
0.06674188375473022
0.06989458203315735
0.0703836977481842
0.0715203657746315
0.07097239047288895
0.07140045613050461
0.07034623622894287
0.06949441879987717
0.06876689940690994
0.07121024280786514
0.06793107092380524
0.06816097348928452
0.06758121401071548
0.06744422018527985
0.06637489050626755
0.06520883738994598
0.06781387329101562
0.06534910947084427
0.06455111503601074
0.06514519453048706
0.061761703342199326
0.061526745557785034
0.06058155372738838
0.06016303226351738
0.059765931218862534
0.05794674903154373
0.05580199882388115
0.054656412452459335
0.052335817366838455
0.05138729140162468
0.052027732133865356
0.04864772781729698
0.048561498522758484
0.04698104038834572
0.044927310198545456
0.0472341813147068
0.04445728287100792
0.04499172046780586
0.04346686229109764
0.0435323566198349
0.043670352548360825
0.04309215396642685
0.04436640068888664
0.043271247297525406
0.04349483177065849
0.04350593313574791
0.04223250970244408
0.04256899282336235
0.04408417269587517
0.04315977916121483
0.044204067438840866
0.04429926350712776
0.04477416351437569
0.044634368270635605
0.04414483532309532
0.04488952085375786
0.044600483030080795
0.047327008098363876
0.045950524508953094
0.04661677032709122
0.04834558814764023
0.04787515476346016
0.048681117594242096
0.05011598393321037
0.05201374366879463
0.052213139832019806
0.0539935939013958
0.05178195983171463
0.053526706993579865
0.056473907083272934
0.054956842213869095
0.05732071399688721
0.06205921992659569
0.0629533901810646
0.06609388440847397
0.06854384392499924
0.06912202388048172
0.07367797940969467
0.07323797792196274
0.07794417440891266
0.07959315180778503
0.08275263756513596
0.08285882323980331
0.08813627809286118
0.0860864445567131
0.08884557336568832
0.09725866466760635
0.09925523400306702
0.10316295921802521
0.10566504299640656
0.1105695366859436
0.11204463243484497
0.11305921524763107
0.11880301684141159
0.12241967767477036
0.12108023464679718
0.12647183239459991
0.12653686106204987
0.12620411813259125
0.12427643686532974
0.13096004724502563
0.1282472312450409
0.13225440680980682
0.12899063527584076
0.13338004052639008
0.1314060240983963
0.13352854549884796
0.14281217753887177
0.1500893086194992
0.14884783327579498
0.15040384232997894
0.1535765677690506
0.15796931087970734
0.16474175453186035
0.17371009290218353
0.17602306604385376
0.18095318973064423
0.1832219362258911
0.1840728372335434
0.1856885403394699
0.1896524727344513
0.19240041077136993
0.20161275565624237
0.20061199367046356
0.2005893737077713
0.2060900777578354
0.2036159485578537
0.20683971047401428
0.22019414603710175
0.2234802544116974
0.22327986359596252
0.236625075340271
0.23921136558055878
0.24054203927516937
0.25070640444755554
0.2520083785057068
0.2539113461971283
0.25878849625587463
0.26353010535240173
0.2610316276550293
0.2732192277908325
0.27308544516563416
0.28504154086112976
0.29018163681030273
0.3028298318386078
0.2977626621723175
0.3031063973903656
0.31028029322624207
0.316487580537796
0.3175077736377716
0.32594767212867737
0.328290194272995
0.33895373344421387
0.34147337079048157
0.3360553979873657
0.33805033564567566
0.34085866808891296
0.34570059180259705
0.3505278527736664
0.35042449831962585
0.35626086592674255
0.34871241450309753
0.36248674988746643
0.356607586145401
0.35928937792778015
0.3571963906288147
0.3606196641921997
0.36622750759124756
0.35833168029785156
0.3582683503627777
0.35935553908348083
0.3563140034675598
0.3549269139766693
0.3594014644622803
0.34773680567741394
0.3505217730998993
0.34539133310317993
0.3411281704902649
0.3406255841255188
0.3362521827220917
0.3400508761405945
0.33316072821617126
0.3336469829082489
0.33075958490371704
0.33414432406425476
0.3366132974624634
0.33719855546951294
0.340499609708786
0.3395126163959503
0.34711942076683044
0.3460513949394226
0.34931865334510803
0.35223808884620667
0.3557722568511963
0.3459430932998657
0.35813042521476746
0.3549358546733856
0.3562934994697571
0.3521435558795929
0.35855183005332947
0.3573650121688843
0.3552798628807068
0.3543584942817688
0.35699746012687683
0.35378170013427734
0.354784220457077
0.35339245200157166
0.35540637373924255
0.3543309271335602
0.35019707679748535
0.349260151386261
0.34492427110671997
0.3499372899532318
0.341858446598053
0.34027889370918274
0.34411659836769104
0.34677854180336
0.34349605441093445
0.3409460484981537
0.3394691050052643
0.3396742045879364
0.3426724076271057
0.3506471812725067
0.34818339347839355
0.3370967507362366
0.3399616777896881
0.3419930636882782
0.34334632754325867
0.33633434772491455
0.3350820541381836
0.33282727003097534
0.3258143365383148
0.33233213424682617
0.33121296763420105
0.3325056731700897
0.3253571093082428
0.32181090116500854
0.3158886730670929
0.31700485944747925
0.31434348225593567
0.3112142086029053
0.316647469997406
0.3138754963874817
0.31781163811683655
0.3071635365486145
0.3136293590068817
0.3150368630886078
0.3130185008049011
0.31614813208580017
0.31125831604003906
0.3114144206047058
0.3044986426830292
0.30509987473487854
0.30671781301498413
0.30252179503440857
0.3021652102470398
0.3009450137615204
0.29276472330093384
0.2905111312866211
0.28647923469543457
0.28330618143081665
0.28740131855010986
0.2820528447628021
0.2792440354824066
0.277025043964386
0.27553364634513855
0.26959243416786194
0.26413217186927795
0.2695506513118744
0.2648315727710724
0.26570162177085876
0.26098760962486267
0.25847479701042175
0.2558403015136719
0.25015515089035034
0.24824976921081543
0.2519555985927582
0.24350757896900177
0.24672742187976837
0.2390519231557846
0.23397532105445862
0.23296387493610382
0.22946636378765106
0.22320452332496643
0.2199755758047104
0.21226747334003448
0.20153704285621643
0.1942419558763504
0.18652676045894623
0.17645864188671112
0.1688399761915207
0.15779629349708557
0.151919886469841
0.14569008350372314
0.13847897946834564
0.13443619012832642
0.12692396342754364
0.12143267691135406
0.11673947423696518
0.11777716875076294
0.1123199611902237
0.1094481348991394
0.10657630115747452
0.10392862558364868
0.10286223143339157
0.10089405626058578
0.1009988784790039
0.09706193208694458
0.09630900621414185
0.09549600630998611
0.09300090372562408
0.09235668182373047
0.08862826973199844
0.08647844195365906
0.08666711300611496
0.0853767916560173
0.08315538614988327
0.0811837911605835
0.08430244028568268
0.08265211433172226
0.08235744386911392
0.08275379240512848
0.08015184849500656
0.08305410295724869
0.08289612084627151
0.08185472339391708
0.07968801259994507
0.0796327218413353
0.07751257717609406
0.07608244568109512
0.07475819438695908
0.07723138481378555
0.07352618128061295
0.07463954389095306
0.07190259546041489
0.07265361398458481
0.07262704521417618
0.07419311255216599
0.07381805777549744
0.07243405282497406
0.07167226821184158
0.0704512968659401
0.06945314258337021
0.07025467604398727
0.06970334053039551
0.06914718449115753
0.06797217577695847
0.06750457733869553
0.06885508447885513
0.06751454621553421
0.06987374275922775
0.06756702810525894
0.0693180039525032
0.07104430347681046
0.07206709682941437
0.07193419337272644
0.07427551597356796
0.0753798708319664
0.07462093234062195
0.07579952478408813
0.07812352478504181
0.08020929247140884
0.0802532508969307
0.08199064433574677
0.08164945244789124
0.08353520184755325
0.08385813236236572
0.08639486879110336
0.09053745120763779
0.08923061937093735
0.08754178136587143
0.09239209443330765
0.08965331315994263
0.09380297362804413
0.09148000180721283
0.09345860034227371
0.09265780448913574
0.09522105753421783
0.09635018557310104
0.09708099812269211
0.09694825857877731
0.09843876212835312
0.10007082670927048
0.10448562353849411
0.10267382115125656
0.10380508005619049
0.10657123476266861
0.11007153987884521
0.11521413177251816
0.11329007148742676
0.11432812362909317
0.1203276738524437
0.11883830279111862
0.1223859116435051
0.12288077175617218
0.12418971210718155
0.12742045521736145
0.12915261089801788
0.12995120882987976
0.12608377635478973
0.12991385161876678
0.12803137302398682
0.13162246346473694
0.1333269476890564
0.13374236226081848
0.1339738965034485
0.13604736328125
0.13657447695732117
0.1397838443517685
0.1410779356956482
0.14146357774734497
0.14220021665096283
0.14626465737819672
0.14551888406276703
0.1447048932313919
0.1495731920003891
0.15136487782001495
0.15258364379405975
0.15510410070419312
0.15357865393161774
0.15392495691776276
0.15758846700191498
0.16010800004005432
0.16356809437274933
0.1699114739894867
0.17014862596988678
0.17725308239459991
0.18108564615249634
0.18599899113178253
0.18737971782684326
0.19941402971744537
0.19893746078014374
0.2013622522354126
0.19957172870635986
0.20599709451198578
0.2035961002111435
0.20458124577999115
0.20557251572608948
0.20713186264038086
0.20293600857257843
0.20254014432430267
0.2019083946943283
0.2068800926208496
0.21110139787197113
0.20942433178424835
0.20631206035614014
0.20184051990509033
0.20855768024921417
0.2003471702337265
0.19740550220012665
0.2031417340040207
0.19747008383274078
0.1919526904821396
0.1923871636390686
0.1883099377155304
0.1855006068944931
0.18492577970027924
0.18716496229171753
0.18416576087474823
0.18331561982631683
0.17931702733039856
0.17737026512622833
0.17535123229026794
0.17170053720474243
0.16649030148983002
0.16487422585487366
0.16011829674243927
0.1595146507024765
0.15192663669586182
0.15061251819133759
0.14723150432109833
0.1495155394077301
0.1434570997953415
0.14269211888313293
0.134017214179039
0.13345018029212952
0.13043548166751862
0.12862269580364227
0.1290818303823471
0.122902512550354
0.12415124475955963
0.11920174211263657
0.11884977668523788
0.11543615907430649
0.11574673652648926
0.11435339599847794
0.11229263991117477
0.11102012544870377
0.11095821112394333
0.10841522365808487
0.10851968824863434
0.10513681173324585
0.10363568365573883
0.1047607809305191
0.10341055691242218
0.10273366421461105
0.10230311006307602
0.09969066828489304
0.09909689426422119
0.09930998086929321
0.09655385464429855
0.095612071454525
0.09363418817520142
0.095716692507267
0.09022081643342972
0.08787091821432114
0.08680407702922821
0.08316916972398758
0.08197328448295593
0.08187978714704514
0.07997333258390427
0.07770327478647232
0.07400791347026825
0.07298850268125534
0.07232259958982468
0.06960563361644745
0.07064646482467651
0.06753614544868469
0.06697189062833786
0.06461431831121445
0.06351181119680405
0.06198281794786453
0.06179726868867874
0.061803847551345825
0.059915971010923386
0.059704285115003586
0.0576385036110878
0.05546145513653755
0.055038150399923325
0.0546138659119606
0.054584797471761703
0.05147705599665642
0.04971247911453247
0.047878753393888474
0.04563117027282715
0.04530074819922447
0.04538659378886223
0.046267565339803696
0.04624108597636223
0.04470336437225342
0.04566008970141411
0.04554174467921257
0.048119883984327316
0.04994770511984825
0.05053387209773064
0.05219888314604759
0.04966982826590538
0.05201491713523865
0.054487016052007675
0.058065034449100494
0.05910036712884903
0.0612470917403698
0.06354253739118576
0.06326907873153687
0.06351598352193832
0.0659247562289238
0.068377286195755
0.0700293555855751
0.07233253121376038
0.07402437180280685
0.07444217056035995
0.07363259047269821
0.07410677522420883
0.0756479874253273
0.07680502533912659
0.07792799919843674
0.07816965878009796
0.07855631411075592
0.08082067221403122
0.07726162672042847
0.07979418337345123
0.07784539461135864
0.07572561502456665
0.07642548531293869
0.07766512036323547
0.07655341923236847
0.0765468180179596
0.07736773788928986
0.07542126625776291
0.07838144153356552
0.07608798891305923
0.07787850499153137
0.07947634905576706
0.0783313438296318
0.07926710695028305
0.08033766597509384
0.08090069144964218
0.07995016127824783
0.07870183140039444
0.07890652865171432
0.07678814977407455
0.07953071594238281
0.08056343346834183
0.07943042367696762
0.07802605628967285
0.08119171112775803
0.08016427606344223
0.08445993065834045
0.08521419018507004
0.08480469137430191
0.08828628808259964
0.0898350328207016
0.09126391261816025
0.09296993166208267
0.09881706535816193
0.1004602313041687
0.10078758001327515
0.10099416226148605
0.10209234803915024
0.10174775123596191
0.10380389541387558
0.10328441858291626
0.10082628577947617
0.10280110687017441
0.10120265930891037
0.10115744918584824
0.10065314918756485
0.10052967071533203
0.09815310686826706
0.09738607704639435
0.09903757274150848
0.10053687542676926
0.10423600673675537
0.10324843972921371
0.10459563881158829
0.10693689435720444
0.10464829206466675
0.10986167192459106
0.10998161137104034
0.11073877662420273
0.11218180507421494
0.11530343443155289
0.11108841747045517
0.1105489730834961
0.1112462505698204
0.11124234646558762
0.11119993776082993
0.1100507527589798
0.11367695778608322
0.11103542149066925
0.11215154081583023
0.113898865878582
0.11467412859201431
0.11882736533880234
0.12003742903470993
0.12253568321466446
0.12822920083999634
0.12485919147729874
0.1265193372964859
0.12730024755001068
0.13187341392040253
0.13081686198711395
0.13411660492420197
0.13706395030021667
0.1398337483406067
0.1406901329755783
0.14237873256206512
0.1464577168226242
0.15304715931415558
0.1577126830816269
0.15820835530757904
0.15633855760097504
0.1567354053258896
0.16253341734409332
0.1656811237335205
0.16135907173156738
0.16484077274799347
0.16027115285396576
0.15529118478298187
0.15681685507297516
0.1524345725774765
0.15458419919013977
0.15293510258197784
0.1543334573507309
0.15352998673915863
0.1545005589723587
0.1502339094877243
0.1520441323518753
0.15404453873634338
0.1554093211889267
0.15615025162696838
0.15389059484004974
0.15695521235466003
0.1537456065416336
0.1531311720609665
0.15335053205490112
0.15191538631916046
0.15307651460170746
0.1503281593322754
0.1500938981771469
0.14333561062812805
0.1454971879720688
0.1442125290632248
0.14600859582424164
0.14418408274650574
0.1414649933576584
0.14117960631847382
0.13900259137153625
0.13765870034694672
0.14128249883651733
0.14356783032417297
0.14850406348705292
0.14167669415473938
0.14416496455669403
0.13990680873394012
0.14000219106674194
0.14144596457481384
0.14182452857494354
0.1393732875585556
0.14059308171272278
0.1394190937280655
0.1363586038351059
0.13752178847789764
0.13714882731437683
0.13832414150238037
0.14195400476455688
0.1419428288936615
0.14087234437465668
0.13836193084716797
0.1405869871377945
0.14191260933876038
0.1390870362520218
0.13889916241168976
0.13881456851959229
0.13661666214466095
0.1355023831129074
0.1367463618516922
0.1349044293165207
0.13203220069408417
0.13173386454582214
0.12927153706550598
0.12824630737304688
0.12718874216079712
0.1214669719338417
0.12144418805837631
0.11731014400720596
0.11478245258331299
0.11208277195692062
0.10923967510461807
0.1085580587387085
0.10571213811635971
0.10030895471572876
0.0979766771197319
0.09767242521047592
0.09686534106731415
0.09517136216163635
0.0947028249502182
0.09234446287155151
0.09004905074834824
0.09275227785110474
0.09148099273443222
0.0916183739900589
0.08970336616039276
0.08968354761600494
0.08928113430738449
0.0896090641617775
0.09051533788442612
0.0897163525223732
0.09035768359899521
0.09257782250642776
0.09223165363073349
0.09428321570158005
0.09457017481327057
0.09633342176675797
0.10012977570295334
0.09984035044908524
0.10039091110229492
0.10181095451116562
0.10535098612308502
0.10503140836954117
0.10594093799591064
0.10551934689283371
0.10812292248010635
0.1086958572268486
0.11014889925718307
0.1091429740190506
0.11126359552145004
0.10994433611631393
0.11243939399719238
0.1128285676240921
0.11367862671613693
0.11593194305896759
0.11520882695913315
0.11558791249990463
0.11842211335897446
0.11798789352178574
0.11738628149032593
0.11782939732074738
0.11949016153812408
0.11988500505685806
0.1184672862291336
0.11916711181402206
0.11760010570287704
0.1193801537156105
0.1181156188249588
0.11975126713514328
0.11942034959793091
0.12085723876953125
0.12252163141965866
0.12142761796712875
