0.1711241602897644
0.1855245977640152
0.23360304534435272
0.37379035353660583
0.5928356647491455
0.8654006123542786
0.9259036779403687
0.9093549847602844
0.7292352318763733
0.8932746052742004
1.0266013145446777
1.25456964969635
1.2770686149597168
1.1168007850646973
1.3404784202575684
1.3858450651168823
1.269368290901184
1.1868739128112793
1.2634114027023315
1.0987383127212524
1.1349501609802246
1.0858707427978516
1.1120768785476685
0.9662488698959351
0.8206527233123779
0.8234775066375732
0.677574098110199
0.5427908897399902
0.39348849654197693
0.2898068428039551
0.2377409040927887
0.1269902139902115
0.09985405951738358
0.10638982057571411
0.1161900982260704
0.13921618461608887
0.1858883649110794
0.1808084398508072
0.15949665009975433
0.13236947357654572
0.13383278250694275
0.1347024142742157
0.14716270565986633
0.20200689136981964
0.4051278531551361
0.5028133392333984
0.24694190919399261
0.12206658720970154
0.17194484174251556
0.2264697253704071
0.3710081875324249
0.45265474915504456
0.5144703388214111
0.404744416475296
0.37148317694664
0.24202415347099304
0.241680309176445
0.23528973758220673
0.15362995862960815
0.10034564882516861
0.09276959300041199
0.10494635254144669
0.13975906372070312
0.22372235357761383
0.41719964146614075
0.8364620208740234
0.9380761981010437
0.7691854238510132
0.6939469575881958
0.5608570575714111
0.8578917384147644
0.9954305291175842
0.8321627974510193
0.8563979864120483
0.7929656505584717
0.7489681243896484
0.6918867230415344
0.6224063634872437
0.5885173678398132
0.49231797456741333
0.4466959834098816
0.43515411019325256
0.37386736273765564
0.30010002851486206
0.2343309074640274
0.1253557950258255
0.11060792952775955
0.16206267476081848
0.1262618601322174
0.0723036527633667
0.06401573866605759
0.0644984096288681
0.05889436975121498
0.06712985038757324
0.07167862355709076
0.08671267330646515
0.08726437389850616
0.1059531718492508
0.08677352219820023
0.1570845991373062
0.2678106129169464
0.38082554936408997
0.4705560803413391
0.4518015384674072
0.36208999156951904
0.23596958816051483
0.20039840042591095
0.18845818936824799
0.17387337982654572
0.10290856659412384
0.061601679772138596
0.05789627507328987
0.1208849847316742
0.24065172672271729
0.28913867473602295
0.3305276334285736
0.33507442474365234
0.328400582075119
0.2859245240688324
0.21878856420516968
0.18991178274154663
0.15543292462825775
0.2145709991455078
0.35903748869895935
0.2114553451538086
0.16700014472007751
0.13903331756591797
0.1333170235157013
0.17188283801078796
0.22168882191181183
0.33133238554000854
0.22053328156471252
0.310989111661911
0.3137478530406952
0.35516542196273804
0.25056692957878113
0.20450399816036224
0.19643552601337433
0.18024948239326477
0.08070214837789536
0.05821211263537407
0.05376569554209709
0.05551842972636223
0.07532981783151627
0.12678028643131256
0.09561319649219513
0.09008056670427322
0.10243422538042068
0.08819234371185303
0.09953093528747559
0.08842507004737854
0.12710805237293243
0.15376576781272888
0.20775164663791656
0.22291170060634613
0.2490488439798355
0.3308505713939667
0.3717707693576813
0.31523752212524414
0.2939428985118866
0.23503245413303375
0.158265620470047
0.14543241262435913
0.14199122786521912
0.14203161001205444
0.13726218044757843
0.13047820329666138
0.14898689091205597
0.3311951160430908
0.3356206715106964
0.2717514634132385
0.1920178085565567
0.1501370221376419
0.11123806983232498
0.14326612651348114
0.17795655131340027
0.19587428867816925
0.1489926278591156
0.15818585455417633
0.1549796164035797
0.17403818666934967
0.19048209488391876
0.2624744772911072
0.23026371002197266
0.27127617597579956
0.2508428990840912
0.21198002994060516
0.15858900547027588
0.1396971493959427
0.07446002960205078
0.051738012582063675
0.046922460198402405
0.08873222023248672
0.13318152725696564
0.13193883001804352
0.1448790580034256
0.11857877671718597
0.10870339721441269
0.09106054157018661
0.06403429061174393
0.10334166884422302
0.10979151725769043
0.08854257315397263
0.11072533577680588
0.14431928098201752
0.16963747143745422
0.21610844135284424
0.2432795912027359
0.29973289370536804
0.2073746621608734
0.18003059923648834
0.1739732027053833
0.18929848074913025
0.17284034192562103
0.13335366547107697
0.10027650743722916
0.16845418512821198
0.31331804394721985
0.3850209414958954
0.5798379182815552
0.39364203810691833
0.43832099437713623
0.47900018095970154
0.5352044701576233
0.5566631555557251
0.5710322856903076
0.6514593958854675
0.6791948080062866
0.7131697535514832
0.584338903427124
0.5940684676170349
0.6860933899879456
0.8041403889656067
0.7902632355690002
0.9014219045639038
0.7884783148765564
0.657795250415802
0.6104981303215027
0.5977359414100647
0.5305325984954834
0.3892573416233063
0.31307482719421387
0.368917316198349
0.3735159933567047
0.26612958312034607
0.15930934250354767
0.10425181686878204
0.12238480150699615
0.1534116566181183
0.21001403033733368
0.2427501678466797
0.2305866926908493
0.24247412383556366
0.22047097980976105
0.15274477005004883
0.22903528809547424
0.33133408427238464
0.458309143781662
0.5858325362205505
0.5540027618408203
0.3704608082771301
0.20460453629493713
0.15080389380455017
0.15829522907733917
0.23452505469322205
0.25524747371673584
0.22530324757099152
0.21388405561447144
0.23394227027893066
0.3596929907798767
0.4641033411026001
0.5334717035293579
0.5002535581588745
0.4788961112499237
0.41665172576904297
0.37246817350387573
0.3582960367202759
0.33666011691093445
0.34872859716415405
0.3969596326351166
0.3958202600479126
0.3465375304222107
0.35270941257476807
0.3677012324333191
0.29758521914482117
0.39904600381851196
0.4038969874382019
0.5574374794960022
0.6471389532089233
0.7015954852104187
0.7898493409156799
0.9032129645347595
0.8219806551933289
0.6919131278991699
0.6133302450180054
0.7787652015686035
0.8934202194213867
0.7725523114204407
0.6138535737991333
0.6683143377304077
0.6652635335922241
0.7392932772636414
0.9271063208580017
1.1478841304779053
1.3936679363250732
1.8016623258590698
2.2339468002319336
2.3084938526153564
2.2217090129852295
2.7266829013824463
3.1266963481903076
3.3692359924316406
3.4002585411071777
3.6796164512634277
4.361759662628174
4.658628940582275
4.772843837738037
4.736283302307129
4.725512504577637
4.753927230834961
4.763748645782471
4.675234794616699
4.886408805847168
5.060469627380371
4.993345260620117
5.000551700592041
4.6969757080078125
4.653449058532715
4.328890800476074
4.207549571990967
3.929917812347412
3.6479742527008057
3.0691962242126465
2.152331829071045
1.4304968118667603
1.1114909648895264
1.1331596374511719
1.146539568901062
1.0763368606567383
0.9676119685173035
0.8040599226951599
0.6851519346237183
0.4723619818687439
0.37948137521743774
0.3673635423183441
0.36174505949020386
0.4060441851615906
0.36830073595046997
0.17583657801151276
0.14312848448753357
0.21368035674095154
0.26087674498558044
0.38756194710731506
0.7144763469696045
0.9540538191795349
0.9966069459915161
0.8889458179473877
0.7775458693504333
0.7138445973396301
0.9737328290939331
1.2753939628601074
1.4435031414031982
1.6451863050460815
1.541954755783081
1.3652950525283813
1.1513316631317139
1.1779874563217163
0.9312030673027039
0.6800608038902283
0.40713950991630554
0.2357502430677414
0.1601143181324005
0.16546672582626343
0.44283246994018555
0.7857620120048523
0.8620250225067139
0.3572463095188141
0.3656313717365265
0.405312180519104
0.4229545295238495
0.4504722058773041
0.5056025981903076
0.6691311597824097
0.46229204535484314
0.47742804884910583
0.5117684602737427
0.4188932776451111
0.4150916039943695
0.40848568081855774
0.4529625177383423
0.43701890110969543
0.4622657001018524
0.3423193693161011
0.3561481237411499
0.37954580783843994
0.43198278546333313
0.3870067298412323
0.28048965334892273
0.20495565235614777
0.18617317080497742
0.12891501188278198
0.09471973031759262
0.07039568573236465
0.06870171427726746
0.08537992835044861
0.09382045269012451
0.09922599792480469
0.10161904245615005
0.07640708982944489
0.06795044243335724
0.059459540992975235
0.11637990921735764
0.2374124825000763
0.370343416929245
0.4699810743331909
0.42369070649147034
0.3095838725566864
0.27897754311561584
0.2737753093242645
0.24595364928245544
0.31439530849456787
0.35452210903167725
0.30667033791542053
0.43533316254615784
0.9004238843917847
0.947540283203125
1.0587278604507446
0.97344571352005
0.7635130286216736
0.710306704044342
0.6116162538528442
0.5135109424591064
0.5270578265190125
0.48308292031288147
0.3987305164337158
0.33599361777305603
0.28039729595184326
0.23349203169345856
0.23230895400047302
0.2022777795791626
0.252541720867157
0.3786832392215729
0.30994555354118347
0.47694680094718933
0.3854348063468933
0.30112960934638977
0.26883047819137573
0.3508636951446533
0.29589879512786865
0.27055755257606506
0.2453983873128891
0.2114364355802536
0.17802013456821442
0.15005578100681305
0.08345501869916916
0.08841963112354279
0.10204683244228363
0.08051913231611252
0.09064500033855438
0.11396119743585587
0.1212339848279953
0.09681588411331177
0.09205620735883713
0.19334544241428375
0.3014795780181885
0.21476683020591736
0.231346994638443
0.29988834261894226
0.3361133933067322
0.42318248748779297
0.4911612272262573
0.4174026846885681
0.3346535563468933
0.21662935614585876
0.16490696370601654
0.28825122117996216
0.3199355900287628
0.4365885555744171
0.635223925113678
0.6630493998527527
0.5500611662864685
0.5571374297142029
0.3541361093521118
0.3491993546485901
0.4935671091079712
0.5920825004577637
0.5461989641189575
0.6252312064170837
0.5748948454856873
0.4584466516971588
0.4570044279098511
0.5791035890579224
0.4506143033504486
0.43385350704193115
0.4133542776107788
0.32406991720199585
0.3221701383590698
0.3224834203720093
0.34670770168304443
0.32119572162628174
0.22007833421230316
0.1470862478017807
0.1332002431154251
0.13547110557556152
0.13277076184749603
0.15846756100654602
0.15261854231357574
0.15943190455436707
0.1508127599954605
0.13486184179782867
0.1083574965596199
0.0815054401755333
0.09489210695028305
0.10270222276449203
0.11331824213266373
0.1255018264055252
0.1763797551393509
0.3576270043849945
0.3560868203639984
0.2805822193622589
0.38265079259872437
0.56038498878479
0.5601359605789185
0.538650631904602
0.9345459938049316
0.8491988778114319
0.7159499526023865
0.6948447823524475
0.6790957450866699
0.6136369109153748
0.5527060627937317
0.44324398040771484
0.42494773864746094
0.35799768567085266
0.2916603684425354
0.24513262510299683
0.22050805389881134
0.1660110354423523
0.15759103000164032
0.16259416937828064
0.1808749884366989
0.1337299346923828
0.15178239345550537
0.14457745850086212
0.1027449443936348
0.09568417817354202
0.1539100557565689
0.16255030035972595
0.18331900238990784
0.18488821387290955
0.2058691829442978
0.10444609820842743
0.1627761572599411
0.22290198504924774
0.2533477246761322
0.1677219569683075
0.1290206015110016
0.08669538050889969
0.06118370220065117
0.06506041437387466
0.05473431572318077
0.05199887603521347
0.06339741498231888
0.06329704821109772
0.05637849122285843
0.06832081079483032
0.06444734334945679
0.09396693855524063
0.07317345589399338
0.104484923183918
0.1531430184841156
0.10248428583145142
0.08691786974668503
0.1492595225572586
0.12883463501930237
0.2432875633239746
0.2331424057483673
0.22666849195957184
0.227769672870636
0.29572150111198425
0.3214940130710602
0.3598960340023041
0.48918652534484863
0.6875006556510925
0.7568514347076416
0.5929979681968689
0.5441176891326904
0.6508551836013794
0.6233594417572021
0.7033740282058716
0.7107580304145813
0.997103214263916
0.5917965769767761
0.47692081332206726
0.40749117732048035
0.43722715973854065
0.49991708993911743
0.4759281873703003
0.44394293427467346
0.4422951638698578
0.3481125831604004
0.35234373807907104
0.31658533215522766
0.2514874041080475
0.22989128530025482
0.19657820463180542
0.13609760999679565
0.08430759608745575
0.05913480371236801
0.0789368599653244
0.09797312319278717
0.1236959919333458
0.13685259222984314
0.11259472370147705
0.11676657199859619
0.10563646256923676
0.08314497768878937
