0.43333563208580017
0.5392988324165344
0.7619748115539551
1.1868476867675781
2.0731441974639893
2.93808650970459
3.2209389209747314
3.3706676959991455
3.5292258262634277
3.54921293258667
3.8542888164520264
4.090493202209473
4.08043098449707
4.172853469848633
4.27181339263916
4.521459579467773
4.459681510925293
4.22921085357666
3.960519790649414
3.7103824615478516
3.5097837448120117
3.293358564376831
3.3113081455230713
3.476064443588257
3.185708522796631
2.405543565750122
2.1135737895965576
1.7051869630813599
1.1702063083648682
0.7277082204818726
0.6941598653793335
0.8925376534461975
0.9127597808837891
0.8937715888023376
0.8501212000846863
0.7858424782752991
0.6872035264968872
0.59501713514328
0.5569606423377991
0.6021603941917419
0.7287320494651794
0.7782518267631531
0.7128036618232727
0.6348228454589844
0.5205868482589722
0.6489313244819641
0.7607038617134094
0.875532865524292
1.1615220308303833
1.1998111009597778
1.3965327739715576
1.4838184118270874
1.409551978111267
1.3936553001403809
1.21074378490448
0.9140822887420654
0.8661733269691467
0.9343696236610413
1.1222496032714844
1.3947936296463013
2.0320425033569336
2.5287363529205322
2.8740103244781494
2.6157386302948
2.559072494506836
2.4164888858795166
2.5907723903656006
3.057286262512207
3.2088353633880615
3.198925733566284
3.115607261657715
2.951490640640259
2.8054072856903076
2.4452013969421387
2.2751970291137695
2.2104990482330322
2.1187376976013184
1.794055461883545
1.5320965051651
1.20652174949646
1.2426042556762695
0.7833421230316162
0.7516534924507141
0.8093379735946655
0.8075233101844788
0.8860839009284973
0.9417502880096436
0.9512808918952942
0.7951885461807251
0.7202884554862976
0.725419282913208
0.8043273687362671
0.8912444710731506
0.9115534424781799
0.8897569179534912
0.9290162920951843
0.904839038848877
0.7678184509277344
0.5988105535507202
0.6504568457603455
0.6967107057571411
0.7883867621421814
1.0393282175064087
1.804077386856079
2.290907382965088
2.3246309757232666
2.3341357707977295
2.577333927154541
3.7116503715515137
5.307590007781982
5.678161144256592
5.988286972045898
6.490922451019287
7.195581436157227
8.309881210327148
8.778326034545898
9.057412147521973
9.024011611938477
9.27977180480957
9.689852714538574
9.731653213500977
9.43618392944336
9.491456985473633
9.30827522277832
9.072195053100586
8.704193115234375
8.25992488861084
7.959219455718994
8.052091598510742
7.697373390197754
6.69003963470459
5.728641510009766
4.12936544418335
3.6079163551330566
3.9645800590515137
4.3335652351379395
4.37391996383667
4.437840938568115
4.469720840454102
4.533802032470703
4.505776882171631
4.428869724273682
4.44343900680542
4.185451984405518
3.57138729095459
4.343408584594727
4.794691562652588
4.758428573608398
4.333867073059082
3.6287970542907715
3.634610652923584
4.660309791564941
5.557481288909912
6.1197075843811035
6.220673561096191
6.038105487823486
6.823397636413574
7.905390739440918
7.4991631507873535
6.659596920013428
6.119458198547363
5.8285064697265625
5.489791393280029
4.720629692077637
4.0552659034729
3.503302574157715
2.815232515335083
1.8357133865356445
1.6425108909606934
1.3950995206832886
