0.5090497136116028
0.5081726312637329
0.5106053948402405
0.5056195259094238
0.5048729777336121
0.5069179534912109
0.5049067735671997
0.5135658383369446
0.5179856419563293
0.5176841020584106
0.5198435187339783
0.5159705877304077
0.5086128115653992
0.5016063451766968
0.5135963559150696
0.5147922039031982
0.5041857957839966
0.4924328923225403
0.48616647720336914
0.48354169726371765
0.49301737546920776
0.5055973529815674
0.5066699385643005
0.5084219574928284
0.5181232690811157
0.5289005041122437
0.5360827445983887
0.5411463379859924
0.5406757593154907
0.5357570648193359
0.5421658158302307
0.5416024327278137
0.5484373569488525
0.5479774475097656
0.531880259513855
0.5188911557197571
0.510532796382904
0.5124396085739136
0.5142267942428589
0.5108388662338257
0.5189833641052246
0.524225115776062
0.5301534533500671
0.519119918346405
0.4966892600059509
0.47871750593185425
0.46690258383750916
0.4567931294441223
0.4532911479473114
0.4562315344810486
0.4604055881500244
0.4670504927635193
0.46909263730049133
0.47164347767829895
0.4866773188114166
0.49058082699775696
0.4942774176597595
0.5050820708274841
0.5071545243263245
0.5036675930023193
0.48594021797180176
0.47293785214424133
0.47316598892211914
0.4681675434112549
0.46845853328704834
0.46715059876441956
0.4805225431919098
0.48415854573249817
0.481973797082901
0.4751887321472168
0.4662246108055115
0.4572898745536804
0.4651779532432556
0.48158857226371765
0.48720109462738037
0.49251818656921387
0.4918939769268036
0.48680076003074646
0.4841439723968506
0.47171327471733093
0.4762568771839142
0.4893083870410919
0.49470800161361694
0.5140209794044495
0.5129689574241638
0.4989064335823059
0.48890677094459534
0.4843192398548126
0.5005138516426086
0.507379412651062
0.5040526390075684
0.5092596411705017
0.5155635476112366
0.5187978744506836
0.5311444997787476
0.5367112159729004
0.5454481840133667
0.5402280688285828
0.549295961856842
0.5539659261703491
0.5580005645751953
0.5542997717857361
0.546721875667572
0.546390950679779
0.555952787399292
0.5691156387329102
0.5775599479675293
0.5928113460540771
0.5874475240707397
0.5832036137580872
0.5692527294158936
0.5629396438598633
0.5665946006774902
0.5624101758003235
0.5532140731811523
0.5522522330284119
0.546978235244751
0.5518001914024353
0.5444061160087585
0.5436896085739136
0.5463548898696899
0.546457052230835
0.5459350347518921
0.5457893013954163
0.5484870076179504
0.5485144257545471
0.5567179322242737
0.552943766117096
0.557960033416748
0.5735300183296204
0.5947468280792236
0.5949846506118774
0.5862998962402344
0.583931565284729
0.576474130153656
0.5477867722511292
0.536620020866394
0.5073328614234924
0.4895848333835602
0.4705662131309509
0.4953683912754059
0.5017167925834656
0.4887007772922516
0.48836469650268555
0.4890806972980499
0.4832543432712555
0.4789670705795288
0.46944907307624817
0.4518639147281647
0.44028615951538086
0.4315907657146454
0.4235403537750244
0.4233013093471527
0.43204882740974426
0.44042330980300903
0.45768505334854126
0.46551573276519775
0.4894905090332031
0.4816668629646301
0.47526413202285767
0.4679093658924103
0.4577283561229706
0.4529424011707306
0.46007785201072693
0.47601693868637085
0.4841553866863251
0.48908308148384094
0.46556445956230164
0.4585001468658447
0.4582524001598358
0.46378201246261597
0.4632768929004669
0.45980656147003174
0.4574626386165619
0.4552857279777527
0.45149463415145874
0.4426438510417938
0.445739209651947
0.450013667345047
0.46754127740859985
0.480122447013855
0.48335781693458557
0.49619248509407043
0.49216610193252563
0.4867091774940491
0.4757695496082306
0.4671393632888794
0.4619133472442627
0.47265732288360596
0.47485747933387756
0.4724542796611786
0.46543529629707336
0.4716707170009613
0.476282000541687
0.48077791929244995
0.4802387058734894
0.47809016704559326
0.47568702697753906
0.4711207151412964
0.4628530442714691
0.462118536233902
0.46776312589645386
0.4629306495189667
0.4566613435745239
0.441372811794281
0.43533995747566223
0.4417846202850342
0.45024433732032776
0.456177681684494
0.4725304841995239
0.4735860526561737
0.47620174288749695
0.4722607433795929
0.45987197756767273
0.4373157024383545
0.4261775612831116
0.4281195402145386
0.4244316518306732
0.43073102831840515
0.4358982443809509
0.4328617751598358
0.43114280700683594
0.43360671401023865
0.4277926981449127
0.43245166540145874
0.45078808069229126
0.4448259472846985
0.43530556559562683
0.4343421161174774
0.4285929501056671
0.4064759612083435
0.40622469782829285
0.4109514355659485
0.40600839257240295
0.41181135177612305
0.404452919960022
0.38758033514022827
0.38129231333732605
0.3711826801300049
0.36749935150146484
0.36865997314453125
0.3675892949104309
0.3686555027961731
0.3690983057022095
0.3695985972881317
0.37099894881248474
0.37087249755859375
0.36873555183410645
0.3744536340236664
0.3868439793586731
0.40227556228637695
0.40855908393859863
0.4152456223964691
0.4150584936141968
0.4063310921192169
0.41089069843292236
0.41036564111709595
0.4134386479854584
0.4131626784801483
0.41484126448631287
0.42378705739974976
0.43031832575798035
0.4220678508281708
0.4161490201950073
0.4203653037548065
0.4305124878883362
0.42479854822158813
0.43172094225883484
0.4228767454624176
0.41838130354881287
0.4202619791030884
0.42120280861854553
0.42699503898620605
0.4479634761810303
0.4570752680301666
0.4615524709224701
0.47633954882621765
0.489502489566803
0.5052196979522705
0.490470290184021
0.5046089887619019
0.5171937346458435
0.5115914940834045
0.5057591199874878
0.4819660186767578
0.48873618245124817
0.48664191365242004
0.4885651171207428
0.48565158247947693
0.48013627529144287
0.4781063497066498
0.48471835255622864
0.49211442470550537
0.4947640001773834
0.4947500228881836
0.4945431649684906
0.5013057589530945
0.517537534236908
0.5165519118309021
0.5257822275161743
0.5384925603866577
0.5208056569099426
0.5011618137359619
0.47878220677375793
0.45956459641456604
0.4355625808238983
0.4098069369792938
0.3939145803451538
0.38729631900787354
0.39721593260765076
0.39479148387908936
0.3990525007247925
0.40256574749946594
0.40838295221328735
0.4029200077056885
0.40324610471725464
0.41050657629966736
0.4183357059955597
0.41926491260528564
0.4080350995063782
0.39509281516075134
0.40668925642967224
0.4346395432949066
0.44479966163635254
0.45330774784088135
0.45053309202194214
0.4650103747844696
0.45024675130844116
0.4540554881095886
0.4575333893299103
0.46773943305015564
0.4684482514858246
0.4713267683982849
0.5262179970741272
0.5057216286659241
0.4901478886604309
0.4718599319458008
0.46993720531463623
0.4775029420852661
0.4876416027545929
0.498486191034317
0.5026595592498779
0.4977388381958008
0.48944658041000366
0.46954628825187683
0.4709055721759796
0.46092572808265686
0.4690364599227905
0.464010626077652
0.4762275218963623
0.4778897166252136
0.4757968783378601
0.47636064887046814
0.4559952914714813
0.45312923192977905
0.45801520347595215
0.4637014865875244
0.4589569866657257
0.4473108649253845
0.4378870129585266
0.44508227705955505
0.4518474340438843
0.45506608486175537
0.45944052934646606
0.4534534811973572
0.4480547606945038
0.44324442744255066
0.44028517603874207
0.43548309803009033
0.4520692229270935
0.4372957646846771
0.4292285740375519
0.4118698537349701
0.4053630232810974
0.40957608819007874
0.40750110149383545
0.41298121213912964
0.4179956316947937
0.4329908788204193
0.4298454225063324
0.4172531068325043
0.4085184335708618
0.39915701746940613
0.38805460929870605
0.3811855912208557
0.38225579261779785
0.3929428458213806
0.3931097984313965
0.39289528131484985
0.3984203636646271
0.4073505103588104
0.40411001443862915
0.4086087942123413
0.4139108657836914
0.4065021574497223
0.40027400851249695
0.39021119475364685
0.38063129782676697
0.37254273891448975
0.3716956675052643
0.35896044969558716
0.3490371108055115
0.34537991881370544
0.3350127637386322
0.3323899209499359
0.32457292079925537
0.3127307891845703
0.2996031939983368
0.29893437027931213
0.30275559425354004
0.3109303414821625
0.31354010105133057
0.3170388638973236
0.31624436378479004
0.3122462332248688
0.3087209165096283
0.3130018711090088
0.32405927777290344
0.339656800031662
0.3487440347671509
0.35321295261383057
0.3418229818344116
0.3288615643978119
0.3346814811229706
0.3342921733856201
0.3321579694747925
0.33199426531791687
0.3371950685977936
0.3395264446735382
0.33461424708366394
0.3405052125453949
0.3421552777290344
0.3504038155078888
0.35610803961753845
0.35925301909446716
0.35536593198776245
0.35433411598205566
0.36000531911849976
0.3557245433330536
0.3515366315841675
0.3502410054206848
0.3655555844306946
0.38373228907585144
0.4003472924232483
0.40276724100112915
0.4028990566730499
0.4113805294036865
0.3978194296360016
0.39431285858154297
0.3955536186695099
0.3989269435405731
0.4012279212474823
0.3975800573825836
0.3979903757572174
0.40655210614204407
0.4018937349319458
0.4038645625114441
0.40806686878204346
0.4083383083343506
0.41181010007858276
0.4111577272415161
0.4084221422672272
0.4046814739704132
0.4088188409805298
0.4033004641532898
0.40990734100341797
0.4191238284111023
0.4385441541671753
0.44194331765174866
0.4237992763519287
0.41545113921165466
0.40494346618652344
0.38158831000328064
0.3669845759868622
0.35134586691856384
0.3526703119277954
0.36146047711372375
0.36590421199798584
0.368717223405838
0.36855292320251465
0.37167447805404663
0.37737053632736206
0.38064146041870117
0.38375306129455566
0.37841933965682983
0.37720033526420593
0.3747190535068512
0.37037181854248047
0.36714547872543335
0.37865811586380005
0.3948338031768799
0.4133145809173584
0.40818530321121216
0.4068269729614258
0.4114246666431427
0.4151696264743805
0.40287134051322937
0.40169382095336914
0.4041804075241089
0.39895492792129517
0.40339794754981995
0.41855019330978394
0.42189621925354004
0.4175989329814911
0.41494879126548767
0.4176464378833771
0.4264306128025055
0.43356209993362427
0.4357204735279083
0.43749678134918213
0.43239691853523254
0.43054264783859253
0.4300606846809387
0.4333532154560089
0.43952345848083496
0.4363158047199249
0.4243675470352173
0.4194146990776062
0.4265080392360687
0.4316481649875641
0.42359742522239685
0.42367011308670044
0.4285716712474823
0.4326247274875641
0.44593849778175354
0.4594568610191345
0.46048158407211304
0.4506128132343292
0.46046939492225647
0.4602925777435303
0.4697019159793854
0.4746115207672119
0.477049857378006
0.4755129814147949
0.47186678647994995
0.4646719992160797
0.4624834656715393
0.4720419645309448
0.47257164120674133
0.4469698369503021
0.4277607500553131
0.40886303782463074
0.4003893733024597
0.4138745069503784
0.4281376600265503
0.448824018239975
0.4593600928783417
0.4626598656177521
0.45873329043388367
0.45463770627975464
0.4453267455101013
0.4464229643344879
0.4511222839355469
0.4537706971168518
0.45943155884742737
0.4744716286659241
0.48301616311073303
0.48623576760292053
0.493236780166626
0.4707970917224884
0.4326358735561371
0.4465411603450775
0.4482628405094147
0.4663808345794678
0.45260441303253174
0.47314149141311646
0.5543011426925659
0.6799638867378235
0.7009748220443726
0.6759559512138367
0.6420201063156128
0.6350803971290588
0.6280004978179932
0.6208664178848267
0.6465287804603577
0.6488478779792786
0.672456681728363
0.7542302012443542
0.8232097029685974
0.8292874097824097
0.8513437509536743
0.8847861886024475
0.8465437293052673
0.6869543194770813
0.6049185395240784
0.5465453863143921
0.5773054361343384
0.6278484463691711
0.6183935403823853
0.6407189965248108
0.6941556930541992
0.7408444285392761
0.7584026455879211
0.7313724160194397
0.7282730937004089
0.6914963126182556
0.6870548725128174
0.6513680815696716
0.6477817296981812
0.6626127362251282
0.6561638116836548
0.6908081769943237
0.7417739629745483
0.7416910529136658
0.752493143081665
0.7501934170722961
0.7223941087722778
0.6774504780769348
0.6166059970855713
0.6159746050834656
0.6510743498802185
0.6783074140548706
0.6870381832122803
0.6536938548088074
0.6453331112861633
0.6421381831169128
0.6285201907157898
0.6227920651435852
0.6242883205413818
0.6135153770446777
0.5906177163124084
0.5794398784637451
0.569768488407135
0.5637062191963196
0.5534785985946655
0.5498895645141602
0.5540185570716858
0.5537092685699463
0.5588750839233398
0.5575048923492432
0.5628809928894043
0.5643893480300903
0.5629677772521973
0.5799826383590698
0.6089757680892944
0.6227596402168274
0.6418301463127136
0.6414046883583069
0.6527245044708252
0.6298472881317139
0.6014459133148193
0.5746903419494629
0.5598064661026001
0.5441678166389465
0.5491183996200562
0.5528222322463989
0.5541688203811646
0.5564677715301514
0.5571326613426208
0.553292989730835
0.5522279143333435
0.5688403248786926
0.5778575539588928
0.5934041738510132
0.6050687432289124
0.6056765913963318
0.6022248268127441
0.6039056181907654
0.6240942478179932
0.6461470127105713
0.6687983274459839
0.7015053033828735
0.7294197678565979
0.7305524349212646
0.7247841954231262
0.7388643026351929
0.6840022802352905
0.6811360120773315
0.6998797655105591
0.7610934376716614
0.790334165096283
0.7981626987457275
0.7860322594642639
0.7923614978790283
0.7789213061332703
0.7789686918258667
0.7865630984306335
0.79779452085495
0.8109902143478394
0.8094084858894348
0.7935057878494263
0.7882327437400818
0.7901285290718079
0.7889842987060547
0.8004006743431091
0.8199992179870605
0.8583108186721802
0.8602819442749023
0.8425935506820679
0.8368750214576721
0.8395388722419739
0.8341756463050842
0.8531725406646729
0.8598592877388
0.8450745344161987
0.8569641709327698
0.879926860332489
0.8938886523246765
0.8713449239730835
0.8817790746688843
0.8714662790298462
0.8741023540496826
0.8867640495300293
0.8789359331130981
0.8669530749320984
0.8479387164115906
0.8266482353210449
0.7900094985961914
0.7504792809486389
0.7199467420578003
0.6873263716697693
0.697617769241333
0.6946250200271606
0.6894703507423401
0.6729124188423157
0.6458032727241516
0.6330081224441528
0.6124393939971924
0.5953165888786316
0.5931332111358643
0.580477774143219
0.5765093564987183
0.5748767852783203
0.5875181555747986
0.5910925269126892
0.5959274172782898
0.5818541049957275
0.5869200229644775
0.5901215076446533
0.6014200448989868
0.5915219187736511
0.5369908809661865
0.5008593797683716
0.4975625276565552
0.5077612400054932
0.519571840763092
0.5483518242835999
0.5493901968002319
0.5573819875717163
0.5449675917625427
0.5425101518630981
0.54205721616745
0.6221044659614563
0.5846220850944519
0.5593847036361694
0.6308324337005615
0.6351169943809509
0.6829169392585754
0.7196835279464722
0.7280942797660828
0.6893155574798584
0.5450258255004883
0.47853884100914
0.4474536180496216
0.5080274939537048
0.5626410841941833
0.6643116474151611
0.7014387249946594
0.7220390439033508
0.7930334806442261
0.8121464848518372
0.7103132605552673
0.6529003381729126
0.5649937987327576
0.5335550904273987
0.5268778204917908
0.5227451920509338
0.5519938468933105
0.5867195129394531
0.5844903588294983
0.6212398409843445
0.6410896182060242
0.6512836217880249
0.652001142501831
0.6272318959236145
0.5648544430732727
0.5400222539901733
0.5279656648635864
0.5927294492721558
0.6451786160469055
0.625163733959198
0.6287383437156677
0.5981705188751221
0.5865417718887329
0.5725460648536682
0.5815230011940002
0.5553209781646729
0.5436353087425232
0.5488122701644897
0.5599561333656311
0.5501013994216919
0.5494441390037537
0.558651328086853
0.5723509788513184
0.5734758377075195
0.5789600014686584
0.584645688533783
0.5913894772529602
0.5835274457931519
0.573246419429779
0.5580485463142395
0.5441730618476868
0.5468342304229736
0.5623999238014221
0.5994494557380676
0.5957353711128235
0.5858915448188782
0.5523556470870972
0.5385578870773315
0.5240231156349182
0.5188319683074951
0.524375319480896
0.5213783383369446
0.5211314558982849
0.5147428512573242
0.5213625431060791
0.5257022380828857
0.5269017219543457
0.5321499705314636
0.520889937877655
0.5170696973800659
0.5104175806045532
0.5030302405357361
0.49344971776008606
0.49471262097358704
0.5068429708480835
0.515171468257904
0.5312920212745667
0.5520228743553162
0.5604998469352722
0.560278058052063
0.5493820309638977
0.5460888147354126
0.5499752759933472
0.5523943901062012
0.5775802731513977
0.5794297456741333
0.5843457579612732
0.5915374755859375
0.5615944266319275
0.5473529696464539
0.5647081732749939
0.5835117101669312
0.6057185530662537
0.6108672618865967
0.5788803696632385
0.6193438768386841
0.6137132048606873
0.5524739027023315
0.5416250228881836
0.5332658886909485
0.5331489443778992
0.5307230353355408
0.5308429002761841
0.530232846736908
0.55130535364151
0.5597103238105774
0.5640835165977478
0.5510300993919373
0.5534862875938416
0.5688219666481018
0.5748605132102966
0.5747486352920532
0.5538085103034973
0.566872775554657
0.5667635798454285
0.568218469619751
0.557997465133667
0.551349937915802
0.5615013241767883
0.5614848136901855
0.5516223311424255
0.5460365414619446
0.5336179137229919
0.5292695164680481
0.5314231514930725
0.5260445475578308
0.5119803547859192
0.5188677906990051
0.5158033967018127
0.5121982097625732
0.5172046422958374
0.5087217092514038
0.508288562297821
0.5134358406066895
0.5150455236434937
0.5092575550079346
0.49482640624046326
0.483338862657547
0.4878145754337311
0.505378246307373
0.5276416540145874
0.5255460143089294
0.5170694589614868
0.4996993839740753
0.4969640374183655
0.5019260048866272
0.5160273313522339
0.5172289609909058
0.4885905981063843
0.465984046459198
0.4511188864707947
0.4452466368675232
0.44735851883888245
0.44829314947128296
0.4628211259841919
0.46504998207092285
0.4533076286315918
0.4456132650375366
0.4291321635246277
0.4192095100879669
0.41194045543670654
0.4329557716846466
0.4299525022506714
0.44552093744277954
0.45963624119758606
0.4675457179546356
0.4664956033229828
0.43820279836654663
0.4232886731624603
0.41440263390541077
0.4358048439025879
0.45822855830192566
0.4908128082752228
0.4738466441631317
0.4665811359882355
0.4573626220226288
0.44421443343162537
0.44265034794807434
0.44499287009239197
0.44249099493026733
0.4441704750061035
0.4520895481109619
0.45512115955352783
0.47053372859954834
0.46373140811920166
0.46629324555397034
0.4607039988040924
0.4670198857784271
0.4607762396335602
0.472016841173172
0.46677976846694946
0.45437541604042053
0.4368967115879059
0.43559539318084717
0.45012179017066956
0.47581079602241516
0.5194173455238342
0.5311635136604309
0.5012708306312561
0.487058162689209
0.4686053395271301
0.46542736887931824
0.4647117555141449
0.4689570367336273
0.4657731056213379
0.46526050567626953
0.47397106885910034
0.4783288538455963
0.48395273089408875
0.4907379746437073
0.49969419836997986
0.5081712007522583
0.5088868737220764
0.5069004893302917
0.5064789652824402
0.5056465268135071
0.5026022791862488
0.49877938628196716
0.505447268486023
0.5263853669166565
0.5700884461402893
0.5664265155792236
0.5627010464668274
0.5626570582389832
0.5560668706893921
0.5564268827438354
0.5553879737854004
0.5477724075317383
0.5490266680717468
0.5561530590057373
0.5650182366371155
0.5630311369895935
0.5494720935821533
0.558629035949707
0.5614392757415771
0.5662950873374939
0.561180591583252
0.5531460046768188
0.5470266938209534
0.5333372354507446
0.519079327583313
0.5142974853515625
0.5198464393615723
0.5387788414955139
0.5738126039505005
0.5960390567779541
0.6230027675628662
0.6462491750717163
0.6449902653694153
0.6253809928894043
0.6105684638023376
0.5947666764259338
0.5850595831871033
0.6239094734191895
0.6311697363853455
0.6423717737197876
0.6376832723617554
0.6313849091529846
0.6519259214401245
0.6517390608787537
0.6647905111312866
0.66744464635849
0.6895272135734558
0.6736761927604675
0.6553329825401306
0.6159254908561707
0.6074315905570984
0.6123698949813843
0.612037718296051
0.606744647026062
0.608285665512085
0.6083396077156067
0.6087842583656311
0.6157852411270142
0.5891100764274597
0.5967094302177429
0.6097399592399597
0.6244456171989441
0.6365010142326355
0.6385343670845032
0.6369113922119141
0.646213948726654
0.6559046506881714
0.6542009115219116
0.6468037366867065
0.6610520482063293
0.6682544350624084
0.6541473269462585
0.630789577960968
0.6247767806053162
0.6255267262458801
0.6149536967277527
0.5763328075408936
0.5464408993721008
0.5313880443572998
0.532293975353241
0.5592520236968994
0.5554896593093872
0.5492159128189087
0.5628843903541565
0.5778485536575317
0.5683050751686096
0.5716208219528198
0.5616432428359985
0.5655414462089539
0.5727291107177734
0.5621733069419861
0.6035087704658508
0.634392499923706
0.6829609274864197
0.6779369711875916
0.6399948596954346
0.5948572754859924
0.5450063347816467
0.5440536141395569
0.5957434773445129
0.644071102142334
0.5777011513710022
0.5615566372871399
0.6625047922134399
0.6713647246360779
0.6530356407165527
0.6703953742980957
0.5983347296714783
0.5795591473579407
0.5446031093597412
0.5062276721000671
0.5183576345443726
0.5050193071365356
0.5440117120742798
0.5593909025192261
0.5990623235702515
0.6390412449836731
0.6199116706848145
0.6385120749473572
0.6306295394897461
0.5739169716835022
0.5069160461425781
0.49842044711112976
0.5631371736526489
0.6356598138809204
0.701128363609314
0.6524016857147217
0.6386374235153198
0.6384145617485046
0.6543973684310913
0.6244282722473145
0.5551483631134033
0.5761749148368835
0.5913891792297363
0.5436252355575562
0.5415948033332825
0.5311258435249329
0.5284975171089172
0.513901948928833
0.5305831432342529
0.5347148776054382
0.5357094407081604
0.513781726360321
0.501196563243866
0.4829741418361664
0.4641643166542053
0.4663967490196228
0.47654861211776733
0.5074254870414734
0.521138072013855
0.4970223009586334
0.5011472105979919
0.49097344279289246
0.507827877998352
0.5149763226509094
0.5029805302619934
0.48979422450065613
0.4922596216201782
0.5094544291496277
0.523879885673523
0.5416829586029053
0.5482838153839111
0.571465253829956
0.5742015838623047
0.5750110745429993
0.5809242129325867
0.5868932008743286
0.5851556062698364
0.5726651549339294
0.5717814564704895
0.5741051435470581
0.5759939551353455
0.5931406021118164
0.5882161259651184
0.5714129209518433
0.5455688238143921
0.5269546508789062
0.5096791386604309
0.5136939287185669
0.5027583837509155
0.5097100734710693
0.5026243329048157
0.5136169195175171
0.5072312951087952
0.509641170501709
0.5070421099662781
0.5230095386505127
0.5330226421356201
0.5442219972610474
0.5483072400093079
0.5496788620948792
0.5471522212028503
0.5434069633483887
0.5223690271377563
0.5228694081306458
0.5614937543869019
0.59641033411026
0.6453028321266174
0.6685421466827393
0.6809155344963074
0.6819067597389221
0.6606000661849976
0.6257535219192505
0.6178622245788574
0.6162663102149963
0.6347057223320007
0.6509395837783813
0.6489412188529968
0.6525932550430298
0.6823654174804688
0.6805392503738403
0.6950846314430237
0.6974179744720459
0.7077963948249817
0.7172480225563049
0.7030950784683228
0.6920681595802307
0.6464644074440002
0.6388329267501831
0.6492432355880737
0.6570233106613159
0.6292209625244141
0.6498245000839233
0.6989092230796814
0.648526132106781
0.6467010378837585
0.6454885601997375
0.6178556680679321
0.6498105525970459
0.6250613331794739
0.6353113055229187
0.6369990706443787
0.6368876099586487
0.6466720104217529
0.6538423895835876
0.6540488600730896
0.6595998406410217
0.662537693977356
0.6641872525215149
0.658395528793335
0.6483869552612305
0.6438711881637573
0.6493822336196899
0.6436998844146729
0.6241167187690735
0.5977000594139099
0.5798888206481934
0.5733997225761414
0.5865485668182373
0.5980088114738464
0.6039730906486511
0.6228457689285278
0.6311894059181213
0.6428155303001404
0.6341748833656311
0.6414016485214233
0.6447791457176208
0.6431387662887573
0.6593090295791626
0.7052015066146851
0.7461677193641663
0.7726988196372986
0.7788659930229187
0.7544911503791809
0.7275726795196533
0.6982803344726562
0.7010025978088379
0.7535763382911682
0.8524878621101379
0.7592486143112183
0.744507372379303
0.7866556644439697
0.7880328297615051
0.7068138718605042
0.7227433919906616
0.6915877461433411
0.7080778479576111
0.6792910695075989
0.6199790239334106
0.6152671575546265
0.6039038896560669
0.5856120586395264
0.58958500623703
0.6427335739135742
0.6552727818489075
0.7723346948623657
0.7592969536781311
0.6896641254425049
0.6090444326400757
0.5682913064956665
0.5677738189697266
0.6246351599693298
0.7063287496566772
0.6299250721931458
0.6192322969436646
0.6352534890174866
0.6188593506813049
0.6129851937294006
0.6090996265411377
0.6061394214630127
0.5994771718978882
0.6030566692352295
0.6031057834625244
0.5903881788253784
0.5651907920837402
0.5594140291213989
0.5685294270515442
0.5997258424758911
0.6039292216300964
0.6229140758514404
0.626745879650116
0.623211145401001
0.613142192363739
0.6028689742088318
0.6252034306526184
0.667585015296936
0.6843428611755371
0.6570185422897339
0.6422944068908691
0.6245813965797424
0.6231186389923096
0.6260584592819214
0.6147148609161377
0.6165639162063599
0.5878525376319885
0.5797268152236938
0.5744288563728333
0.5693817734718323
0.5612868070602417
0.5758702158927917
0.5840427279472351
0.5958897471427917
0.592416524887085
0.5937902331352234
0.5865456461906433
0.574378252029419
0.5567116737365723
0.5343888998031616
0.5378429293632507
0.5528631210327148
0.5667449235916138
0.5737741589546204
0.5470703840255737
0.5427624583244324
0.5182902812957764
0.504737377166748
0.49869444966316223
0.48104622960090637
0.48631951212882996
0.48493266105651855
0.4848635494709015
0.4735889434814453
0.46376681327819824
0.4673842191696167
0.4713994562625885
0.47034403681755066
0.46089380979537964
0.46240922808647156
0.4677729904651642
0.4594758450984955
0.4573335349559784
0.4500913918018341
0.4508031904697418
0.468826562166214
0.5018784999847412
0.5447543859481812
0.5720148086547852
0.5907420516014099
0.6104547381401062
0.573584258556366
0.5808130502700806
0.5928003191947937
0.5995862483978271
0.6345087885856628
0.6619968414306641
0.6487973928451538
0.6497507691383362
0.6185316443443298
0.6100425720214844
0.6145604848861694
0.6065726280212402
0.6257516741752625
0.634982168674469
0.6335315704345703
0.6187310814857483
0.5948556065559387
0.5877317190170288
0.6024211645126343
0.6182854771614075
0.6263555884361267
0.6319129467010498
0.6429275274276733
0.6602096557617188
0.6325891017913818
0.6147571206092834
0.6208157539367676
0.6336426734924316
0.6610457897186279
0.6998477578163147
0.7097627520561218
0.7196210622787476
0.7071667313575745
0.7140904068946838
0.7062717080116272
0.6807006597518921
0.6797571778297424
0.6796314716339111
0.6747487783432007
0.6641854047775269
0.6541290879249573
0.6400828957557678
0.622072160243988
0.591568112373352
0.577485978603363
0.5569503903388977
0.5448865294456482
0.5466592311859131
0.5585171580314636
0.574436604976654
0.5817331075668335
0.5974581837654114
0.5931207537651062
0.565862238407135
0.553857684135437
0.5508182644844055
0.5382513999938965
0.5484564900398254
0.5813001394271851
0.5811184644699097
0.6264639496803284
0.6382983326911926
0.5735855102539062
0.5481820702552795
0.5541670322418213
0.5664901733398438
0.6004756689071655
0.5964158773422241
0.589756965637207
0.5366489291191101
0.6198616027832031
0.61537766456604
0.6381732821464539
0.6562706828117371
0.6770825386047363
0.7456119656562805
0.7578309774398804
0.6599221229553223
0.7064254283905029
0.7550845146179199
0.839857816696167
0.8991296887397766
1.0380815267562866
0.9608532786369324
1.0111007690429688
1.0187209844589233
0.9772186875343323
0.803109347820282
0.6334228515625
0.5763835906982422
0.6604853272438049
0.7492833733558655
0.6045522093772888
0.5640363693237305
0.601134717464447
0.6148979663848877
0.6666491627693176
0.6015051007270813
0.5869588851928711
0.5711761116981506
0.5296503901481628
0.5054814219474792
0.4890388548374176
0.47750309109687805
0.48552408814430237
0.5106057524681091
0.5863010287284851
0.5686886310577393
0.5719470977783203
0.5746965408325195
0.5751067399978638
0.5131685137748718
0.5017275810241699
0.524038553237915
0.5730123519897461
0.6003018617630005
0.5535764098167419
0.5271314382553101
0.5267271399497986
0.5147809386253357
0.5203407406806946
0.5243576765060425
0.52725750207901
0.5093094110488892
0.48599758744239807
0.4949779212474823
0.5122469663619995
0.5068121552467346
0.5010808706283569
0.5175300240516663
0.5450637340545654
0.5477495789527893
0.5565211772918701
0.5564636588096619
0.5470678806304932
0.514491617679596
0.5099855661392212
0.5399055480957031
0.5680878162384033
0.5996357202529907
0.6177350878715515
0.6041138768196106
0.5725992321968079
0.5388495326042175
0.5196138620376587
0.5062786936759949
0.5049145817756653
0.4889139235019684
0.4852637052536011
0.48176589608192444
0.4756164252758026
0.4695795476436615
0.46809855103492737
0.46689626574516296
0.47037461400032043
0.4628346264362335
0.45718705654144287
0.4362507164478302
0.4259825050830841
0.41822537779808044
0.4355950951576233
0.4443434774875641
0.4509277045726776
0.472458153963089
0.470737487077713
0.4759991466999054
0.459309846162796
0.43566542863845825
0.4506317377090454
0.4430895447731018
0.4493259787559509
0.47172191739082336
0.46401822566986084
0.47002220153808594
0.46282801032066345
0.46339863538742065
0.45278170704841614
0.45659562945365906
0.4704844057559967
0.4776196777820587
0.4875468909740448
0.5014496445655823
0.4989375174045563
0.48635420203208923
0.46821582317352295
0.45673248171806335
0.45788922905921936
0.4721654951572418
0.473488450050354
0.4828161597251892
0.48621228337287903
0.4952877163887024
0.5062329769134521
0.4937908351421356
0.49883437156677246
0.5147259831428528
0.5191150903701782
0.5230090618133545
0.5058204531669617
0.4990471601486206
0.5010119676589966
0.5066295862197876
0.5083307027816772
0.5159775018692017
0.5170052647590637
0.5193822383880615
0.5206665992736816
0.5114145278930664
0.5109357833862305
0.5197110176086426
0.5229482054710388
0.5194939374923706
0.4994649589061737
0.4835890233516693
0.47723761200904846
0.4771694839000702
0.4706248939037323
0.46633464097976685
0.4616265296936035
0.46220651268959045
0.4604370594024658
0.4546135663986206
0.44194960594177246
0.44572317600250244
0.43986594676971436
0.4308009445667267
0.423703670501709
0.4260382056236267
0.42769840359687805
0.4299173355102539
0.4281713664531708
0.4248283803462982
0.42312538623809814
0.43810316920280457
0.4459194242954254
0.47598206996917725
0.4569918215274811
0.437994122505188
0.4131295382976532
0.39793381094932556
0.3886018693447113
0.38137567043304443
0.37689557671546936
0.3780059516429901
0.37626445293426514
0.3600353002548218
0.3490816056728363
0.3393633961677551
0.34256958961486816
0.34242844581604004
0.3398803174495697
0.34464311599731445
0.34036511182785034
0.333619087934494
0.33062979578971863
0.33092206716537476
0.3340856730937958
0.3549266457557678
0.3826724588871002
0.4119988977909088
0.40214475989341736
0.3787727355957031
0.38127753138542175
0.3716842234134674
0.3642493486404419
0.3599933981895447
0.35696941614151
0.36897072196006775
0.36922687292099
0.38615649938583374
0.4039251208305359
0.4062561094760895
0.412953644990921
0.4010040760040283
0.40440940856933594
0.39599305391311646
0.3986697196960449
0.40130332112312317
0.40072765946388245
0.40055158734321594
0.40978458523750305
0.42783820629119873
0.4382808804512024
0.47913190722465515
0.487321674823761
0.4583275020122528
0.42527660727500916
0.40375834703445435
0.4128708243370056
0.42840269207954407
0.41880372166633606
0.4029064178466797
0.4038947820663452
0.41847607493400574
0.4074687957763672
0.4086022675037384
0.39610743522644043
0.3894503712654114
0.38849782943725586
0.38602113723754883
0.3911764919757843
0.3935781717300415
0.39435896277427673
0.39586877822875977
0.40137919783592224
0.4137114882469177
0.4226401746273041
0.43700164556503296
0.4407734274864197
0.42898568511009216
0.43160566687583923
0.4309178292751312
0.43397051095962524
0.43935614824295044
0.44225940108299255
0.44061386585235596
0.4481208622455597
0.45379558205604553
0.4547867774963379
0.4408337473869324
0.43173888325691223
0.4382854700088501
0.4436739385128021
0.4397757947444916
0.43644478917121887
0.4345696270465851
0.43507784605026245
0.4311031997203827
0.446315199136734
0.4554741680622101
0.48605111241340637
0.5222613215446472
0.5544286370277405
0.5696033835411072
0.5670580267906189
0.5464943647384644
0.5548408031463623
0.5692347288131714
0.5801168084144592
0.6092765927314758
0.6036950945854187
0.6017937064170837
0.6169312596321106
0.6007902026176453
0.5874536037445068
0.5764111876487732
0.5955454707145691
0.5838603377342224
0.5795962810516357
0.5934006571769714
0.5946753621101379
0.5823910236358643
0.5816346406936646
0.5557137727737427
0.562241792678833
0.5712372660636902
0.5438328981399536
0.5502641797065735
0.549344003200531
0.5450341105461121
0.5501444339752197
0.533117413520813
0.5364410877227783
0.5501992106437683
0.5676828622817993
0.5759918093681335
0.5921627879142761
0.5857850313186646
0.595130443572998
0.5940378308296204
0.5947878956794739
0.5935339331626892
0.5984352231025696
0.5991714000701904
0.6038336753845215
0.6035441160202026
0.6098295450210571
0.611102283000946
0.5945841670036316
0.5721709132194519
0.5515775680541992
0.5437958240509033
0.5389228463172913
0.5571082830429077
0.5658696293830872
0.5660496950149536
0.5762298107147217
0.5751962661743164
0.5801638960838318
0.5863317251205444
0.5825019478797913
0.5794957876205444
0.5743717551231384
0.5745081305503845
0.5760111808776855
0.5843236446380615
0.5835868716239929
0.5831006765365601
0.5893951058387756
0.5891093015670776
0.5971816778182983
0.6084389686584473
0.5795495510101318
0.5568422675132751
0.5222135782241821
0.5092610716819763
0.507128119468689
0.5099985003471375
0.5149247050285339
0.5289976000785828
0.5288875102996826
0.5211813449859619
0.5142391920089722
0.5076072216033936
0.5133296251296997
0.5252171158790588
0.5406399369239807
0.5330103039741516
0.5461537837982178
0.5485742688179016
0.5489200353622437
0.5563344359397888
0.5422221422195435
0.5258902311325073
0.5300393104553223
0.5506235957145691
0.557417094707489
0.5582210421562195
0.5332646369934082
0.5073297619819641
0.5019863247871399
0.4993934631347656
0.5065480470657349
0.5088476538658142
0.499376505613327
0.48617279529571533
0.47406548261642456
0.46275871992111206
0.4697802662849426
0.4639452397823334
0.47771984338760376
0.49930551648139954
0.49745991826057434
0.49292099475860596
0.49728924036026
0.5012688040733337
0.4851830303668976
0.4740537703037262
0.4841998219490051
0.5130054950714111
0.5378602743148804
0.5677759051322937
0.616353452205658
0.6430478692054749
0.6023342609405518
0.5975338816642761
0.5920813083648682
0.5813499093055725
0.5825875997543335
0.5704166889190674
0.5579984784126282
0.5576725006103516
0.56574946641922
0.5532296895980835
0.5535374879837036
0.5701888799667358
0.5846230387687683
0.5707700848579407
0.5902522802352905
0.5909571647644043
0.566045880317688
0.562413215637207
0.5679027438163757
0.5828821063041687
0.619212806224823
0.6652570366859436
0.6799734830856323
0.6701568365097046
0.668280303478241
0.6519142389297485
0.6402108073234558
0.622536301612854
0.6167073845863342
0.6330804824829102
0.6216900944709778
0.6211931705474854
0.611378014087677
0.5978766083717346
0.6040687561035156
0.6054322123527527
0.5983600616455078
0.5874255895614624
0.5894562005996704
0.5797890424728394
0.5705850124359131
0.5608211159706116
0.5581867098808289
0.5581865906715393
0.578557014465332
0.5903494358062744
0.6149601340293884
0.5943807363510132
0.5957176089286804
0.5896955132484436
0.5854300856590271
0.5832802653312683
0.5724180936813354
0.5598149299621582
0.5717431306838989
0.5903434157371521
0.5896186232566833
0.5700768232345581
0.5436714291572571
0.5793103575706482
0.5889983177185059
0.5677632689476013
0.5664222836494446
0.5730332136154175
0.6005017757415771
0.5898148417472839
0.5790810585021973
0.5347385406494141
0.5396897792816162
0.5717471837997437
0.5479534268379211
0.5841078162193298
0.5812108516693115
0.5896791815757751
0.5941371321678162
0.5947378873825073
0.5925080180168152
0.5867438912391663
0.5896707773208618
0.5925472974777222
0.6054639220237732
0.6051302552223206
0.6013650298118591
0.6010749936103821
0.599940299987793
0.5926961898803711
0.5977200269699097
0.6015247106552124
0.597531795501709
0.575356662273407
0.564508318901062
0.5717078447341919
0.5743242502212524
0.5571677088737488
0.5289173126220703
0.5164815187454224
0.5022485852241516
0.4998980164527893
0.4925416111946106
0.4852789342403412
0.49068793654441833
0.4882263243198395
0.4906473457813263
0.4838458299636841
0.4745708405971527
0.45612406730651855
0.44257161021232605
0.4592359960079193
0.46187326312065125
0.46617403626441956
0.4604596793651581
0.45951777696609497
0.4557637870311737
0.4371548295021057
0.43911606073379517
0.44412490725517273
0.44142767786979675
0.43752574920654297
0.40529951453208923
0.39548853039741516
0.39995938539505005
0.3943341076374054
0.3751327693462372
0.36916980147361755
0.3556402027606964
0.3542577028274536
0.3482305407524109
0.3398229777812958
0.33198681473731995
0.34209123253822327
0.3478642404079437
0.3587134778499603
0.37796956300735474
0.3717266023159027
0.3740031123161316
0.37618327140808105
0.3729858696460724
0.34480711817741394
0.32159319519996643
0.3394245207309723
0.36978456377983093
0.3858506977558136
0.3517971932888031
0.3267372250556946
0.33700671792030334
0.3448440432548523
0.34328511357307434
0.3350354731082916
0.3323143720626831
0.3345962166786194
0.3486596941947937
0.3468154966831207
0.338072270154953
0.3426763713359833
0.33771976828575134
0.34209203720092773
0.3579700291156769
0.3578627407550812
0.3604143261909485
0.35929933190345764
0.3497689664363861
0.3397060036659241
0.3369089961051941
0.3484584093093872
0.3605234920978546
0.3733307421207428
0.3723853826522827
0.3421846628189087
0.323193222284317
0.314120888710022
0.30961278080940247
0.3183099031448364
0.3184417188167572
0.3077315092086792
0.30328425765037537
0.3070466220378876
0.3084164261817932
0.30940061807632446
0.3092046082019806
0.3107836842536926
0.3091217577457428
0.30807897448539734
0.3094412088394165
0.31046560406684875
0.31225356459617615
0.310013085603714
0.31025823950767517
0.31753578782081604
0.3214392364025116
0.32896173000335693
0.3403003513813019
0.3300214111804962
0.3258896470069885
0.32170456647872925
0.32191768288612366
0.3228684663772583
0.3267807960510254
0.33050966262817383
0.33962810039520264
0.35125160217285156
0.3472203016281128
0.34435445070266724
0.3423314392566681
0.3401610255241394
0.34433573484420776
0.34767475724220276
0.34733396768569946
0.34646475315093994
0.34686151146888733
0.3465925455093384
0.3519477844238281
0.37204793095588684
0.39762216806411743
0.42717915773391724
0.4601787328720093
0.4732244312763214
0.4800547659397125
0.48504146933555603
0.4921451807022095
0.49235618114471436
0.4786343276500702
0.48632216453552246
0.527990460395813
0.5496881604194641
0.5370358228683472
0.5336933732032776
0.5292338728904724
0.5236215591430664
0.5263569951057434
0.5338471531867981
0.5399022698402405
0.5399283766746521
0.532302737236023
0.5284304022789001
0.5197217464447021
0.504832923412323
0.5233392119407654
0.5445777177810669
0.526561439037323
0.5265162587165833
0.5296714901924133
0.5363364815711975
0.5370935201644897
0.5015308260917664
0.49905404448509216
0.523389458656311
0.5466760396957397
0.5500840544700623
0.5324333906173706
0.5594437122344971
0.5324355363845825
0.5234581828117371
0.5147669911384583
0.5239527821540833
0.5238213539123535
0.5245712995529175
0.5208656787872314
0.509387195110321
0.5013440251350403
0.49872297048568726
0.4866732060909271
0.4761621356010437
0.45122066140174866
0.4146997332572937
0.4042758047580719
0.4099695384502411
0.4157256782054901
0.41818439960479736
0.4179205000400543
0.42280882596969604
0.41983869671821594
0.41614702343940735
0.40685737133026123
0.4024117588996887
0.39990293979644775
0.3951948285102844
0.4048995077610016
0.40996405482292175
0.41396230459213257
0.4161508083343506
0.4122314453125
0.40483447909355164
0.414806991815567
0.4217597246170044
0.41529834270477295
0.40084895491600037
0.3675449788570404
0.37147852778434753
0.36762529611587524
0.36545684933662415
0.3719748854637146
0.37507131695747375
0.3689410090446472
0.38873353600502014
0.36594560742378235
0.3356861472129822
0.323009729385376
0.325650155544281
0.33982813358306885
0.3436543047428131
0.3573068678379059
0.36347660422325134
0.36540094017982483
0.3594120144844055
0.35153231024742126
0.34318381547927856
0.35044705867767334
0.36063677072525024
0.37471428513526917
0.39739036560058594
0.3980167508125305
0.40836021304130554
0.39699068665504456
0.3952431082725525
0.39607301354408264
0.4060344994068146
0.4181096851825714
0.4134122133255005
0.4054100215435028
0.39012259244918823
0.403553307056427
0.4310694932937622
0.43349912762641907
0.41614869236946106
0.4194260239601135
0.4245079457759857
0.42141827940940857
0.4155694246292114
0.4139295518398285
0.42187896370887756
0.4212045967578888
0.44455745816230774
0.47458595037460327
0.504490077495575
0.5139856934547424
0.5431838035583496
0.5545967817306519
0.5385860800743103
0.5385246276855469
0.5751969814300537
0.5836397409439087
0.5723872184753418
0.576573371887207
0.5475009083747864
0.5645481944084167
0.6004627346992493
0.5901726484298706
0.5822383761405945
0.5801067352294922
0.5826942324638367
0.5762988328933716
0.5773147940635681
0.5805761218070984
0.5771902203559875
0.5899399518966675
0.6052624583244324
0.6123547554016113
0.5893447995185852
0.5907726287841797
0.601559579372406
0.6070143580436707
0.5983911156654358
0.594838559627533
0.5805622339248657
0.5850483179092407
0.5783594250679016
0.5713334083557129
0.600339412689209
0.6150321960449219
0.6240126490592957
0.6405258774757385
0.6540645956993103
0.6627992987632751
0.6768004298210144
0.6929268836975098
0.6850506067276001
0.6738815307617188
0.6481592059135437
0.658440351486206
0.6764691472053528
0.7005019187927246
0.7075182795524597
0.7411975860595703
0.7824497222900391
0.8064330816268921
0.8142171502113342
0.8181331157684326
0.8091435432434082
0.8199048042297363
0.8337697386741638
0.8748915195465088
0.8955373167991638
0.9460049271583557
0.9869592785835266
0.9997320175170898
1.0600991249084473
0.9693880081176758
1.0505691766738892
1.057748794555664
1.0635932683944702
1.0636577606201172
1.0471327304840088
0.9468274712562561
0.8995397686958313
0.9039486646652222
0.8756120204925537
0.8338004350662231
0.7940780520439148
0.7864714860916138
0.79891437292099
0.8040866851806641
0.806675136089325
0.782315731048584
0.8202873468399048
0.8044576644897461
0.7845096588134766
0.7667535543441772
0.7502484321594238
0.7488376498222351
0.7463172078132629
0.731792151927948
0.6781564354896545
0.6694954037666321
0.668572723865509
0.660764217376709
0.6496413946151733
0.6458988189697266
0.6315921545028687
0.6190991401672363
0.5937809348106384
0.5708319544792175
0.5356510281562805
0.5168514251708984
0.5156629085540771
0.5182492733001709
0.5242704749107361
0.5242102146148682
0.5352110862731934
0.5181310772895813
0.5099406838417053
0.4951389729976654
0.4896567761898041
0.4844324290752411
0.4686328172683716
0.4857247769832611
0.4930229187011719
0.49602189660072327
0.5003537535667419
0.4941132366657257
0.48580828309059143
0.46844929456710815
0.46765801310539246
0.4676467180252075
0.45121869444847107
0.4523560702800751
0.4263926148414612
0.4304744303226471
0.44630831480026245
0.452842652797699
0.46392685174942017
0.48440995812416077
0.4808906316757202
0.4623960852622986
0.45744413137435913
0.44584938883781433
0.4516070783138275
0.4365769922733307
0.4408176839351654
0.5059661865234375
0.5034523010253906
0.5269530415534973
0.5226351618766785
0.4880369007587433
0.456240177154541
0.42915111780166626
0.42131420969963074
0.4393082857131958
0.46974411606788635
0.5265618562698364
0.5301795601844788
0.5631223917007446
0.5689167976379395
0.5458203554153442
0.555210292339325
0.5470992922782898
0.5464062094688416
0.5759890675544739
0.5496914982795715
0.5467979907989502
0.5332301259040833
0.5302181243896484
0.5636461973190308
0.5888245701789856
0.5966082215309143
0.5983560681343079
0.615087628364563
0.6174445748329163
0.6086791157722473
0.6074914932250977
0.6002498269081116
0.6160847544670105
0.6418493390083313
0.6814191341400146
0.7067103385925293
0.6874232888221741
0.650091826915741
0.6212849020957947
0.5967972278594971
0.5913973450660706
0.5807143449783325
0.5509113669395447
0.5375800132751465
0.555355966091156
0.56399005651474
0.5463007688522339
0.5334798097610474
0.5160594582557678
0.49898651242256165
0.4990744888782501
0.48991894721984863
0.4825136363506317
0.47300583124160767
0.470547616481781
0.4731616973876953
0.4917857348918915
0.507783830165863
0.539936900138855
0.5367537140846252
0.5146040320396423
0.481721967458725
0.47096505761146545
0.467615008354187
0.471920371055603
0.4847259819507599
0.4966687262058258
0.4973425567150116
0.5227112770080566
0.5258097052574158
0.5204216241836548
0.5092943906784058
0.5154502987861633
0.5091823935508728
0.5249012112617493
0.5279470682144165
0.5392250418663025
0.5466222763061523
0.5551125407218933
0.5684031844139099
0.5749536752700806
0.6096417903900146
0.6431358456611633
0.6675217747688293
0.6772459745407104
0.6564061641693115
0.6462298035621643
0.6500336527824402
0.6350154280662537
0.6189624667167664
0.6268092393875122
0.6513198018074036
0.684631884098053
0.7074056267738342
0.7016610503196716
0.6856788992881775
0.688109278678894
0.6872122287750244
0.6931962370872498
0.7041928172111511
0.7085849046707153
0.713300347328186
0.7083107829093933
0.7166315913200378
0.7141496539115906
0.7062432169914246
0.6977384090423584
0.6777284741401672
0.6905351281166077
0.6907357573509216
0.6891970038414001
0.672343909740448
0.6742008328437805
0.6902961730957031
0.6949775218963623
0.6902821660041809
0.701811671257019
0.697573721408844
0.7045866250991821
0.7081120610237122
0.7121046781539917
0.7181509137153625
0.7228941321372986
0.7209944128990173
0.7277494072914124
0.7259133458137512
0.7318482995033264
0.7400861382484436
0.7509724497795105
0.7455121874809265
0.6952356100082397
0.6578905582427979
0.6443783044815063
0.622532308101654
0.6138235926628113
0.60499507188797
0.6012290120124817
0.5831087827682495
0.5791847705841064
0.572974443435669
0.5572487115859985
0.532102644443512
0.5077020525932312
0.49198129773139954
0.4933911859989166
0.4939621686935425
0.5098742842674255
0.5150858163833618
0.5024400949478149
0.49291178584098816
0.4787638187408447
0.4771530032157898
0.49406516551971436
0.5012784600257874
0.5092663764953613
0.4599620997905731
0.44654351472854614
0.4472029209136963
0.4336071312427521
0.42720773816108704
0.42527833580970764
0.4296293258666992
0.4184829890727997
0.4154394268989563
0.4064699709415436
0.40103408694267273
0.4067230224609375
0.4034174382686615
0.4127778708934784
0.42728057503700256
0.43562012910842896
0.44360992312431335
0.45025038719177246
0.4463222920894623
0.43603089451789856
0.43906623125076294
0.45935624837875366
0.46620944142341614
0.4738839566707611
0.4273964762687683
0.4214136600494385
0.4427223801612854
0.44290223717689514
0.43783116340637207
0.4406255781650543
0.42428669333457947
0.43290776014328003
0.41305986046791077
0.4176548719406128
0.40998780727386475
0.39889344573020935
0.41373753547668457
0.41789641976356506
0.41846537590026855
0.41245970129966736
0.4104056656360626
0.4135253429412842
0.4178200364112854
0.4228602349758148
0.42252376675605774
0.44476577639579773
0.44942477345466614
0.4518447518348694
0.4586060643196106
0.45603999495506287
0.45894739031791687
0.4756629168987274
0.4750477969646454
0.48399895429611206
0.46862393617630005
0.4629939794540405
0.46832770109176636
0.489051878452301
0.5085521936416626
0.508473813533783
0.5289285778999329
0.5369031429290771
0.5436784029006958
0.5400951504707336
0.547353982925415
0.5521523952484131
0.5466383099555969
0.549243152141571
0.5457134246826172
0.542032778263092
0.5447720289230347
0.5573146939277649
0.5579867959022522
0.5443052053451538
0.5284853577613831
0.5306634306907654
0.5464373230934143
0.5738805532455444
0.5820462107658386
0.5962507128715515
0.5995948314666748
0.6133706569671631
0.613746702671051
0.6229672431945801
0.6118994951248169
0.6256436705589294
0.6276358962059021
0.6125780940055847
0.6075868010520935
0.5984792709350586
0.590407133102417
0.585835337638855
0.5904216766357422
0.6082565188407898
0.6393086910247803
0.6868018507957458
0.7178040146827698
0.7667751312255859
0.7789220213890076
0.7988756895065308
0.8161539435386658
0.8344916701316833
0.8328912854194641
0.8610764741897583
0.8624505400657654
0.8705411553382874
0.8912311792373657
0.9009751677513123
0.91811203956604
0.9346488118171692
0.9465025067329407
0.9319813251495361
0.916481614112854
0.9151990413665771
0.9154461026191711
0.9124569296836853
0.9103926420211792
0.8887201547622681
0.8887243270874023
0.8467482924461365
0.8157704472541809
0.7879396080970764
0.7879676222801208
0.7935230731964111
0.8103803396224976
0.8291122913360596
0.8477315306663513
0.83807373046875
0.8172777891159058
0.8141404390335083
0.8235686421394348
0.8379349708557129
0.8322343230247498
0.837743878364563
0.8408214449882507
0.8568893671035767
0.8651981949806213
0.8709434270858765
0.8755607604980469
0.8701180815696716
0.8590995669364929
0.8656271696090698
0.8695666790008545
0.8588181734085083
0.819904625415802
0.8164440989494324
0.8133766651153564
0.8118337988853455
0.8195618987083435
0.8280521035194397
0.8210485577583313
0.8292273879051208
0.811310350894928
0.8188968896865845
0.8100026845932007
0.8141583800315857
0.8197073340415955
0.7968774437904358
0.7964981198310852
0.7950803637504578
0.7790732383728027
0.7702344059944153
0.7689381241798401
0.7543164491653442
0.7664661407470703
0.7704077959060669
0.7592576742172241
0.76531982421875
0.7489193677902222
0.7416541576385498
0.7080387473106384
0.7093032598495483
0.6870064735412598
0.6537695527076721
0.6376274824142456
0.6224795579910278
0.6166250109672546
0.589065670967102
0.5541762709617615
0.540869951248169
0.5592597126960754
0.569753885269165
0.5696725845336914
0.5615187883377075
0.5707207322120667
0.5513982772827148
0.5297420620918274
0.5043455958366394
0.48458871245384216
0.497261106967926
0.5047777891159058
0.4973858892917633
0.4834030568599701
0.4664583206176758
0.45983046293258667
0.44846242666244507
0.4185308516025543
0.4084348976612091
0.41134876012802124
0.4107910394668579
0.40544992685317993
0.4101535379886627
0.41563114523887634
0.4150714874267578
0.4133850038051605
0.4200041890144348
0.40990936756134033
0.4058353900909424
0.39613357186317444
0.39437994360923767
0.38616666197776794
0.3890213370323181
0.3968188464641571
0.40776968002319336
0.4183140695095062
0.43156132102012634
0.46215105056762695
0.4766971170902252
0.4860296845436096
0.48294252157211304
0.4826902747154236
0.46294263005256653
0.46212145686149597
0.4758395850658417
0.4859520196914673
0.5146848559379578
0.5180673599243164
0.5053399205207825
0.49188095331192017
0.5039761662483215
0.5216180682182312
0.5512787699699402
0.5845637321472168
0.5974921584129333
0.5820290446281433
0.5745264291763306
0.5633571743965149
0.5561364889144897
0.577002763748169
0.6140533089637756
0.6331983208656311
0.6329200863838196
0.6699047684669495
0.6742336750030518
0.6746364235877991
0.6810464262962341
0.7043994665145874
0.6887565851211548
0.7049015164375305
0.7673625946044922
0.7847786545753479
0.7696671485900879
0.7692722082138062
0.7522438168525696
0.7548727989196777
0.7871778011322021
0.7988893985748291
0.806565523147583
0.8021352291107178
0.7944065928459167
0.7948073148727417
0.8057698011398315
0.8548869490623474
0.9209115505218506
1.0038909912109375
1.0419886112213135
1.0564244985580444
1.0953766107559204
1.0955613851547241
1.0949878692626953
1.0861804485321045
1.034445881843567
1.0608576536178589
1.1042726039886475
1.1337790489196777
1.1106252670288086
1.0733903646469116
1.080362319946289
1.0781311988830566
1.1033382415771484
1.114010214805603
1.1320669651031494
1.1294745206832886
1.1283999681472778
1.124565839767456
1.0873348712921143
1.007365345954895
0.9444187879562378
0.9015352129936218
0.8819654583930969
0.8489862680435181
0.8243563771247864
0.8035389184951782
0.780971109867096
0.7885800004005432
0.7919241786003113
0.7840514779090881
0.7921628355979919
0.7741230726242065
0.7747112512588501
0.80341637134552
0.8191612362861633
0.820034921169281
0.8241908550262451
0.8195539712905884
0.8114150166511536
0.8010510206222534
0.7966878414154053
0.7817620635032654
0.7462850213050842
0.7120488286018372
0.6744244694709778
0.6439739465713501
0.6462081670761108
0.6380227208137512
0.6331258416175842
0.6258174180984497
0.6164771318435669
0.5961663126945496
0.5787681341171265
0.5633060336112976
0.5513257384300232
0.5263868570327759
0.5158464908599854
0.5146828889846802
0.5403237342834473
0.5539117455482483
0.5724543333053589
0.5753484964370728
0.590181291103363
0.568226158618927
0.5317927598953247
0.5364822745323181
0.5349128246307373
0.5339429378509521
0.5080711841583252
0.4862017035484314
0.4796139597892761
0.4868008494377136
0.4864347577095032
0.4809945821762085
0.48304033279418945
0.48335036635398865
0.4671265482902527
0.4505496025085449
0.41598397493362427
0.40329891443252563
0.40960249304771423
0.4189196527004242
0.42450153827667236
0.43149814009666443
0.43752962350845337
0.43319612741470337
0.4460568130016327
0.44212186336517334
0.4116048514842987
0.40710344910621643
0.42552444338798523
0.4560450315475464
0.49398472905158997
0.5033958554267883
0.47599735856056213
0.47569504380226135
0.48747166991233826
0.5026968717575073
0.51591557264328
0.5247636437416077
0.5320788621902466
0.48697084188461304
0.48292797803878784
0.5032408237457275
0.49959373474121094
0.4894431233406067
0.5033579468727112
0.492099791765213
0.5075405836105347
0.5051743984222412
0.49091264605522156
0.4906410574913025
0.4878247082233429
0.48995575308799744
0.5245641469955444
0.5231472849845886
0.49731022119522095
0.5129261016845703
0.483992338180542
0.4759441912174225
0.47892534732818604
0.4881843328475952
0.49022120237350464
0.4826156795024872
0.4784461259841919
0.488761305809021
0.4990057647228241
0.491543710231781
0.49106770753860474
0.50221848487854
0.4920118749141693
0.4876176714897156
0.4928618371486664
0.5218928456306458
0.5025332570075989
0.5117918252944946
0.5107429027557373
0.49975693225860596
0.5227876901626587
0.5297387838363647
0.5549309849739075
0.5621047019958496
0.5558358430862427
0.5402378439903259
0.5203855633735657
0.5195943117141724
0.5327890515327454
0.5296565294265747
0.5205350518226624
0.513445258140564
0.5331970453262329
0.5244790315628052
0.4970165193080902
0.5030025243759155
0.5192664265632629
0.5332626104354858
0.5369722843170166
0.5318615436553955
0.5200808644294739
0.48295140266418457
0.4670162796974182
0.47263702750205994
0.4845859408378601
0.5251039862632751
0.5978236198425293
0.6192722916603088
0.5882172584533691
0.5830750465393066
0.5838410258293152
0.5811423063278198
0.5718105435371399
0.5413298010826111
0.5602496862411499
0.5863442420959473
0.5805257558822632
0.5861420631408691
0.5838789939880371
0.5815096497535706
0.5850615501403809
0.5885834097862244
0.5927959680557251
0.5942881107330322
0.6033281087875366
0.6016395092010498
0.5860762596130371
0.5639342665672302
0.5605959296226501
0.5652790665626526
0.556291937828064
0.5383214950561523
0.5531727075576782
0.5361881852149963
0.5370653867721558
0.5409473776817322
0.5480286478996277
0.5541188716888428
0.5624083280563354
0.5817386507987976
0.5752770304679871
0.5608777403831482
0.5557131767272949
0.537321925163269
0.5451875329017639
0.5456700921058655
0.5519362688064575
0.5491301417350769
0.5467427968978882
0.5393159985542297
0.5312287211418152
0.5318870544433594
0.5363796949386597
0.5240664482116699
0.5029521584510803
0.48638758063316345
0.4862607419490814
0.480718195438385
0.4900936782360077
0.4922603666782379
0.4971524178981781
0.49888530373573303
0.5092240571975708
0.5108876824378967
0.5047006607055664
0.4893454909324646
0.4920373260974884
0.49467751383781433
0.4954221248626709
0.5146642923355103
0.5157972574234009
0.5332839488983154
0.5298128724098206
0.5283676385879517
0.51370769739151
0.5085542798042297
0.5190902352333069
0.5168486833572388
0.5016942024230957
0.4413345456123352
0.42886680364608765
0.4363987445831299
0.4373790919780731
0.4380533993244171
0.44052907824516296
0.43681588768959045
0.4321592450141907
0.42033320665359497
0.41525888442993164
0.40646636486053467
0.3968956470489502
0.3993450701236725
0.4104580581188202
0.4139651954174042
0.42016544938087463
0.4184596538543701
0.4154796004295349
0.4087674915790558
0.3941652476787567
0.3954062759876251
0.4083881974220276
0.4315253496170044
0.4550226032733917
0.4283530116081238
0.4390279948711395
0.4241940379142761
0.43414318561553955
0.4415629506111145
0.426072359085083
0.41595980525016785
0.4047960937023163
0.37817448377609253
0.34790489077568054
0.3396194279193878
0.3279625177383423
0.32779836654663086
0.33256208896636963
0.33289140462875366
0.34032654762268066
0.33365312218666077
0.3358668088912964
0.3440617322921753
0.3437057435512543
0.34742164611816406
0.3632115125656128
0.3679358661174774
0.3778727352619171
0.3714774549007416
0.34228515625
0.33842360973358154
0.3297020494937897
0.33284345269203186
0.32637810707092285
0.32415708899497986
0.320096492767334
0.32189294695854187
0.3430946469306946
0.34163063764572144
0.337188720703125
0.3300442695617676
0.33671408891677856
0.33376261591911316
0.3356349468231201
0.3435947299003601
0.35539740324020386
0.36291399598121643
0.3660937547683716
0.35501551628112793
0.3607442378997803
0.35609158873558044
0.3516075611114502
0.34930235147476196
0.34773993492126465
0.34841740131378174
0.33924826979637146
0.337168425321579
0.3377160131931305
0.337263286113739
0.3326384723186493
0.33714723587036133
0.3464560806751251
0.3493078351020813
0.33936718106269836
0.3349483013153076
0.34063196182250977
0.3453175127506256
0.34621456265449524
0.345461905002594
0.34284156560897827
0.34216660261154175
0.34170976281166077
0.3465948700904846
0.3578803241252899
0.36831411719322205
0.38182690739631653
0.3871399462223053
0.38581958413124084
0.3930833637714386
0.3979496657848358
0.4010651111602783
0.40517812967300415
0.41055285930633545
0.4234697222709656
0.4487437605857849
0.475209504365921
0.48524656891822815
0.47877153754234314
0.4753376245498657
0.4834965169429779
0.49348899722099304
0.493335485458374
0.49372729659080505
0.49681729078292847
0.48892301321029663
0.48637691140174866
0.48766952753067017
0.5068364143371582
0.5037358403205872
0.490293025970459
0.49207109212875366
0.5090562105178833
0.5037926435470581
0.4965583086013794
0.4888768494129181
0.4906873404979706
0.4972209632396698
0.5063617825508118
0.5270252823829651
0.526687502861023
0.522797703742981
0.5275359749794006
0.5250027775764465
0.5258992910385132
0.5214889049530029
0.5294036269187927
0.5311933159828186
0.5284987092018127
0.5319864153862
0.5302167534828186
0.5343365669250488
0.5361177921295166
0.5283053517341614
0.49877801537513733
0.4881912171840668
0.4879494309425354
0.48398563265800476
0.48859015107154846
0.49821189045906067
0.5023817420005798
0.5114997029304504
0.5238434672355652
0.5294561386108398
0.5278917551040649
0.5228762030601501
0.512792706489563
0.5033705830574036
0.5034394264221191
0.5096129775047302
0.5142091512680054
0.5183473229408264
0.5125967860221863
0.5111957788467407
0.5108356475830078
0.5146127343177795
0.5124970078468323
0.49943581223487854
0.47809898853302
0.4492459297180176
0.4339635372161865
0.43035438656806946
0.4297717809677124
0.4306410551071167
0.4300733804702759
0.4307774305343628
0.4272725284099579
0.4266462028026581
0.4090517461299896
0.3999299108982086
0.39710867404937744
0.39432528614997864
0.3938468098640442
0.3938690721988678
0.39489051699638367
0.3935670554637909
0.3937678635120392
0.39189469814300537
0.3896448016166687
0.39426109194755554
0.4100785255432129
0.4315129220485687
0.4505149722099304
0.4617471396923065
0.48308300971984863
0.49951237440109253
0.5132411122322083
0.5140619874000549
0.5131896734237671
0.5090778470039368
0.5158571600914001
0.5227183699607849
0.5271559357643127
0.5339589715003967
0.534085750579834
0.530948281288147
0.5280823707580566
0.536424458026886
0.5408102869987488
0.5442931652069092
0.5491483211517334
0.5336546897888184
0.5213266015052795
0.532528281211853
0.5454438328742981
0.5491799116134644
0.5208221673965454
0.5132268071174622
0.5146793723106384
0.5226771235466003
0.5368605256080627
0.5442853569984436
0.5395293235778809
0.5453898310661316
0.5593270063400269
0.5769780278205872
0.603857159614563
0.618234395980835
0.602297306060791
0.6133903861045837
0.6132640242576599
0.6179156303405762
0.6206265687942505
0.619665265083313
0.6275978088378906
0.6354615092277527
0.6467282772064209
0.6492252945899963
0.6388248205184937
0.6259774565696716
0.6135995984077454
0.6147321462631226
0.6266481280326843
0.6291558742523193
0.6222225427627563
0.6231367588043213
0.6198805570602417
0.609821617603302
0.6051210761070251
0.6023815274238586
0.5952922105789185
0.593608558177948
0.5793668031692505
0.5752025842666626
0.5798875093460083
0.5806065797805786
0.579388439655304
0.5775378346443176
0.5679894685745239
0.5684048533439636
0.5658300518989563
0.5718026161193848
0.5894290208816528
0.5815404653549194
0.5897889733314514
0.5860089659690857
0.5980807542800903
0.6049581170082092
0.6109978556632996
0.6229323148727417
0.6333005428314209
0.6341944932937622
0.6441893577575684
0.660129725933075
0.6740996837615967
0.6850944757461548
0.6738793253898621
0.6855340003967285
0.6887785792350769
0.6905710697174072
0.6801172494888306
0.6936428546905518
0.6985398530960083
0.6896917819976807
0.6800273656845093
0.6791498064994812
0.6709924340248108
0.6638109087944031
0.6314929127693176
0.5887983441352844
0.566891610622406
0.556719183921814
0.5504695177078247
0.5588175058364868
0.5688000917434692
0.5792502164840698
0.5707733631134033
0.577902615070343
0.5658414363861084
0.5787652730941772
0.5709026455879211
0.5722112059593201
0.5866740345954895
0.5953028798103333
0.607590913772583
0.6035206913948059
0.6099730134010315
0.6102622151374817
0.614358127117157
0.6175464391708374
0.6250067949295044
0.6144468784332275
0.6041318774223328
0.6002317667007446
0.6215680241584778
0.62836092710495
0.6425760984420776
0.6368632912635803
0.6431248188018799
0.6702418327331543
0.6516199707984924
0.6042245030403137
0.5611704587936401
0.5262649059295654
0.5155478715896606
0.5215440392494202
0.5007866621017456
0.4919094145298004
0.5030908584594727
0.5014307498931885
0.4991198480129242
0.49371209740638733
0.49914124608039856
0.49303868412971497
0.4936845302581787
0.49673494696617126
0.4947611093521118
0.5045053362846375
0.5080093145370483
0.49006566405296326
0.48079943656921387
0.4721924066543579
0.4800589978694916
0.4753344655036926
0.4740343987941742
0.47966107726097107
0.48656073212623596
0.4863453507423401
0.4783932566642761
0.484897255897522
0.505192220211029
0.5108078122138977
0.5206887125968933
0.5210744738578796
0.5147092342376709
0.5097092390060425
0.4978504478931427
0.49705958366394043
0.5034507513046265
0.5195501446723938
0.5320366621017456
0.5420292615890503
0.5427147746086121
0.5380799174308777
0.5347671508789062
0.5514510869979858
0.5439615845680237
0.5439262390136719
0.5571017861366272
0.572013795375824
0.5781006217002869
0.6001340746879578
0.5980804562568665
0.5928961634635925
0.5834394097328186
0.5854657888412476
0.5704501271247864
0.5845155119895935
0.5838481783866882
0.5659220218658447
0.565406084060669
0.5458208918571472
0.5387118458747864
0.5193976163864136
0.5082301497459412
0.49843892455101013
0.47660204768180847
0.4830433428287506
0.5085690021514893
0.5101533532142639
0.4992954134941101
0.48957568407058716
0.5092345476150513
0.5189165472984314
0.5034027695655823
0.4876247048377991
0.4918707311153412
0.5100339651107788
0.5153422951698303
0.5201668739318848
0.5121166110038757
0.5062466263771057
0.5098332166671753
0.5108593106269836
0.5115850567817688
0.5068941712379456
0.4997372329235077
0.48757100105285645
0.4701187312602997
0.451327919960022
0.47547009587287903
0.4666825830936432
0.4803493916988373
0.48367130756378174
0.4770357608795166
0.4607623219490051
0.464049756526947
0.4765944480895996
0.4833959639072418
0.46150845289230347
0.45008501410484314
0.4651489555835724
0.4584139883518219
0.47084036469459534
0.47302791476249695
0.476821631193161
0.4785623848438263
0.4779838025569916
0.4994455575942993
0.49446627497673035
0.4771418273448944
0.4664677083492279
0.47056522965431213
0.4503105580806732
0.4463707208633423
0.45193570852279663
0.45784541964530945
0.46122005581855774
0.4638897478580475
0.4742688238620758
0.4729379415512085
0.4576009511947632
0.42278099060058594
0.41127559542655945
0.4265887141227722
0.4371783435344696
0.43741512298583984
0.45163869857788086
0.4494144320487976
0.4399344027042389
0.4314616620540619
0.43440932035446167
0.44659048318862915
0.4638015925884247
0.4764750599861145
0.48215004801750183
0.4597645401954651
0.45366668701171875
0.46435487270355225
0.47274479269981384
0.45723459124565125
0.44572779536247253
0.4294242262840271
0.4444909393787384
0.43663519620895386
0.418220579624176
0.3882928192615509
0.3765130639076233
0.3760477900505066
0.38299334049224854
0.37942391633987427
0.3813645839691162
0.37232109904289246
0.3709893524646759
0.36586061120033264
0.36955004930496216
0.37953799962997437
0.3928428292274475
0.4085409939289093
0.4086546301841736
0.407973051071167
0.41391587257385254
0.4187523126602173
0.4184669852256775
0.41642704606056213
0.4332508444786072
0.45119187235832214
0.43268948793411255
0.4071117341518402
0.38885658979415894
0.3790590763092041
0.37395578622817993
0.3897005021572113
0.3964940905570984
0.3981265127658844
0.40971723198890686
0.40592676401138306
