0.5235598087310791
0.5165911316871643
0.5232561826705933
0.551957905292511
0.5494577288627625
0.5331380367279053
0.520950973033905
0.49648579955101013
0.4814876914024353
0.4854748845100403
0.4844253957271576
0.48154357075691223
0.4746069014072418
0.47238028049468994
0.48534247279167175
0.4923632740974426
0.4940922260284424
0.47365128993988037
0.4742932915687561
0.471504271030426
0.46465614438056946
0.4512142837047577
0.4430014193058014
0.43696358799934387
0.42533040046691895
0.4106649160385132
0.40454161167144775
0.39484143257141113
0.398083359003067
0.39503154158592224
0.3882579207420349
0.3893805742263794
0.38267385959625244
0.38169482350349426
0.3840979337692261
0.3864562213420868
0.38902831077575684
0.3887169063091278
0.40328752994537354
0.4135167896747589
0.42397502064704895
0.4411766231060028
0.43917855620384216
0.4254632592201233
0.40881091356277466
0.39261162281036377
0.3848962187767029
0.3874977231025696
0.38033831119537354
0.3820793032646179
0.38204777240753174
0.38017138838768005
0.3807714581489563
0.3706210255622864
0.3682158291339874
0.3698611855506897
0.37179893255233765
0.3720952272415161
0.3768766522407532
0.383452445268631
0.37635764479637146
0.37899672985076904
0.38329318165779114
0.38290613889694214
0.4040634036064148
0.41430312395095825
0.4130145013332367
0.4085490107536316
0.3917660415172577
0.3986743986606598
0.41751039028167725
0.38184866309165955
0.3753276765346527
0.4172428250312805
0.4599878191947937
0.43606534600257874
0.43496283888816833
0.43406912684440613
0.43204864859580994
0.42227593064308167
0.4218928813934326
0.42335912585258484
0.4178296625614166
0.41179507970809937
0.40330272912979126
0.3941633403301239
0.38448894023895264
0.3863004744052887
0.3948408365249634
0.39669159054756165
0.40223073959350586
0.40596845746040344
0.3969258964061737
0.3929970860481262
0.39702892303466797
0.39880064129829407
0.41123729944229126
0.42833393812179565
0.4303632080554962
0.42131826281547546
0.4175763726234436
0.41389697790145874
0.4178498685359955
0.4201927185058594
0.41478168964385986
0.4156346619129181
0.41606050729751587
0.4131963849067688
0.41083768010139465
0.41016218066215515
0.4006899893283844
0.4127783477306366
0.41353607177734375
0.39777541160583496
0.4037625193595886
0.40320175886154175
0.40099048614501953
0.40457046031951904
0.3982801139354706
0.39115849137306213
0.3822006285190582
0.36634743213653564
0.3648730516433716
0.35715699195861816
0.3556870222091675
0.3471454977989197
0.3471863865852356
0.3414701223373413
0.33941638469696045
0.33981338143348694
0.34208473563194275
0.3448021113872528
0.3441038131713867
0.34223029017448425
0.3400369882583618
0.33801352977752686
0.33587464690208435
0.33528998494148254
0.3276291489601135
0.3325059413909912
0.32763755321502686
0.3285871148109436
0.3225184381008148
0.3116529583930969
0.3019695281982422
0.2872046232223511
0.2888059914112091
0.2931655943393707
0.294559121131897
0.29545578360557556
0.28716814517974854
0.28225404024124146
0.27650728821754456
0.27156296372413635
0.272768497467041
0.27757522463798523
0.2800445854663849
0.27982720732688904
0.29071328043937683
0.31761232018470764
0.3519481420516968
0.3405657708644867
0.3432435691356659
0.33554238080978394
0.32497477531433105
0.3185233771800995
0.3219206631183624
0.334530770778656
0.33693841099739075
0.3319653272628784
0.3211517333984375
0.3118674159049988
0.31860387325286865
0.3065601885318756
0.3156217634677887
0.3261118531227112
0.33260345458984375
0.3289341628551483
0.3300854563713074
0.32895907759666443
0.32657575607299805
0.32948338985443115
0.3283945322036743
0.3442379832267761
0.34811919927597046
0.35357004404067993
0.35296115279197693
0.3382648527622223
0.33914658427238464
0.33895009756088257
0.33851689100265503
0.3406144082546234
0.3421286344528198
0.3413340151309967
0.3285673260688782
0.32064831256866455
0.327467679977417
0.32865703105926514
0.3341040313243866
0.3298112750053406
0.33060669898986816
0.32501232624053955
0.3273372948169708
0.31616705656051636
0.31863516569137573
0.31910768151283264
0.32778602838516235
0.35530808568000793
0.3624477982521057
0.34581929445266724
0.3422899544239044
0.33899205923080444
0.33458077907562256
0.3292538523674011
0.33561691641807556
0.33834317326545715
0.3564739227294922
0.367891788482666
0.36401355266571045
0.3572889268398285
0.3665521740913391
0.36583462357521057
0.3714706301689148
0.35469570755958557
0.34764161705970764
0.3406628668308258
0.34274232387542725
0.3349166810512543
0.34222254157066345
0.3362608850002289
0.3160695731639862
0.32699570059776306
0.3387135863304138
0.3543906807899475
0.35259363055229187
0.3300611972808838
0.324648380279541
0.32416224479675293
0.32560792565345764
0.342894971370697
0.3357001543045044
0.3421381711959839
0.34656375646591187
0.3388926386833191
0.3341451585292816
0.33477193117141724
0.3373750150203705
0.3455372750759125
0.3447585105895996
0.34396225214004517
0.34385550022125244
0.3413246273994446
0.33855822682380676
0.3323739171028137
0.3272835612297058
0.3224600851535797
0.3191092610359192
0.32155460119247437
0.31926417350769043
0.3199016749858856
0.32352596521377563
0.3281802535057068
0.33188456296920776
0.3350352346897125
0.35133856534957886
0.36501091718673706
0.3592298626899719
0.35335928201675415
0.35498782992362976
0.3584349453449249
0.3661835789680481
0.3695216178894043
0.371295690536499
0.3713081479072571
0.37052294611930847
0.3687970042228699
0.3704041838645935
0.37237492203712463
0.36591416597366333
0.353164941072464
0.34151121973991394
0.33879730105400085
0.3431556820869446
0.34842410683631897
0.3530444800853729
0.359256774187088
0.36615613102912903
0.3710198402404785
0.37079015374183655
0.3680203855037689
0.3580489754676819
0.35051366686820984
0.34002968668937683
0.33619385957717896
0.3342115581035614
0.33313044905662537
0.338156521320343
0.34257227182388306
0.34446683526039124
0.3452135920524597
0.34788066148757935
0.3497733473777771
0.34667250514030457
0.34731730818748474
0.3449172079563141
0.3418579399585724
0.33071646094322205
0.32332202792167664
0.3245943784713745
0.3295227587223053
0.3319813907146454
0.3322148025035858
0.3330298364162445
0.32376301288604736
0.3207428753376007
0.312041699886322
0.3135794997215271
0.3168170154094696
0.31939584016799927
0.3219859302043915
0.3194044232368469
0.31877925992012024
0.3158605992794037
0.3175143003463745
0.32096588611602783
0.32181650400161743
0.32857653498649597
0.33186981081962585
0.333154559135437
0.331539511680603
0.3294975459575653
0.3326234519481659
0.3308066427707672
0.3324730396270752
0.3383404612541199
0.3412957489490509
0.3571588695049286
0.3566400408744812
0.34296923875808716
0.33906662464141846
0.33431577682495117
0.33596271276474
0.3389093577861786
0.3344542682170868
0.33259317278862
0.3372470438480377
0.33135271072387695
0.32687899470329285
0.32872867584228516
0.33558711409568787
0.3357836604118347
0.33982956409454346
0.3388250768184662
0.3367956280708313
0.3380663990974426
0.3361879885196686
0.33442631363868713
0.3318685293197632
0.3295891284942627
0.3216969072818756
0.30892637372016907
0.2945809066295624
0.29547739028930664
0.29865562915802
0.29621994495391846
0.29331186413764954
0.2890813946723938
0.28461435437202454
0.2820298671722412
0.28342491388320923
0.28107792139053345
0.2783236801624298
0.28072643280029297
0.283324658870697
0.2846885621547699
0.28636252880096436
0.29069435596466064
0.29295724630355835
0.2921998202800751
0.29049140214920044
0.29059234261512756
0.2883232831954956
0.28501787781715393
0.28866225481033325
0.299690306186676
0.3082921504974365
0.3056015372276306
0.3029805123806
0.3013412356376648
0.29938337206840515
0.30004042387008667
0.295356422662735
0.2929929494857788
0.2971547245979309
0.292117178440094
0.2899387776851654
0.29293692111968994
0.29549863934516907
0.2989553213119507
0.3024671971797943
0.3117968738079071
0.3151410222053528
0.3173373341560364
0.3096093535423279
0.30624625086784363
0.30041247606277466
0.29921215772628784
0.30398038029670715
0.3136642277240753
0.3244938254356384
0.3348415791988373
0.32872605323791504
0.32745611667633057
0.32867419719696045
0.3278685212135315
0.32630035281181335
0.32595789432525635
0.3272329270839691
0.3244609832763672
0.31965529918670654
0.31804507970809937
0.315973699092865
0.31487563252449036
0.3127260208129883
0.3079599440097809
0.3092482089996338
0.3125114142894745
0.31199049949645996
0.3146442770957947
0.31545308232307434
0.3181646168231964
0.3233087956905365
0.323558509349823
0.31406092643737793
0.3134736120700836
0.3104197084903717
0.31096088886260986
0.3115459382534027
0.3110206127166748
0.3116505444049835
0.31291425228118896
0.3109787106513977
0.3093636929988861
0.30637073516845703
0.3049844205379486
0.3040703535079956
0.30528196692466736
0.3034898340702057
0.29638949036598206
0.29057228565216064
0.28829696774482727
0.2918495833873749
0.30306679010391235
0.3076223134994507
0.30977001786231995
0.31197330355644226
0.313089519739151
0.3106153905391693
0.3028099536895752
0.3020472824573517
0.3024051785469055
0.3045820891857147
0.30108532309532166
0.30344486236572266
0.30341991782188416
0.30352023243904114
0.3036685883998871
0.30483385920524597
0.30836063623428345
0.306641548871994
0.3053913414478302
0.3024950921535492
0.2972324788570404
0.2902746796607971
0.2836059331893921
0.2854992151260376
0.2876465916633606
0.2921546697616577
0.2942653000354767
0.29850396513938904
0.2958509027957916
0.2827058732509613
0.2743534445762634
0.2686454653739929
0.27423447370529175
0.27368587255477905
0.2703388035297394
0.2708170711994171
0.2716209590435028
0.27115821838378906
0.2696740925312042
0.2708461582660675
0.2749527096748352
0.273476243019104
0.27362051606178284
0.27752065658569336
0.27934861183166504
0.2744961082935333
0.27462372183799744
0.2761403024196625
0.2761439085006714
0.27544763684272766
0.27494779229164124
0.2772645056247711
0.28207117319107056
0.2769608795642853
0.26330915093421936
0.2552768886089325
0.2546999454498291
0.25543349981307983
0.25538745522499084
0.2556627094745636
0.2578885853290558
0.26049771904945374
0.26083672046661377
0.2649540305137634
0.27171796560287476
0.2820114493370056
0.28397437930107117
0.290846049785614
0.2967754006385803
0.3066663444042206
0.3049810230731964
0.30295902490615845
0.30282163619995117
0.2985541522502899
0.293057382106781
0.2902311682701111
0.28773483633995056
0.2927137315273285
0.29755255579948425
0.2846357822418213
0.27358919382095337
0.26795217394828796
0.26851239800453186
0.2678367495536804
0.26744675636291504
0.2685839533805847
0.2679891586303711
0.26852351427078247
0.27399012446403503
0.2819128930568695
0.28564009070396423
0.2906166911125183
0.29879167675971985
0.3081505298614502
0.30468499660491943
0.3030177652835846
0.2975921034812927
0.29746630787849426
0.29533785581588745
0.29894864559173584
0.30553779006004333
0.3213060200214386
0.3092184066772461
0.30022817850112915
0.3010317385196686
0.3031567633152008
0.30411773920059204
0.2954752445220947
0.2926492989063263
0.29204291105270386
0.29261109232902527
0.2952391505241394
0.2999002933502197
0.29784226417541504
0.2963111698627472
0.299838125705719
0.32051870226860046
0.3253771662712097
0.3156603276729584
0.30745819211006165
0.2997763156890869
0.2924729883670807
0.29228079319000244
0.2889989912509918
0.2905791699886322
0.3124243915081024
0.3131706714630127
0.30372995138168335
0.29636186361312866
0.29856064915657043
0.30382096767425537
0.2996186316013336
0.2961929440498352
0.2935645878314972
0.29162558913230896
0.29055914282798767
0.29071637988090515
0.2943482995033264
0.28810057044029236
0.2916981279850006
0.2905218005180359
0.2915070652961731
0.2954849898815155
0.29357025027275085
0.29710617661476135
0.2978200614452362
0.297870397567749
0.30633747577667236
0.3141474425792694
0.31596383452415466
0.3130696415901184
0.3100689947605133
0.3112901449203491
0.3187844753265381
0.32486265897750854
0.3285978436470032
0.32970425486564636
0.3266304135322571
0.3233405649662018
0.32178574800491333
0.3224411904811859
0.3264702260494232
0.32439664006233215
0.3182142674922943
0.31276431679725647
0.309052437543869
0.3090915083885193
0.31585219502449036
0.3210579454898834
0.32371389865875244
0.3231586217880249
0.3234863579273224
0.32183530926704407
0.3208450376987457
0.3157217800617218
0.3148272931575775
0.31278911232948303
0.31198713183403015
0.3157886862754822
0.31395959854125977
0.314468115568161
0.3142335116863251
0.31426090002059937
0.31445667147636414
0.31730222702026367
0.31805458664894104
0.3183985948562622
0.31223607063293457
0.2999504804611206
0.2893599569797516
0.2817716598510742
0.28117281198501587
0.28495150804519653
0.2856541872024536
0.2871260941028595
0.2863738238811493
0.28151771426200867
0.2739162743091583
0.2713921070098877
0.26584523916244507
0.26408231258392334
0.2645834684371948
0.26762962341308594
0.2705690860748291
0.27089741826057434
0.2708158493041992
0.2696489095687866
0.2706151604652405
0.27247267961502075
0.27113860845565796
0.27455657720565796
0.27719083428382874
0.2825237214565277
0.27762696146965027
0.2743646204471588
0.27644190192222595
0.2766250967979431
0.2785927653312683
0.27916526794433594
0.2811608612537384
0.29215505719184875
0.2940893769264221
0.29903629422187805
0.287769615650177
0.2862209379673004
0.28951603174209595
0.29263365268707275
0.2870960533618927
0.28877124190330505
0.28741180896759033
0.28512272238731384
0.28386637568473816
0.28634223341941833
0.2824150025844574
0.2856953740119934
0.2933123707771301
0.29973265528678894
0.2938544750213623
0.2934732437133789
0.2901483178138733
0.290055513381958
0.2863965630531311
0.281392902135849
0.2765244245529175
0.2713257968425751
0.268250435590744
0.26419398188591003
0.2652042806148529
0.2658859193325043
0.2657572627067566
0.26633116602897644
0.2601088583469391
0.2584284543991089
0.25863638520240784
0.25750505924224854
0.256614625453949
0.2595915198326111
0.2669023871421814
0.2857775092124939
0.31050097942352295
0.31499138474464417
0.31471216678619385
0.31075796484947205
0.304108589887619
0.30165067315101624
0.29726460576057434
0.29827365279197693
0.29901906847953796
0.3075536787509918
0.31575092673301697
0.3168884813785553
0.3140416741371155
0.3108328580856323
0.31075939536094666
0.3100558817386627
0.30030179023742676
0.3019934892654419
0.29931506514549255
0.2971803545951843
0.29610514640808105
0.2980037033557892
0.3015122413635254
0.32331183552742004
0.34717878699302673
0.37065935134887695
0.3732599914073944
0.3685639500617981
0.369813472032547
0.368905633687973
0.36887598037719727
0.3763282597064972
0.38225042819976807
0.39185214042663574
0.4112788438796997
0.4123900234699249
0.40317803621292114
0.40213000774383545
0.4027433693408966
0.41228941082954407
0.4177471697330475
0.41652703285217285
0.41333654522895813
0.4104021191596985
0.409687876701355
0.40676790475845337
0.40278249979019165
0.4062386453151703
0.41002094745635986
0.4076743423938751
0.4049714207649231
0.4000461995601654
0.3996618688106537
0.40509358048439026
0.4106089770793915
0.4156026542186737
0.4204860329627991
0.424012154340744
0.42884376645088196
0.4323486387729645
0.43533605337142944
0.4357689917087555
0.4369007647037506
0.4366329312324524
0.4380382001399994
0.43705329298973083
0.4358259439468384
0.4354085624217987
0.43618080019950867
0.4346632957458496
0.43858012557029724
0.44064322113990784
0.44105201959609985
0.4257959723472595
0.42366689443588257
0.4397147595882416
0.4650168716907501
0.4955678880214691
0.5237181782722473
0.5457377433776855
0.557975709438324
0.5539464950561523
0.5527903437614441
0.5486555099487305
0.5566213726997375
0.554419994354248
0.5446652770042419
0.5420670509338379
0.5425617098808289
0.5397087335586548
0.5452567934989929
0.5477367639541626
0.5478078126907349
0.5460705757141113
0.5386722683906555
0.5165789723396301
0.5031384229660034
0.499177485704422
0.48831287026405334
0.47924450039863586
0.48090386390686035
0.4924531579017639
0.4997962415218353
0.5165789127349854
0.5348202586174011
0.5331743359565735
0.5214374661445618
0.5177350044250488
0.5165088176727295
0.5130383968353271
0.5126069784164429
0.5147715210914612
0.5128591656684875
0.512874186038971
0.5100372433662415
0.5128123164176941
0.5139734745025635
0.5199442505836487
0.518925666809082
0.5102920532226562
0.5145309567451477
0.5404806137084961
0.5776291489601135
0.58465576171875
0.5797693133354187
0.5843568444252014
0.5773618817329407
0.5823643803596497
0.5940175652503967
0.608086884021759
0.6167805790901184
0.6258245706558228
0.6397832632064819
0.6497369408607483
0.6449403166770935
0.6307841539382935
0.6212944388389587
0.6224024295806885
0.6268945932388306
0.6341617703437805
0.6470567584037781
0.659018337726593
0.6687246561050415
0.6809554696083069
0.6819018125534058
0.7048496603965759
0.7166123986244202
0.7302864789962769
0.7329502701759338
0.727735698223114
0.7232375741004944
0.7333287596702576
0.7360610365867615
0.7243947982788086
0.7148016095161438
0.7181452512741089
0.7126147150993347
0.7027976512908936
0.7021533250808716
0.6915957927703857
0.6889109015464783
0.6865878701210022
0.6855354309082031
0.6871283054351807
0.6924781203269958
0.701605498790741
0.7113491296768188
0.7314096689224243
0.745023250579834
0.7689364552497864
0.7843194007873535
0.7776696085929871
0.7658625841140747
0.7458032965660095
0.71998530626297
0.6936063170433044
0.6855015158653259
0.7069690227508545
0.7092826962471008
0.7016800045967102
0.7040097117424011
0.7031499743461609
0.6997346878051758
0.6923814415931702
0.6917096376419067
0.6922831535339355
0.7012216448783875
0.7052480578422546
0.7010309100151062
0.6951326131820679
0.6982492208480835
0.702996015548706
0.6827266812324524
0.6839091181755066
0.6999834179878235
0.7153060436248779
0.7211332321166992
0.7125909328460693
0.7097302675247192
0.693934977054596
0.6773339509963989
0.6869058609008789
0.6965574622154236
0.6968690752983093
0.6965392231941223
0.7007808089256287
0.6926317811012268
0.68289715051651
0.6834072470664978
0.6650195121765137
0.672511875629425
0.6716071367263794
0.6754176020622253
0.6682829260826111
0.6547926664352417
0.6243969202041626
0.577289342880249
0.5376094579696655
0.5241313576698303
0.515460729598999
0.5219654440879822
0.515897810459137
0.529392421245575
0.5304630398750305
0.5073769092559814
0.4980508089065552
0.5140494108200073
0.5142624974250793
0.5110911726951599
0.5150936245918274
0.5159890055656433
0.5208255648612976
0.5197011828422546
0.5155690908432007
0.5101632475852966
0.5088904500007629
0.5100486278533936
0.5142154097557068
0.5126854777336121
0.5041772127151489
0.49466732144355774
0.48800715804100037
0.4896080493927002
0.48795223236083984
0.5101168751716614
0.5380961894989014
0.5581023097038269
0.5644234418869019
0.5567499995231628
0.5335016250610352
0.5335471034049988
0.5165455341339111
0.5035641193389893
0.4908827543258667
0.49225205183029175
0.49255019426345825
0.49471575021743774
0.4868881404399872
0.4849216938018799
0.48446959257125854
0.4864348769187927
0.4900285601615906
0.49119675159454346
0.47769084572792053
0.4597877860069275
0.44453445076942444
0.43630436062812805
0.4288637638092041
0.4237216114997864
0.42797204852104187
0.4313584268093109
0.4280097484588623
0.4211960434913635
0.41322875022888184
0.4065006971359253
0.4020315706729889
0.40349292755126953
0.4062708616256714
0.40821924805641174
0.41381797194480896
0.4197835624217987
0.4154045879840851
0.4123746156692505
0.41022273898124695
0.41158613562583923
0.41513413190841675
0.42538076639175415
0.4302753806114197
0.42909762263298035
0.44012510776519775
0.4365440905094147
0.438495934009552
0.4338393807411194
0.4313580393791199
0.43662509322166443
0.41934823989868164
0.41453179717063904
0.41739320755004883
0.4222927391529083
0.42738914489746094
0.43254682421684265
0.45139047503471375
0.4449072778224945
0.4472118020057678
0.440430611371994
0.44650575518608093
0.4501360058784485
0.4545195400714874
0.4555289149284363
0.4662496745586395
0.48574399948120117
0.5022987723350525
0.508294939994812
0.5032411217689514
0.5131078362464905
0.5039578080177307
0.49361276626586914
0.49414730072021484
0.4652272164821625
0.46455031633377075
0.46090614795684814
0.454283744096756
0.4509463608264923
0.4467104375362396
0.43358999490737915
0.4332417845726013
0.4397016763687134
0.43510180711746216
0.432632178068161
0.4382389783859253
0.4327603578567505
0.4300188720226288
0.4284263253211975
0.4328519105911255
0.44817712903022766
0.4630676209926605
0.48132577538490295
0.496284544467926
0.5007611513137817
0.4871883988380432
0.47072991728782654
0.4540894627571106
0.4444054961204529
0.4436817765235901
0.4533542990684509
0.4733292758464813
0.4764730930328369
0.46807098388671875
0.46325814723968506
0.4676596522331238
0.47881758213043213
0.4716414213180542
0.46733829379081726
0.45903855562210083
0.4513760507106781
0.4473586976528168
0.4433839023113251
0.4474678337574005
0.45755454897880554
0.4689476788043976
0.5001126527786255
0.5329158306121826
0.5380387306213379
0.5454002618789673
0.5313796997070312
0.5267327427864075
0.5303317308425903
0.5218260884284973
0.5304034948348999
0.5365806818008423
0.5545711517333984
0.5453711152076721
0.538027286529541
0.5327561497688293
0.5323443412780762
0.5338401794433594
0.5374109745025635
0.5422369837760925
0.5440685749053955
0.5449537634849548
0.5437827110290527
0.5440400838851929
0.5386117100715637
0.5284237861633301
0.5285320281982422
0.5243405103683472
0.5355249643325806
0.5395787358283997
0.554664134979248
0.542393147945404
0.5347181558609009
0.5444547533988953
0.5603431463241577
0.5695380568504333
0.573577880859375
0.5743581652641296
0.5781176090240479
0.5810704827308655
0.5785300135612488
0.5925746560096741
0.5978139042854309
0.5978434681892395
0.594425618648529
0.5927467942237854
0.5905190110206604
0.586010754108429
0.5820506811141968
0.5628189444541931
0.5396256446838379
0.5306106209754944
0.5204282999038696
0.5327156186103821
0.5485885143280029
0.5665012001991272
0.5799725651741028
0.5944095849990845
0.6111769080162048
0.6224817037582397
0.6146999597549438
0.6121568083763123
0.6087446808815002
0.6056480407714844
0.6073763370513916
0.6083397269248962
0.6084967255592346
0.6116803288459778
0.6135827898979187
0.6172478199005127
0.6160444021224976
0.6154337525367737
0.6214383840560913
0.5882362723350525
0.563858687877655
0.5462468862533569
0.5350551009178162
0.5295752286911011
0.5430717468261719
0.5538524389266968
0.5650793313980103
0.5768398642539978
0.5800331830978394
0.5686625838279724
0.5594276189804077
0.5618916153907776
0.5719899535179138
0.5680567026138306
0.5663692355155945
0.5712625980377197
0.5732952952384949
0.5727033019065857
0.5822443962097168
0.5828608274459839
0.5730893015861511
0.5631504058837891
0.5657199621200562
0.5728033781051636
0.5841081142425537
0.5699782967567444
0.5715203285217285
0.5550433993339539
0.5418511629104614
0.548996090888977
0.5588654279708862
0.5574117302894592
0.5487712621688843
0.5512099266052246
0.5497573018074036
0.5386114716529846
0.540734052658081
0.5404722690582275
0.5439558029174805
0.5615528225898743
0.5569596886634827
0.5551709532737732
0.5519371032714844
0.542244017124176
0.5219236016273499
0.519917368888855
0.533019483089447
0.5516483187675476
0.5623685121536255
0.5706012845039368
0.5766575932502747
0.5729112029075623
0.5581135153770447
0.555482804775238
0.5576208233833313
0.5531830787658691
0.5455466508865356
0.5408984422683716
0.5377140641212463
0.5420123934745789
0.5484474301338196
0.5504013895988464
0.5517778992652893
0.5523821115493774
0.5470320582389832
0.5529168248176575
0.5550117492675781
0.5518853068351746
0.5428310632705688
0.5394347310066223
0.5496957898139954
0.5679028630256653
0.5956403017044067
0.6089658141136169
0.6188294291496277
0.6091839075088501
0.5807345509529114
0.5635765194892883
0.5449042916297913
0.5357847809791565
0.5267471671104431
0.5277112722396851
0.542852520942688
0.549429178237915
0.5483867526054382
0.549001157283783
0.5454691648483276
0.547257125377655
0.533263623714447
0.533892810344696
0.5350475907325745
0.5356718897819519
0.533179759979248
0.5289553999900818
0.5264139175415039
0.539110541343689
0.5528850555419922
0.5712119936943054
0.578766942024231
0.5854063630104065
0.5672429800033569
0.558699369430542
0.5490537285804749
0.5388478636741638
0.5348361134529114
0.5460266470909119
0.5629692673683167
0.5602513551712036
0.5552443861961365
0.5529604554176331
0.5554860830307007
0.5663166642189026
0.5707130432128906
0.5718811750411987
0.5725313425064087
0.574832022190094
0.5697908997535706
0.5701528191566467
0.5749402046203613
0.54952472448349
0.5357928276062012
0.5356250405311584
0.5393296480178833
0.5393343567848206
0.5512035489082336
0.5480393171310425
0.551205575466156
0.553399920463562
0.5604696869850159
0.5650198459625244
0.5673195123672485
0.565073549747467
0.566455066204071
0.5777098536491394
0.5789321660995483
0.5812965631484985
0.5861114859580994
0.5891473889350891
0.5889007449150085
0.589951753616333
0.5851106643676758
0.58223557472229
0.5819901823997498
0.5588876008987427
0.5410796403884888
0.5348020792007446
0.5303362607955933
0.5400941967964172
0.5594409704208374
0.5834981799125671
0.6103712916374207
0.6370177865028381
0.6444140672683716
0.6610952019691467
0.656818151473999
0.6506714224815369
0.6454059481620789
0.6402509212493896
0.6390771269798279
0.6375629901885986
0.6363102793693542
0.6376692056655884
0.6411823034286499
0.644662618637085
0.644329309463501
0.6482347846031189
0.6561328172683716
0.646744430065155
0.6343648433685303
0.6190854907035828
0.5985099673271179
0.5964022278785706
0.609678328037262
0.6231828927993774
0.6328138709068298
0.6401728391647339
0.6454458236694336
0.6396380662918091
0.6278927326202393
0.6161815524101257
0.6141529083251953
0.6186267137527466
0.6163544058799744
0.6140769124031067
0.6121935248374939
0.6121248006820679
0.6130899786949158
0.6132503151893616
0.6118143796920776
0.6131828427314758
0.6275153756141663
0.6255917549133301
0.6212742328643799
0.6267976760864258
0.6233031749725342
0.6211119890213013
0.6117298603057861
0.6129605174064636
0.6121104955673218
0.613112211227417
0.6141784191131592
0.6116697788238525
0.6137312054634094
0.6059198379516602
0.601046085357666
0.5983858704566956
0.5958737730979919
0.5915937423706055
0.5865915417671204
0.5870843529701233
0.5872802734375
0.5847564339637756
0.5822758674621582
0.5827773213386536
0.5901404023170471
0.601220428943634
0.6220641732215881
0.6484482288360596
0.6590630412101746
0.6447102427482605
0.6306905150413513
0.628078043460846
0.6249973773956299
0.6296908855438232
0.6331784129142761
0.6301455497741699
0.6328791975975037
0.618219792842865
0.6119207143783569
0.6075642108917236
0.6080847978591919
0.6110186576843262
0.6112658977508545
0.6147488355636597
0.612628698348999
0.6105823516845703
0.6079895496368408
0.6108906865119934
0.6259858012199402
0.6446599960327148
0.680867075920105
0.6947187185287476
0.6897319555282593
0.6726948022842407
0.6468302607536316
0.6173579096794128
0.5881127715110779
0.564007580280304
0.5544577836990356
0.5506097674369812
0.5646089911460876
0.5633687376976013
0.5601756572723389
0.5608201026916504
0.56312495470047
0.5640694499015808
0.5606604218482971
0.561944305896759
0.5653318762779236
0.5639535784721375
0.5624163746833801
0.5637379884719849
0.5657069087028503
0.5810331702232361
0.6038348078727722
0.6207442283630371
0.6331360936164856
0.6541631817817688
0.6417912840843201
0.6294775605201721
0.611777126789093
0.6094784140586853
0.6100428104400635
0.6198292970657349
0.630203902721405
0.6261149048805237
0.6165626049041748
0.6139065623283386
0.6130955219268799
0.6156430840492249
0.6190569400787354
0.6210739016532898
0.6219008564949036
0.6321173906326294
0.6191871762275696
0.6167227029800415
0.6159186363220215
0.612285852432251
0.6109390258789062
0.6022241115570068
0.6176178455352783
0.6449481248855591
0.6627474427223206
0.6808451414108276
0.6908203959465027
0.7051121592521667
0.7278251647949219
0.7414017915725708
0.7624225616455078
0.7808912396430969
0.7684944272041321
0.7712771892547607
0.7837204337120056
0.7951637506484985
0.8006592392921448
0.7970524430274963
0.7940001487731934
0.7917476892471313
0.7870240211486816
0.7832684516906738
0.7797324657440186
0.7577251195907593
0.7283769845962524
0.7128814458847046
0.7137224078178406
0.7146176099777222
0.7351124286651611
0.7578944563865662
0.7783828973770142
0.7914632558822632
0.7882786989212036
0.7926381230354309
0.7987282872200012
0.7953585982322693
0.7866451740264893
0.7865673303604126
0.789365291595459
0.7778171896934509
0.7760763764381409
0.7746878862380981
0.7759585380554199
0.7807586193084717
0.7833074331283569
0.7834872603416443
0.7934874296188354
0.78104168176651
0.755553662776947
0.7349165081977844
0.7197962403297424
0.711083710193634
0.716945469379425
0.7208111882209778
0.7238690853118896
0.7281693816184998
0.7274841666221619
0.7234396934509277
0.7112976908683777
0.7101094126701355
0.7130908966064453
0.7141768336296082
0.7145416140556335
0.7159935235977173
0.7164300680160522
0.7137930393218994
0.709663987159729
0.7065900564193726
0.7085646390914917
0.7128334641456604
0.7230551242828369
0.7178160548210144
0.7057263255119324
0.702185869216919
0.6908349990844727
0.684493899345398
0.6800979375839233
0.6727550625801086
0.664754331111908
0.6639305353164673
0.6760875582695007
0.667746365070343
0.6693096160888672
0.6663817167282104
0.6816797256469727
0.6968652606010437
0.6949805617332458
0.6954239010810852
0.6905031204223633
0.6881182193756104
0.6843510866165161
0.6795614361763
0.6756293177604675
0.6735696792602539
0.684371292591095
0.6780006885528564
0.6672942042350769
0.6613583564758301
0.650191605091095
0.6438986659049988
0.6357395648956299
0.6207775473594666
0.6049405932426453
0.5875698924064636
0.5700504183769226
0.5591530203819275
0.5472621321678162
0.5461739301681519
0.5466681122779846
0.5436217784881592
0.5468365550041199
0.5473783612251282
0.5437609553337097
0.5391644239425659
0.5361413955688477
0.5352281928062439
0.5377304553985596
0.5383143424987793
0.54246985912323
0.5434688329696655
0.5479217171669006
0.5494633316993713
0.555637538433075
0.5558158755302429
0.5482179522514343
0.5330298542976379
0.5191219449043274
0.5100186467170715
0.5086057782173157
0.5194656252861023
0.532489001750946
0.5299991965293884
0.5220704674720764
0.5217267870903015
0.5222312808036804
0.5225140452384949
0.5249227285385132
0.5305743217468262
0.5380043387413025
0.5293737053871155
0.5259500741958618
0.5241817235946655
0.5268651843070984
0.5326794385910034
0.5386620759963989
0.5379884839057922
0.5482552647590637
0.5567246079444885
0.5621447563171387
0.5595955848693848
0.5594220757484436
0.5677115321159363
0.5708437561988831
0.5738024711608887
0.5806692242622375
0.5887386202812195
0.5843069553375244
0.5886073708534241
0.5855875015258789
0.5867777466773987
0.5891930460929871
0.5924944877624512
0.5951241254806519
0.5921772718429565
0.5855224132537842
0.5816336870193481
0.5789602398872375
0.5674947500228882
0.561771810054779
0.5720920562744141
0.5839214324951172
0.5921640396118164
0.5916516780853271
0.5772809386253357
0.5654796361923218
0.5682879686355591
0.5691801309585571
0.5797305107116699
0.5808731913566589
0.5703697800636292
0.5709443092346191
0.5880388617515564
0.6000994443893433
0.6010147333145142
0.6035657525062561
0.5998741984367371
0.5969299077987671
0.5943780541419983
0.5972393751144409
0.5992652177810669
0.5956994891166687
0.576898455619812
0.5539258718490601
0.549219012260437
0.548794686794281
0.5495774149894714
0.5563596487045288
0.5614031553268433
0.5697870850563049
0.5843265652656555
0.5943317413330078
0.5979344248771667
0.5859512686729431
0.5763778686523438
0.5700145363807678
0.571183443069458
0.5697731971740723
0.5653529167175293
0.5643846392631531
0.5651211142539978
0.5682637095451355
0.5714948773384094
0.5747532844543457
0.5826283693313599
0.5859715342521667
0.565204918384552
0.5482820868492126
0.5337340235710144
0.5208221673965454
0.5238480567932129
0.524474561214447
0.5314362645149231
0.5403515100479126
0.5505063533782959
0.5462303757667542
0.5440351963043213
0.5289202332496643
0.5157740712165833
0.5145636200904846
0.5177414417266846
