54.68401981622676, 57.455293143527385, 58.26825624384795, 59.09665201750161, 59.83032957569396, 60.07055776616138, 60.407304628337705, 61.53471374805391, 61.71810379706838, 62.775207617639325, 1.0460606813430786, 0.6786040663719177
51.9790490216616, 52.20026838299072, 53.306828490376915, 57.17048933648901, 58.45518613232068, 62.44413575543399, 66.58747080428319, 67.28208026268547, 72.9712488340217, 73.19624020905016, 0.6337717175483704, 0.7763698697090149
50.50342715715643, 55.52743909119517, 58.44825410351365, 60.3240554247433, 63.55077741061852, 63.74249301125415, 65.14164436786359, 65.24208500561787, 66.04236562687723, 68.59193481685915, 0.15318699181079865, 0.16202621161937714
50.112195889765054, 55.8193338621669, 57.29271631718773, 58.72829324141227, 58.885899090744104, 59.9796167559328, 60.5009464868432, 61.46078344577632, 64.09820672840061, 66.15330428783581, 0.6433746814727783, 0.33588236570358276
51.96287112953641, 54.77689170709658, 57.55671257877345, 61.06038089925743, 64.15491221418331, 66.93204563359456, 72.69167787569864, 75.8669743086103, 81.09086544691414, 81.81207343944376, 0.47936445474624634, 0.39257606863975525
48.66574762046606, 50.43093547198068, 52.48096644540451, 55.45034218148603, 60.59987605664993, 62.95212609007724, 68.18354915263795, 69.4037713447209, 70.38272150501274, 70.51566597678784, 0.18400762975215912, 0.14130473136901855
65.85809917200194, 68.2901160545813, 68.29567489573765, 68.33776913000618, 69.9902425776601, 70.38478941407462, 71.87939182359555, 73.03293784456744, 74.18506487790364, 74.26405731536121, 0.24921445548534393, 0.3886801302433014
77.08609162554636, 78.45833316162899, 78.4646488806871, 78.56936368926715, 78.79672449732016, 80.38182567943106, 80.90459734446715, 81.1634450151098, 81.54785814495527, 81.72188417826708, 0.4987226128578186, 0.4241998791694641
55.95443137813834, 57.41142031701681, 59.82482842915747, 62.89293646731769, 62.995874204622226, 63.11933477879991, 63.853867969289176, 64.14042820525796, 67.36217224816187, 67.54273863714555, 0.18855325877666473, 0.17694954574108124
57.13312305009357, 58.06101717607821, 60.771499624953876, 63.16000469570673, 63.636982866915034, 63.75501196862596, 64.51623253101315, 66.3426958446088, 67.40530735326575, 67.42207602889175, 0.5697970390319824, 0.38409170508384705
56.11098097805303, 57.20379038645401, 57.82543393759485, 62.345304315603286, 63.00906621268075, 63.09144048120638, 63.472734446066696, 63.981866208255816, 65.55230711265477, 65.6841352006094, 0.6483657956123352, 0.4138508439064026
55.560901729687316, 57.13452343668036, 59.06398936665206, 59.4135434758762, 60.6118337545439, 61.40438597688371, 61.785147042316815, 62.25143937793029, 64.34241889991166, 64.97575477076501, 0.13662607967853546, 0.1498531997203827
54.71840505621792, 57.02940014682336, 57.28006654054702, 57.92299164800121, 61.78640446985784, 62.62967577458142, 63.52098274153834, 63.69628439053313, 63.913751128096884, 65.42147138976249, 0.7463961839675903, 0.500145435333252
56.700067769818105, 56.915941675841985, 58.98872438700479, 59.88937758325487, 60.04379846760437, 60.77582603651681, 62.15190047213916, 62.29285801676253, 62.995628662716776, 63.114756352745346, 0.44694966077804565, 0.42209941148757935
53.2801388665446, 54.462276795083035, 55.570098946270264, 55.83287664720942, 56.856725155927414, 57.205150768706034, 57.53437809914004, 61.73350790284248, 62.114345622589695, 63.53328401520264, 0.16104750335216522, 0.17727051675319672
48.19424627382689, 48.56781712552537, 50.04813096170572, 54.63185360013994, 56.56014655746631, 57.72546482577121, 59.210698246055536, 62.05255880278651, 62.358183050109965, 62.935112230749226, 0.2091996669769287, 0.42717862129211426
69.05407522295887, 69.14178539831971, 69.46672112602307, 69.87808191875729, 70.10109843151702, 70.20402578193325, 73.32934905572674, 73.43992650440896, 74.36627293582708, 74.36813654577757, 1.246167540550232, 0.484819620847702
72.00901954566258, 72.3377564560564, 73.02554703981694, 73.27149681938171, 73.81411120343232, 73.86793051461827, 74.02146336830789, 74.46364042249407, 75.61938702785315, 76.45068083577165, 0.28157076239585876, 0.1475866734981537
70.65458071717849, 71.66908897040979, 72.96195566155433, 73.15782548270452, 73.42203669610433, 73.81653225977273, 74.56313019424555, 74.74349969505016, 74.94880106791192, 75.29741781345129, 0.9178846478462219, 0.48264428973197937
60.942494568871545, 61.31293008408145, 63.68052939495054, 66.03581919619695, 67.43931420866745, 67.54973670095237, 67.6221843833836, 67.83300733980558, 68.95787048537566, 69.03115637204338, 0.5441329479217529, 0.46598514914512634
44.55037413996726, 45.76978907388857, 50.123584588100755, 51.80872249551558, 57.37059338995923, 59.805427753689756, 60.65414036750304, 60.89271485702703, 61.697693309118115, 61.99624734274541, 0.14498895406723022, 0.15593688189983368
40.45586107669074, 42.18418038093778, 45.53739007427695, 49.00393642318196, 53.624833709805756, 58.78444565086693, 59.552512452040986, 60.29822027982878, 61.15901607877489, 62.47510450592236, 1.006078839302063, 0.21848280727863312
77.59367924920434, 77.97235448090761, 79.58688191384505, 80.08549073528883, 81.90693234359729, 84.23094891251421, 85.83756268920848, 89.0335141534725, 90.47506523616734, 94.30842632863167, 0.7513028979301453, 1.150780439376831
106.64660754955658, 111.05874204857821, 115.40259987467692, 119.73835619188183, 124.117999868585, 128.24182155058628, 129.43943692224772, 129.60776438165126, 129.61545664041827, 129.7864362006725, 0.14193379878997803, 0.3108258545398712
29.702467362001112, 31.157972467474902, 32.60568752204008, 34.05735358607154, 35.517740636624865, 36.989366847143145, 38.46045784260344, 39.97468804852648, 41.55486724513033, 43.217495837881884, 2.3226406574249268, 0.11538896709680557
119.55143251033435, 119.6640290750034, 119.93191023365598, 120.01491610134701, 120.06758641639621, 120.32651733982637, 120.62383176917493, 120.97923801899124, 121.17917995556519, 121.34673959726535, 2.2771081924438477, 0.4916754364967346
49.79584909773152, 50.7900490222955, 53.324536126647274, 56.469538328976654, 57.89010583838512, 58.06843243860638, 59.21114928407363, 61.302887550135615, 62.20681040277076, 63.80076087544679, 0.29539889097213745, 0.13389374315738678
41.38659487641295, 43.304719391377255, 44.55743365120383, 44.874820134199894, 46.43364175507147, 47.01100365500705, 49.96165921816423, 52.01773899111002, 52.11581844922958, 53.80611527226782, 0.6483553647994995, 0.5440976023674011
57.40112589776284, 58.034001999366076, 61.6168441490063, 62.04923122317246, 65.81545881270416, 67.05890777954916, 69.50981076281586, 70.64005769484541, 71.56825760571344, 72.32676858394672, 0.5871722102165222, 0.39512547850608826
38.399868231366845, 38.62833991319123, 43.98791593418841, 45.09650386365684, 46.01728066652186, 47.25144706822318, 48.62909020100546, 52.15538425271381, 54.56458628935828, 55.40229894078751, 0.17642845213413239, 0.13846206665039062
37.75029808213606, 38.34282987894235, 38.477689285697956, 42.63318781705036, 43.15908222505167, 44.368858972407565, 45.49504591220544, 47.8975681842066, 48.82094029723771, 49.995531747874914, 0.22318188846111298, 0.5640151500701904
50.16977125957755, 51.154084928151214, 54.09679296676181, 54.14874910578922, 59.6007778797039, 61.21409398310524, 66.51128833208283, 69.71131419458608, 70.41313845832659, 71.440405395991, 0.17968757450580597, 1.0185520648956299
60.06588347716535, 60.3074911154089, 61.399398486704975, 61.42501572211794, 62.25672033101909, 63.34237051080649, 65.67509990315085, 66.77349250820096, 70.82611266437645, 70.9952468441264, 0.16475912928581238, 0.2802461087703705
60.05476149155783, 60.69578330037008, 61.12375204587893, 61.308141294107735, 62.62493455119934, 63.593311920902245, 65.9165631492036, 66.56392541858088, 70.05366322988489, 71.8519492969848, 0.6833692193031311, 0.9699680209159851
62.73338256016757, 62.964671098265136, 65.05567889137018, 66.15386665186745, 68.8834088692952, 71.16447993558984, 72.84833365243767, 73.08578052677427, 73.15003988531528, 74.8162117576425, 0.9696294665336609, 0.2958390712738037
63.0064779996262, 64.79352819900137, 66.18695079114093, 66.80638733894064, 67.19804431685104, 68.79479731264082, 70.1802225124454, 71.07469876072268, 71.28368124536777, 74.63656564362579, 0.4557274878025055, 0.16174690425395966
63.61918036095049, 64.31319388409305, 64.54325714732512, 65.75501924864173, 66.30228518724317, 67.66740572805813, 67.76525279669723, 68.56166997738038, 69.077754124577, 69.76356823982046, 1.0525362491607666, 0.6532207727432251
58.91720137775964, 59.546005548491515, 62.37853369730006, 63.79274037513749, 69.24050676214003, 69.7278671224356, 77.10198677511455, 77.65405634974006, 80.48987327439905, 81.6731873159459, 1.6443803310394287, 0.4788254201412201
48.74217723758693, 50.137582916893514, 50.225097622074934, 52.1977209549439, 52.56479799101953, 52.89984058166737, 56.05250138755406, 59.02921758597487, 59.97620841244939, 60.068940897880836, 0.1694437712430954, 0.21438990533351898
44.391587494344996, 46.601292754257955, 47.07345660195041, 48.98150409127005, 49.32403902121701, 50.02934500011833, 53.29819886932321, 56.1772021661917, 56.65446155472265, 57.08459241231979, 0.5660690665245056, 0.3559160530567169
52.772206044182305, 53.851187084779966, 56.617781450791696, 57.958159919099025, 58.61307529437504, 59.30148357610787, 59.782765562250745, 63.78029976625519, 64.3028419398982, 64.55426708797962, 0.4361881613731384, 0.31378787755966187
59.691248305857115, 60.07137763993747, 60.619682067067096, 60.661755848028825, 60.900785614901544, 61.43585050084844, 61.9185160361193, 64.02500894991039, 64.10835759779238, 64.52907901746957, 0.27148914337158203, 0.21022000908851624
52.39227703736676, 52.52074375193868, 55.300005338287896, 56.95245856546492, 57.294627773525725, 58.040857356799705, 58.75612327493406, 59.692351067305616, 60.07972988773075, 61.7804692800764, 0.278341680765152, 0.4309280514717102
75.93935188993349, 77.46375414287576, 78.21190968069696, 80.37903903141445, 80.67106758519503, 84.10097705991845, 84.66655459021958, 89.80614697836977, 89.98793311938365, 96.567598593526, 0.5048073530197144, 0.14838403463363647
79.62294617600264, 79.62746944150227, 80.46133464504129, 81.01634059525115, 81.39652132185941, 81.64093051211657, 82.5104002617176, 83.28576542547373, 84.7104290066536, 85.32091635897815, 0.2869022786617279, 0.11960240453481674
80.510645377815, 80.67007354154373, 80.81491400708241, 80.84559723259343, 80.95004578711603, 81.1440485971962, 82.39940618374946, 82.46510132335115, 83.95242380471564, 84.33511040924802, 0.5013394951820374, 0.4636790454387665
71.14590283539921, 71.4746881926655, 72.69892785777901, 73.22191777403346, 74.80732253617465, 75.52400126504767, 76.89573694286823, 79.94621546575198, 80.22079940013803, 82.89598994560596, 0.411258339881897, 0.9693920016288757
52.33574667322021, 52.45489293651599, 53.34081330951741, 56.364109568258584, 56.39903578614089, 61.815591104788766, 61.97156660537445, 67.21766207232406, 67.67813615475158, 67.78659656602612, 0.2231442779302597, 0.18606995046138763
55.977224637138065, 56.675971523074836, 58.39990138785405, 58.56803004923981, 61.539348837130305, 63.44516296150744, 66.18872172692099, 66.46557161530588, 67.34419169413805, 67.76468146637812, 0.758192777633667, 0.7330612540245056
56.014584837665375, 56.50825759602688, 59.20902803205013, 59.77082664732696, 63.76047985480869, 65.94962768020554, 70.02916155645806, 71.29845895871645, 72.23756957772666, 72.42565430223274, 1.1376773118972778, 0.6995882391929626
51.05659313508374, 53.45086716538892, 54.148928073155965, 57.723448196098914, 57.88429711385652, 59.41286996013894, 60.40102747139125, 60.8001813981715, 60.85615330122474, 64.4350360124809, 0.2438897043466568, 0.31347811222076416
45.01341318058717, 45.97716328572114, 49.176272087964236, 52.78780055358671, 55.53482945546658, 56.1073771493313, 57.42021265727917, 57.42647395886836, 59.871798599800314, 61.425607192096244, 0.41430550813674927, 0.8704409003257751
75.09699880807186, 75.78081035054169, 76.47319531869202, 77.71839679509003, 79.3387965886155, 80.04883882298417, 80.06409700457796, 80.07361573252173, 80.77225118200762, 82.23767391520073, 0.5216994285583496, 0.8093580603599548
65.86640187337044, 65.96704399524671, 68.9725206098565, 69.31659365297827, 70.12651854431337, 70.24599375610656, 70.625854892474, 71.02426049517432, 71.40528528974312, 71.51169172345362, 0.1940145343542099, 0.26973679661750793
68.57600176925142, 68.80711985501334, 69.010264357477, 70.10562018015105, 70.21139107173326, 70.44068669463552, 70.44329903921765, 71.20541747339244, 71.67561619578547, 71.85330162117094, 0.9685705304145813, 0.6668485999107361
70.19816852456009, 70.66956168035514, 71.2244793201757, 71.3847199510606, 71.51030210306702, 71.65191180151973, 73.19598613388646, 73.42446549849194, 74.02490730809546, 75.29493237218124, 1.1494916677474976, 0.5428791046142578
57.8678449294595, 58.491355083611396, 59.13640151954502, 60.73965744096101, 62.36712166227031, 65.97562614985226, 66.57401850291274, 66.60431785891737, 66.79084623952778, 67.6830111536115, 0.27207115292549133, 0.1816967874765396
54.5646400235074, 55.256602811467445, 56.096809385970076, 58.50917364316291, 59.303907414869265, 64.34993235691867, 64.74237417320869, 65.32196443682575, 65.6219617301996, 65.77158699294337, 0.22433428466320038, 0.8398759961128235
59.78304377655993, 59.938576790638116, 61.26184865126474, 61.58875983738899, 63.96682787698259, 64.15182275480804, 64.1548488284359, 65.2793086493276, 65.32337141501293, 65.40920720403197, 0.2355498969554901, 0.5405479669570923
45.05664078148411, 45.45225191954523, 46.66658147670892, 48.09948451155372, 49.9337589225205, 53.399459984341206, 55.098106157148926, 55.881647040845586, 57.10844189635521, 58.422986411336886, 0.24922877550125122, 0.18247467279434204
45.29172204005419, 45.668090477206384, 45.874632291537594, 46.78236174706458, 51.47458200795022, 52.99586665745746, 54.72380974773725, 56.217702620622894, 57.73886977888081, 57.899885499467004, 0.17131638526916504, 0.8479344248771667
57.47487008784746, 57.58049638277863, 57.897529877541665, 58.44394543020931, 59.437592301809396, 61.76913863940844, 61.98164829970431, 64.10477921544354, 64.64307832969486, 67.13781039957931, 0.1081809252500534, 0.21062226593494415
57.454789043247956, 57.788304900729806, 57.971136985046634, 58.20627515011883, 59.78160695044575, 60.26200052699057, 61.4718629919734, 61.672307755428655, 63.47164174348349, 63.760413941914166, 0.3777908384799957, 0.21952663362026215
60.53978664928776, 61.586239947813866, 61.652994675565985, 62.86479853744676, 63.08586054314864, 63.5054374187491, 64.92768537797166, 65.10840179175923, 66.92116200826388, 66.9701686422516, 0.27395495772361755, 0.14874093234539032
59.31669086548266, 59.35460357210606, 59.511033047560964, 59.51374403235549, 60.98507400837583, 61.566382003073734, 61.8007259976018, 62.859796540881284, 64.11610562120464, 64.84382637424069, 0.1741866171360016, 0.16557379066944122
43.7616101545845, 43.910763464938654, 44.25640505080038, 45.77282255743766, 47.00325688076282, 47.857193151404104, 49.7622616328603, 52.13876564145621, 52.14168699791725, 55.206713217644676, 0.18152333796024323, 0.230601504445076
45.152783126856576, 46.406054883119864, 46.56373494141, 48.11358970556716, 48.936367860807536, 50.19784453513563, 50.649720116993855, 52.95362434666492, 53.338708303781516, 55.07774776603698, 0.2515450716018677, 0.15327142179012299
53.92311374094676, 54.375470249753064, 54.584150848458115, 55.465536562606005, 56.34340325391206, 59.42056726314581, 60.00085523039148, 60.43838409700942, 60.60344502158464, 60.79403268975614, 0.3672092854976654, 0.44539767503738403
53.44508511363337, 54.11280450733785, 54.187217502141046, 54.53989028280925, 55.175758884292236, 56.421647463666254, 56.44977697918199, 57.60285347135175, 57.67349735100637, 58.01637150136485, 0.22537226974964142, 0.2226852923631668
53.1528853861277, 53.78136001487395, 54.597932177798576, 55.48447299009217, 56.068273225503376, 56.187204563225364, 56.28882691338978, 57.49920840992528, 57.694362533655166, 58.88598726568101, 0.2173835188150406, 0.1651482880115509
53.13333948324307, 53.51503425795717, 54.491557182011036, 54.98794267497327, 55.05564206713831, 55.357180850364536, 55.48760845041041, 55.93891448087116, 56.318730449551325, 56.37699594054981, 0.12760059535503387, 0.19327810406684875
43.47347403656096, 44.36514240235208, 44.36596256278687, 45.3815355742048, 45.52806102321969, 46.88087941189159, 47.41186045552415, 47.50307419536534, 49.162104116154296, 49.67932185537094, 0.1666739284992218, 0.33804410696029663
48.85623552431145, 49.059530816598766, 49.60963393286893, 50.115998663272656, 50.143976186235776, 50.95376737058092, 51.68482512088156, 52.48920465910447, 53.047209982968894, 53.2369893385042, 0.10560471564531326, 0.2342807501554489
46.32153310539302, 46.34797750836523, 46.72373983344629, 47.34170059423703, 47.70227151629528, 48.536686981280674, 49.148472301781005, 49.609496466554646, 50.45222375420611, 51.71920933317161, 0.16946199536323547, 0.16767005622386932
38.29852305257299, 38.70952140427278, 39.35892431840439, 40.71938924144495, 41.24265626596273, 41.87071353957878, 41.951631795809554, 42.38670084915239, 42.51877034827354, 42.533000287197034, 0.3021871745586395, 0.25983715057373047
41.096486375260525, 41.60221879447717, 41.641811867038996, 42.55545342910869, 42.778478837029496, 44.00365612522588, 44.19037236887768, 45.61629989828116, 46.54772129456798, 47.13283591942342, 0.3305642604827881, 0.12020289897918701
53.23088095329163, 54.15198788204892, 55.53575158532993, 55.70356086378475, 55.96690107306312, 56.362140329062704, 56.488189673158566, 56.557494197862376, 56.62205307426416, 56.67228870031745, 0.6111615896224976, 0.1394478976726532
50.0659275459871, 50.846257191232866, 52.85984044634914, 54.595285103800336, 55.31722365301715, 58.56558953115395, 60.13626002831029, 61.132678806301236, 61.28499909360984, 61.91789897855629, 0.452354371547699, 0.18601101636886597
48.01247815759089, 49.46975824058086, 51.690276454624794, 53.238567583661045, 54.57547919681575, 56.74462057696296, 60.6077403300607, 62.217173538349094, 62.6134788558722, 62.6902700967991, 0.4605919122695923, 0.20661576092243195
59.41119416317076, 59.49735993828794, 61.41093555223008, 62.95541249707224, 63.26928203486026, 63.50866943344192, 64.26985748522407, 64.87296850355011, 64.92751897708877, 65.69751566585137, 0.37892627716064453, 0.20985952019691467
61.66821846750198, 61.9257545030167, 63.19498206758553, 63.693192582069116, 64.25863755494291, 64.73842786043106, 64.86804556800963, 64.98120900634669, 66.17464934519651, 66.61449377752447, 0.444867342710495, 0.25021395087242126
50.91588365380862, 52.077164618649924, 52.14105141748174, 53.6335573365181, 55.20391555393486, 56.15400689745273, 57.555436104270576, 58.979720506962984, 60.83921660665005, 61.75695081944388, 0.37464743852615356, 0.22421462833881378
54.633487697623245, 56.18419169311737, 57.48027392048446, 57.52631432219257, 58.290980048970134, 61.40417686109108, 61.63411931488431, 62.01786326407944, 62.17583097686569, 62.95922288976091, 0.35666924715042114, 0.23701158165931702
57.476952872763384, 58.40959875387656, 59.25555310208426, 59.29831741740457, 60.82258331055677, 61.79189212616175, 62.494430874556684, 62.544353471006424, 62.80287698988576, 63.54184006240286, 0.4627276659011841, 0.29278919100761414
49.055664338549015, 51.269033662822956, 52.84649807044, 52.95472329611229, 55.41835531979718, 55.778741326960805, 58.80983252586157, 61.24512592733859, 64.4730284839267, 65.33538293663932, 0.18714478611946106, 0.3114475905895233
48.78502309942895, 49.94988788180947, 51.73606930165408, 53.235992333002486, 54.28220445007256, 55.0356026715879, 59.49475951663445, 59.60555932289881, 60.86781877679996, 65.79138315602088, 0.3108610510826111, 0.3124781847000122
49.4081681247078, 50.91797348060016, 52.211074813141124, 52.750037025530624, 53.2345048748909, 54.78473790112848, 57.768272034659134, 58.98419128953272, 60.16731187512962, 60.34353890339021, 0.3127778172492981, 0.3035673201084137
52.823038467216946, 53.52280167859749, 53.63291737369924, 54.36213682500543, 54.72495732278745, 55.052313227792574, 55.23285523445118, 56.303027206507124, 56.39784908869415, 56.44210888544811, 0.5834838151931763, 0.1597241312265396
64.45503832078944, 64.87766145566704, 66.28562744078829, 66.86815469998822, 67.42694041804486, 67.42963058118694, 67.61289146741031, 68.10238443213034, 68.44581723602754, 69.903045065725, 0.8412775993347168, 0.2883005142211914
74.36439401105517, 74.40827743227996, 75.04839844834136, 75.51894892768945, 75.85492994606703, 78.30314744658868, 78.65898557249739, 78.86227868333356, 79.41047444945349, 79.71317768982168, 0.322807252407074, 0.37982550263404846
68.9403210225666, 69.0739562568373, 70.29293261413041, 70.36848798995491, 72.04124046227695, 72.80566977066584, 75.83417908180003, 76.84936710529993, 78.10377835489072, 78.26127249935818, 0.63381028175354, 0.3894823491573334
78.46600383792786, 78.97443444215246, 80.35956898970238, 81.39195966089467, 81.58485725792113, 81.78723627624458, 82.93282496548755, 83.37776628122047, 84.20556088479154, 85.55206970948689, 0.49976834654808044, 0.5175421833992004
67.62985945509166, 68.9938504984721, 69.40223557817644, 72.09100674382753, 73.27133682609495, 76.90231426290975, 79.03139309010176, 82.97867030835305, 85.5235837354771, 87.18662003103825, 0.5421959161758423, 0.2737245559692383
76.83847227384803, 77.79024061801893, 79.17948351399134, 81.3186341348636, 82.41593327363107, 85.92077711414285, 87.60251385466927, 92.1954768101836, 92.57933248731273, 93.1863817777751, 1.1862643957138062, 0.6069740653038025
82.14733077631523, 83.0401672923733, 84.82095198205997, 85.41429800698928, 88.75315849420564, 89.3589286661043, 89.54546056742568, 89.63758906882221, 89.8148731829343, 91.21855895721862, 0.8154787421226501, 0.3988788425922394
66.95987819396338, 68.28078453498954, 69.12411354806319, 70.6350298136416, 71.8970143423731, 72.20935815320843, 73.12695031114416, 73.22834851172857, 75.81226330914565, 78.43036967897447, 0.475570946931839, 0.38229653239250183
59.507740598678495, 61.45441262617987, 62.456029320407474, 65.50501326214848, 68.69842138499034, 72.15524332467325, 75.2208802815523, 76.1362168517026, 76.74718980127028, 77.88571746865662, 0.6102707386016846, 0.9314028024673462
48.58949138421376, 49.0227875962297, 53.643767520780465, 54.952286263916456, 60.13867195965272, 63.14754505139314, 67.70147278999411, 72.78176747356142, 72.9783809753399, 73.94494444447174, 0.569259524345398, 0.48146286606788635
44.176237524656415, 47.918778056903, 50.33505933190114, 55.33226281004534, 55.93815948503917, 62.08997497031734, 64.86576584408702, 70.22833490620151, 70.41677196595765, 71.89748933532209, 0.45776742696762085, 0.39759543538093567
44.177461006639554, 48.25260382733981, 49.61451177457723, 54.7790273389986, 56.397374680870215, 63.0457089166651, 63.93813069988502, 64.15180102691225, 65.45721176957196, 66.63906041002244, 0.6854986548423767, 0.6500551104545593
44.710982662343724, 48.59921130251912, 49.838565754784675, 49.8615686237625, 49.863999145205575, 53.40708591000809, 54.16822633939787, 55.43971305456974, 56.85928094664244, 61.45028594757422, 0.7682027220726013, 0.48914939165115356
43.9661500318302, 45.1973280780048, 48.36920420792786, 49.50265237536281, 50.53362238677105, 51.32607964996638, 54.68566099281855, 56.416462891023734, 56.783574334618976, 57.130411613682426, 0.2626008987426758, 0.40886345505714417
52.25222697324744, 52.92563977992481, 53.05188666042169, 53.45860205129977, 53.46230171943279, 55.32118374796549, 55.39457676971503, 55.56735715791306, 57.34233835747531, 58.16961974921312, 0.8796229362487793, 0.7575435638427734
51.33097921670514, 52.97743360538711, 53.27282732679933, 54.31894716335829, 54.43558179081893, 54.75766794828587, 58.43514029431191, 59.541036493693944, 59.80041433632468, 61.02520575651137, 1.9231458902359009, 0.5964249968528748
46.98673405526686, 48.71740551447042, 50.747258462928606, 51.514317793108944, 51.759276583126564, 52.336219170287904, 54.740629771557174, 55.3031255993634, 57.86600245067888, 58.85709383364163, 0.28268763422966003, 0.3774368166923523
42.04918352151819, 44.966810284670416, 45.395797086101936, 49.774574547255426, 53.08058272822591, 54.446267224764625, 54.66643316638424, 56.54016785362433, 57.25711128497829, 59.13388149475402, 0.28009429574012756, 0.8901740908622742
77.66013397164487, 77.68146973429998, 77.69990936004065, 78.1641405867961, 78.70739482712102, 79.24321319330917, 79.36196786724076, 79.58083317908219, 81.21135206915483, 82.10452480136217, 0.259004682302475, 0.9014145731925964
92.94592994906084, 93.65026076743787, 93.78622131939396, 94.57734609788234, 95.26609979588832, 95.31194437199703, 96.23061517708307, 96.79101700227913, 98.41789439287831, 98.74533928839334, 0.18471169471740723, 0.3960553705692291
91.17116561298272, 91.55508069605872, 92.16286423002963, 92.73680114808138, 93.34745683997491, 93.6590364908082, 93.88842138137791, 94.07915428629092, 94.86888174693941, 95.35635884264194, 0.21016694605350494, 0.5524668097496033
81.31861361595014, 81.5756340233308, 81.70525923961526, 82.07111334127531, 82.14817599242417, 82.21619954485391, 82.69190963449032, 82.80067650362737, 83.41251551974167, 83.82834934437065, 0.24231308698654175, 0.13566701114177704
39.36797294851985, 40.06189392112909, 40.507537422202326, 42.09919217238726, 42.1039496485437, 44.68063005576981, 45.026981370106576, 46.47427924162892, 49.27402964538121, 49.44621571877475, 0.20789264142513275, 0.13372258841991425
43.09659626638769, 43.489013103030366, 44.46460591986673, 45.00908193814555, 46.30475795303475, 47.27740714966108, 47.61338071933052, 49.64809324535641, 49.87137363478352, 52.11032835486726, 0.42016738653182983, 0.18380968272686005
46.518815125032035, 47.40453801732526, 48.66025997307991, 50.7689346426306, 51.055547718059245, 52.370434542057694, 52.685603804275075, 55.276648543292744, 55.785353067961445, 57.790997856805696, 0.21450930833816528, 0.15361376106739044
45.08279099505185, 45.54391976790567, 46.22687406285465, 47.1651569744623, 47.28705218597409, 48.45597073924213, 48.737573715682764, 48.80046862884742, 49.08067046411689, 51.3362820568378, 0.12576523423194885, 0.1428481936454773
45.79863874892965, 47.11567532916365, 47.223390945546875, 48.38426584099718, 48.457235436107375, 48.52072769145076, 49.04359411170124, 49.758187799480815, 49.96250517299004, 50.17014782233594, 0.45677652955055237, 0.2800665497779846
53.925068962802044, 54.20774915046162, 54.97206001705618, 55.8884984110302, 57.6539394994066, 58.80108811639431, 59.57722435021032, 59.69342783713467, 60.287304908890135, 61.13290734740112, 1.058404803276062, 0.1566312611103058
72.17959432231744, 72.5063782733978, 73.203042565941, 73.94389904800963, 74.25445332406112, 75.80180362874789, 79.04180081782859, 79.97354043134635, 80.13732934640926, 80.14530894109237, 0.5312113165855408, 0.157138854265213
85.47791308845306, 85.58210030258823, 86.42502782488891, 86.93466367624289, 87.04829131945475, 89.24290576606363, 91.16056268657563, 93.63256100907437, 93.91444517956417, 94.25736289429895, 0.3477894961833954, 0.3908153474330902
91.44456361336006, 91.60814317174895, 91.87424503030338, 92.68259862605943, 93.90976958302056, 94.83766813814815, 96.76056918548029, 97.65171922878713, 99.35517015972157, 100.01055612165487, 1.380079984664917, 0.1627877950668335
87.26845475496798, 87.80405426339611, 88.91045757770573, 89.13730873321474, 90.7498010046796, 91.03608197781205, 92.52612917186876, 93.44031466212634, 94.40288860207153, 95.1146508072594, 1.0114490985870361, 0.11691063642501831
72.03770570058262, 72.98429652490569, 73.59710955602921, 73.72551331488772, 73.91743542982053, 74.26260373460065, 74.79898415755962, 75.73275258333882, 75.88013398304271, 76.26967897666161, 0.8677752614021301, 0.37168729305267334
69.21417277343097, 69.60326814300416, 70.12020158870057, 70.29524254721711, 70.82988204436275, 70.88591809936742, 70.8922525299372, 71.92011707562668, 72.46556413115262, 72.47934294900274, 0.8559221029281616, 0.4570068418979645
56.76689885430843, 57.29694331628785, 57.55486857866351, 60.06809380041095, 60.397924108344085, 63.45496938548774, 64.00848208622072, 68.15255325741286, 69.1927352297238, 69.73876129751368, 0.49655020236968994, 0.16415970027446747
55.20575351988438, 55.40768186706759, 56.65510197423947, 58.03033913284929, 59.581106410942326, 61.128844809122846, 64.38359463760199, 65.93466689744686, 70.137410651942, 70.6184053561712, 0.27589207887649536, 0.35200148820877075
56.427234554580465, 57.350923217893474, 57.401866024678384, 58.86093541679236, 58.90725838429982, 59.260286733379445, 59.60513729110964, 60.724519558518004, 60.93184677954056, 62.35446843058585, 0.3099302053451538, 0.15728308260440826
48.3926058727817, 50.20389619712414, 50.718134549086265, 52.667331561410286, 52.85560165672829, 55.90413216095698, 56.58309951884932, 59.818488245637965, 59.83420449905526, 60.35731933335646, 0.1867343932390213, 0.19136416912078857
50.092586468224255, 50.31015404865279, 51.63615482065782, 52.466092118067195, 53.72075379539895, 55.78383736612304, 56.96796555972849, 59.52393092183569, 60.06724423336872, 61.44652429459101, 0.46256786584854126, 0.35739967226982117
70.81215617665826, 70.86045636543152, 71.42832204129537, 71.58251574360737, 71.65055200008311, 71.79832909769604, 72.41992855056279, 72.96572556086272, 73.08587884485837, 73.10713066722714, 0.36325347423553467, 0.541754961013794
73.42247672462688, 74.25462018885008, 74.27150536369004, 75.49499822062087, 76.13402925773308, 76.47983179259184, 76.62729610095847, 77.35290353509173, 78.04258392460879, 79.76113936112507, 0.28199249505996704, 0.30774131417274475
72.18098893419734, 72.4830476718715, 73.95182719641905, 73.96317780528574, 76.18843865938291, 76.76015912410479, 77.08994422435265, 77.1476585362267, 77.25787250341754, 79.26590328589955, 0.34273695945739746, 0.361879825592041
65.98284719944576, 66.79593994654867, 66.8566406931369, 69.7189148821071, 70.16996805096446, 71.29175486776856, 71.45509596819655, 72.99803562333615, 73.61608952864309, 73.67812790566359, 0.2945626676082611, 0.260078102350235
41.251373241645894, 43.56219756721861, 43.80084901715102, 47.29348858000969, 47.44924543028708, 52.94074372619694, 54.02619671760871, 57.36421349524605, 61.025125569114955, 63.630444596608335, 0.22108550369739532, 0.15396159887313843
42.84937033752966, 44.14469776948006, 45.31337578720374, 46.72021347981895, 49.54092243845346, 52.39533434002141, 56.31864601278107, 56.46708510278486, 62.582076814979025, 63.03619279254287, 0.17360806465148926, 0.4270232319831848
66.26321733061604, 66.54507655275015, 67.2928910462734, 68.29295892139258, 69.78575044927956, 70.31945244950518, 72.14049027230998, 72.27825973316492, 72.71403214393777, 72.8842446952706, 0.21116791665554047, 0.17843256890773773
62.14369137062402, 62.204686442733205, 63.70297385216289, 64.51036189033762, 66.28424390571863, 67.52550566902089, 68.32168961541451, 68.41499154562571, 69.49956604942894, 70.12842641959689, 0.2615973651409149, 0.16122259199619293
60.99431938679506, 61.170675539678214, 62.53214381520646, 64.01391519263923, 64.13826038174163, 66.78889712386494, 67.83818399003628, 68.01347825042416, 68.30665629967457, 68.71713919627156, 1.140919804573059, 0.3341119885444641
56.90585187971329, 57.13615223147746, 59.839722631043, 60.16613439660992, 63.86115762447683, 65.44712489882508, 68.36398762239077, 72.54476868743353, 74.0668551414578, 79.20209265215207, 1.7496157884597778, 0.3138895630836487
64.67683358457434, 65.78668597901883, 66.76106731033025, 69.9260858921469, 71.16874995190182, 76.22671767357164, 76.52383849083623, 82.51963295659283, 84.66474891430772, 89.50454192973027, 0.5724357962608337, 0.25260528922080994
94.26315560792774, 94.35790397955843, 95.77857694714612, 96.68327201680758, 99.30903095017088, 101.15215779739687, 102.80584462470156, 106.71981708321522, 106.92921146536949, 112.16845645517016, 1.1441212892532349, 0.3344329595565796
115.94307282746978, 117.04022937569293, 118.20176998830912, 119.46684357780411, 120.34676123294055, 121.04722155331785, 121.68679681583492, 122.52336025213165, 123.1104289092776, 123.3159121305445, 1.2826462984085083, 0.27504560351371765
105.33479340117267, 106.13362117154225, 107.57067050519451, 108.27037817163404, 109.20281416756048, 109.87181386505652, 110.03780707613555, 111.29483242304322, 111.44320209301638, 112.7522055770787, 0.3148000240325928, 0.34860995411872864
80.32089583375937, 80.32436368616503, 82.14403630293303, 83.91576698367275, 85.62961025335743, 88.82299895858198, 90.8424546768866, 95.20765605577354, 96.6776838488093, 97.64348508677278, 0.5024461150169373, 0.2970685064792633
62.794794951858684, 62.875932832059576, 64.11023561434006, 64.6030587312359, 65.43219608265174, 65.92509387205597, 66.4364479874051, 66.51427821192097, 69.2961411424277, 70.23505813421738, 0.6506680250167847, 0.32189711928367615
44.73159001958663, 46.19012585586653, 49.13034334274997, 50.05582750057299, 56.544187519677955, 57.07927813890735, 62.74296670210073, 62.7749514111694, 62.88515292684148, 63.906405589766706, 0.44402435421943665, 0.31475886702537537
72.23572537073294, 74.08780987946437, 74.65088668164489, 77.96280893108568, 79.37895615627036, 80.10110849817417, 80.618222735828, 81.90198608180351, 82.00896949891899, 82.71674223206162, 1.5060299634933472, 0.6251471638679504
79.13061717008559, 80.50513700000614, 82.67342096505942, 85.61195234113839, 89.0717089940209, 92.20691945722683, 94.74207606551366, 98.80011300948888, 103.3448202257329, 103.39779087298676, 0.9160885214805603, 0.9405273795127869
76.13962564266393, 76.85077210966737, 79.46788198980242, 81.96984682227065, 85.10276228841252, 86.80650721320333, 93.64536174980135, 95.99234056551114, 102.34447222926015, 103.39465015120724, 0.3163298964500427, 0.35835376381874084
79.11892778245907, 80.23376764155093, 82.65716628623314, 84.47168393273782, 86.57296486959378, 87.55454119416108, 88.00214335940076, 88.36176570664144, 90.22721917807227, 93.59152123968653, 0.6383387446403503, 0.8141760230064392
67.79634160870778, 67.89107677942698, 72.23824722390235, 73.24141611610622, 77.27819802835918, 79.89560499522318, 81.85604563229693, 83.13012648064515, 84.08396556930943, 85.54439405410966, 0.40462711453437805, 0.8904401659965515
75.0659443293596, 75.79618576120849, 78.75652709269542, 81.97512552086583, 83.29468643761344, 86.62559353206551, 86.76131675497133, 87.25470134522402, 87.50672106548716, 92.65424583117529, 0.549225926399231, 0.36276349425315857
84.23295999474665, 85.37900116772126, 87.23425548513146, 87.99741843010419, 89.04694770891263, 89.35605405906664, 92.07354358427267, 92.20706287385876, 94.40904729666141, 95.74529515914777, 0.2783265709877014, 0.5035142302513123
100.10041802468956, 100.88161923631334, 100.97098355066554, 103.03176284805785, 104.3794280448597, 105.6460867034368, 108.21502520333729, 108.4721910336373, 108.47398756939592, 108.63512200802926, 0.2930695712566376, 0.8128558993339539
112.07786760003796, 112.45827351435943, 112.65893830843908, 113.87992646851153, 114.71316479343051, 114.72315583639248, 114.73384783553635, 115.76141805521424, 116.12790850323621, 116.47524303656947, 0.4676770865917206, 0.4755302965641022
104.66260721713714, 106.90813023089764, 108.5221635658008, 109.65097143972748, 111.05251459072814, 111.2136172835714, 111.43441022526127, 111.9780331857228, 111.99131683327198, 112.68776685625068, 0.3068942129611969, 0.8458706140518188
102.83118066880311, 103.40080165882466, 103.405499583654, 104.13225644853618, 104.40174706316921, 104.99991874036189, 105.09959052941615, 106.19872526712024, 106.41393409316115, 106.58294255427933, 0.17926277220249176, 0.25953051447868347
90.84368420229325, 91.38670228009407, 92.34148467465761, 92.41256841166243, 93.14751836077174, 93.3678910321532, 94.14900792145743, 94.43681474517517, 95.50050275132868, 95.7117340286235, 0.19559866189956665, 0.4396165907382965
87.90460217153016, 88.27576839339528, 89.05346127575537, 89.58121514168685, 90.51692892157777, 90.87002073649778, 91.59860513412316, 91.96293397409491, 92.4759464259622, 93.49079095703327, 0.1423531472682953, 0.2650345265865326
82.48002283339659, 82.54666052990581, 82.627893883887, 83.02802502800722, 83.19360857275969, 84.15969490565261, 84.18224756406781, 84.59595469037235, 84.89186743385675, 85.38507027847089, 0.11981096863746643, 0.19443853199481964
41.42065680111901, 41.78719880711298, 42.167999017133916, 43.82789342908277, 45.52627888661456, 46.18322952804613, 48.30517535875692, 50.43640809653822, 51.8320285581253, 52.93236666608392, 0.49078866839408875, 0.41210684180259705
59.11975305743163, 59.87468855442864, 60.384654149937816, 61.29939509597683, 61.351876126167326, 62.16821804884484, 62.537334259912186, 63.091858311060214, 63.175681089372844, 63.388629758692254, 0.11996503174304962, 0.16336742043495178
34.12804195799948, 34.1495607386358, 35.208795662920565, 37.12360543072793, 38.86221195754659, 39.75841073870651, 41.64104555671805, 42.373672200036445, 44.90685330263439, 47.20475539326611, 0.1576826423406601, 0.1056109070777893
40.93968175655756, 40.95209401472565, 41.36073489184922, 43.66990281267151, 44.597111310083704, 45.005705527244466, 45.28144115314115, 46.08840907793168, 46.352565757310686, 46.876794148760325, 0.21670062839984894, 0.32060062885284424
45.666457202705246, 46.87750803135555, 48.79726034403745, 50.539555253110805, 53.46267612245472, 54.31222890066585, 57.435267251339766, 57.99722744998237, 60.62040519889061, 60.872011820531654, 1.3712694644927979, 0.24290426075458527
100.77988706756547, 101.24206660305771, 102.05179138777147, 104.09387749935337, 107.09719057079108, 107.46834738114104, 111.69454592450916, 113.73913648285351, 115.77759898221434, 116.93787498717452, 1.2389415502548218, 0.3210544288158417
77.8307552386074, 82.06801380930678, 82.83350682535797, 89.3761196201122, 89.59471668964053, 96.97740514087803, 98.26665606607999, 105.68772065164866, 107.1130839135508, 115.09140537777516, 0.7143585681915283, 0.49386778473854065
79.58186983636452, 82.66664790760547, 83.01757801905663, 88.73817723763722, 89.36211886826501, 96.20019413124827, 96.58512276264007, 104.6003888517449, 105.20070898287675, 113.40159881522256, 1.0214475393295288, 0.24801047146320343
102.27853147255998, 102.5032630092869, 104.61022705939132, 104.76524922339921, 108.40404207320921, 108.5200939978194, 112.31087487867406, 113.4082236857664, 117.34490235382944, 118.52333518185768, 1.6015262603759766, 0.2626647651195526
85.896556662128, 85.94259066264064, 89.45124348729411, 90.23465590996497, 95.19771428288358, 97.32421795195576, 102.07745779799478, 104.91476524416838, 109.82001843558405, 114.062763352286, 0.4018280506134033, 0.6843449473381042
64.86180469002528, 66.06905034839521, 70.17202277447996, 70.99458925851151, 78.66381224656757, 78.86387254056467, 87.44863687733478, 87.82763945247602, 97.05118098934292, 98.51434429764251, 1.2304257154464722, 0.9295317530632019
43.25534004225054, 46.73009874245338, 49.92202840712514, 54.00855421908117, 59.8646648336653, 64.20121685698678, 71.13527682334345, 74.61910521831504, 83.67165771870106, 85.10009926909562, 0.9488642811775208, 1.4024065732955933
46.31823386091736, 50.809350004039466, 51.680421143368086, 58.02548933794998, 60.006114483133835, 67.4973108535863, 70.02223450578936, 77.34224881792036, 81.35310096840114, 87.15289087279396, 0.5829025506973267, 0.4039169251918793
68.16630381395667, 70.78283807402616, 71.56313300795323, 76.322159269798, 77.52342626825563, 83.36560151540756, 85.62442781979975, 91.02750340933333, 95.22973783220446, 96.7291970543558, 0.7884361743927002, 0.9859666228294373
85.69745857451254, 86.27120128404594, 87.69911659684028, 89.14167944229713, 89.76407689000945, 90.45814114231109, 92.36867075893, 92.44102795422407, 93.5162195659122, 93.94680105002107, 0.7625390887260437, 1.0127763748168945
63.16262391427237, 67.49345268829138, 69.84759738794797, 74.68102833929399, 79.29079439800213, 81.93208633120655, 89.24677703632788, 91.13584186982675, 92.69077524940144, 93.7773087646752, 0.1654033660888672, 0.6540738940238953
69.92230820799034, 71.26998561801449, 75.7787803094328, 75.88320094878958, 81.50436810371706, 84.71845472596799, 85.56354882765582, 86.88660240617777, 88.50278575219633, 89.11085935066916, 0.5611765384674072, 0.9229142069816589
70.29034545872278, 71.31091327373564, 73.8445065989569, 75.70684673135774, 79.77721992147053, 81.05945267289898, 81.21353821662667, 81.53493106590257, 82.61226777715575, 85.69777503820006, 0.7877857685089111, 1.1719707250595093
61.89075510657162, 63.61833055716649, 64.42692680762768, 69.90444362651664, 70.21315847423907, 71.18890717369166, 71.42914553753323, 72.89718034850057, 75.87269761257382, 77.73520414993918, 0.3436603844165802, 0.46178150177001953
55.709394372631856, 57.58733616779186, 59.51376909732991, 64.04766647586311, 67.53179551677698, 69.58085079464313, 71.27255881232489, 71.53080729887895, 73.02741520561527, 74.4886580694753, 0.8677893877029419, 0.9293784499168396
48.792972318950305, 49.185107533299124, 53.29865601523006, 54.68430495720511, 56.101505884394115, 56.79515071570785, 59.67194204747901, 59.82564567580675, 63.12802118430631, 63.62814372107091, 1.7701157331466675, 0.8413389325141907
44.31743486600176, 48.06715188257731, 48.8982409801176, 55.87977823330716, 57.14064230852604, 61.60133069172181, 64.75995136455457, 64.9956898032349, 65.30684145068545, 66.03206087071857, 0.44616803526878357, 0.32169410586357117
50.55463972075203, 52.29505083450126, 54.802460304844566, 58.481647930389194, 62.96330187088304, 66.51307243747411, 70.03277459478883, 71.63941131604868, 71.99825887177077, 73.81930413244302, 0.2536303400993347, 0.7103452086448669
71.26443148005573, 72.3680919933938, 73.03915966827087, 76.70633760584815, 76.80050773446435, 81.89837726980443, 81.91234817460962, 82.38952023531832, 83.26262489658907, 83.39921548688491, 0.2314651906490326, 0.8285374641418457
94.64943659710512, 95.04974980115163, 95.40370751921611, 97.00519208727005, 97.24641419803167, 99.35728767514574, 99.56190700563567, 102.24069880329706, 102.53522892106588, 105.0943850658709, 0.2133004367351532, 0.2807965874671936
92.73823789928548, 93.10978375400934, 93.22984620824703, 93.39493272513742, 93.47284580345207, 93.57268345852151, 93.62948919879531, 93.68588551665864, 93.93257391152405, 93.98377410971015, 0.6929152607917786, 0.22348427772521973
83.39742254124289, 83.60562231611858, 84.81110036665551, 85.91137217490237, 87.14688074713052, 87.54265604681684, 87.57349108213086, 87.83932239562125, 89.7152851853009, 89.98722633474979, 0.8678735494613647, 0.9748550653457642
46.39333086384547, 47.041285246395844, 51.08946673695756, 51.75513024811142, 58.15437808246516, 58.34563752061398, 61.0813656103814, 61.78635925591551, 64.85559321378574, 65.30651820373915, 0.7164278626441956, 0.3055579364299774
63.92062789889937, 66.94828317443314, 67.86343667117879, 72.4877043970504, 73.47378099986662, 74.53308300205025, 74.99828740038699, 76.41418328450948, 77.86231266194777, 78.7090536888861, 0.9346951842308044, 0.7751020789146423
46.060340893954745, 53.20790831576641, 54.790723288055325, 61.53324165610063, 64.92070083297422, 71.26140733234223, 75.4643420293274, 80.21719368012619, 86.78537399968639, 89.5656913957423, 0.6334418654441833, 0.7855866551399231
51.45706022072912, 57.28352047694123, 60.40217587927419, 65.29440956815215, 70.05213176137424, 74.23875505178408, 80.9794762442124, 84.69327454324345, 88.6544344648464, 89.03900411831798, 0.3259675204753876, 0.21637502312660217
53.231027950809924, 56.35434513692343, 60.94640022025868, 62.200120731969804, 69.79724603359892, 69.92087796405477, 70.12355792048797, 71.58398289773305, 72.91807625946242, 73.15218824016142, 0.553771436214447, 0.5408965945243835
54.22028489462773, 56.891700413961615, 57.023790856176035, 58.59743445467826, 60.67866432542919, 61.53660168521637, 61.66727264732633, 63.72942053861648, 65.65899305607651, 67.30028773736633, 0.7256238460540771, 1.0027482509613037
50.10794065919626, 52.02872726272386, 52.64265149104358, 53.39100539350327, 53.69767998326528, 56.79898234619142, 57.17963821440284, 58.1256284141136, 58.33156300285005, 63.030062622324486, 0.43999841809272766, 0.47083941102027893
48.28513852588639, 50.9795278228251, 54.030677141896184, 55.35763520738634, 61.9459648530788, 62.47542604454101, 69.97022258206252, 69.99503442385034, 73.06274053894325, 73.43093767171668, 0.44109684228897095, 0.8388372659683228
68.02297603310657, 68.88413744666566, 71.95377581208768, 73.52222533257861, 78.59098074645132, 79.32245701797783, 86.43588379956061, 86.98896663738064, 93.19766246256852, 93.45417737315138, 0.4085208475589752, 0.5997973680496216
90.4647417327178, 90.87519423335709, 92.0246877086318, 95.21248111049483, 95.95920215516796, 98.44090450749016, 99.03590577886837, 99.42863856176001, 99.9403637491831, 100.12237698261443, 0.20866845548152924, 0.37451887130737305
80.65831722969108, 81.23540695153469, 81.60693098509847, 82.89688545618287, 83.21400156451983, 83.65250122647393, 84.83951399470905, 85.79593591566461, 86.58931082263378, 88.65999272673432, 0.16239720582962036, 0.9040297865867615
81.00545934264282, 81.43240846276544, 81.78575455631825, 82.12361621539515, 82.58834505319597, 82.71806819283772, 82.87924262149858, 83.42184517354322, 84.24165051397186, 84.54716407544583, 0.1608312726020813, 0.5997339487075806
62.35573207820595, 62.70415549425632, 63.15200689450155, 63.38026024903647, 64.47628362325358, 64.70259723298888, 65.8775618314569, 66.43537769121136, 67.8000023145445, 68.41728564067354, 0.36858201026916504, 0.15853027999401093
55.84503129850843, 56.47284344211406, 57.097990947636866, 57.27244504356253, 58.366504987100136, 58.86928264580836, 59.1580112617765, 60.78431506058375, 61.10436210092943, 62.929294429977595, 0.23600079119205475, 0.6529664993286133
58.74638283685909, 59.31796103765802, 59.50038557415764, 60.94526722477644, 61.64345267302992, 62.286866545189596, 63.64308904361676, 64.22630479369836, 65.16983843755655, 65.85576352671153, 0.13363461196422577, 0.15155568718910217
34.160919172283265, 35.847621008778205, 36.360916324128624, 38.00887927896848, 39.16230712564379, 39.94666928526545, 42.50413713849943, 43.10188778514483, 45.763276610059485, 45.776886771375246, 0.6804736852645874, 0.3142065107822418
35.451143373240434, 36.81906952752369, 38.27620015075135, 39.33041976583353, 41.33004509772797, 42.40725214809803, 44.677532486043134, 45.11857399833046, 47.433060502178094, 48.27817533361598, 0.26347804069519043, 0.21815340220928192
35.04598600472261, 37.70905948658243, 37.83220935788561, 40.76559521107231, 42.46787013334427, 43.262588015198645, 45.7923565947793, 46.60133113220908, 48.3874322219435, 49.74238927983813, 0.11995868384838104, 0.11053293198347092
32.90367413616156, 36.10550793653222, 36.34655850542034, 36.40136897606604, 38.346658577777404, 39.094249407472226, 39.42107556435498, 40.772238792108105, 41.50440858268197, 41.940151059975214, 0.2124314159154892, 0.5118690133094788
64.58573334851484, 64.67732690152879, 65.66004910499471, 66.2672354269182, 67.19024675005872, 67.71576009080032, 67.96375542128224, 68.96067431849276, 68.99201725900365, 69.48058980642634, 0.23077088594436646, 0.22242723405361176
79.62463833214036, 80.44003696033896, 81.9002164850484, 82.79237524749954, 84.11458583498762, 85.25559011973597, 85.54696356014331, 85.63598706635815, 85.66423151502819, 85.77234504132566, 0.41065311431884766, 0.22010813653469086
63.67493390329817, 64.0962908670603, 65.04952275658174, 65.35334191312548, 66.19302475679154, 66.99055523911451, 68.12713128566106, 69.01811245071949, 70.26193309794641, 71.30125943622971, 0.21166864037513733, 0.3116414248943329
39.14282714439914, 40.32014648801787, 41.5116822195209, 42.73321224933843, 43.95270379404204, 45.173953110629235, 46.42120316551954, 47.64886041261599, 48.879637940134316, 50.12803486656811, 1.335963487625122, 0.1543033868074417
102.15215882121022, 103.43309085515493, 104.2882578922801, 105.13015537636531, 106.17067083870765, 106.78609259185426, 107.72104443414563, 108.23596020217325, 108.67101428160296, 109.3082216845315, 1.4431424140930176, 1.5083272457122803
99.28258151995313, 99.3047600812166, 100.22978450050294, 100.81347764827535, 101.73619126830305, 103.49617993071726, 104.28296674768127, 106.26712924430372, 107.82174389337528, 108.88235336789624, 0.6353458166122437, 0.27453404664993286
101.85635156818051, 102.26122033544586, 102.62522380379265, 103.73619281220955, 104.0895133146107, 105.3977578927632, 107.25788385326207, 108.15269073491238, 110.38982443574103, 111.37924779421928, 1.1228082180023193, 0.15694551169872284
95.99195116996086, 97.1910791915041, 97.21738289263409, 97.26903402257939, 97.52969484080853, 98.31358756938397, 98.36826539022648, 98.78870052918188, 98.89404400446135, 99.75756552758294, 0.802619218826294, 0.3362686336040497
79.44554677438977, 79.59531755826833, 79.93152929992425, 80.63211090348506, 81.06848535447138, 82.0352876343276, 82.63524138989666, 83.7353202996208, 84.04967138374971, 84.34789976956274, 0.41848620772361755, 0.6305621266365051
59.53350974269853, 59.589124847432814, 60.02649169184392, 60.65281679633623, 61.42094430093962, 62.43816390362054, 64.42663074523234, 64.4328149197302, 64.53603900199697, 64.63320779976264, 0.20731478929519653, 0.19545094668865204
36.45383959354932, 37.5253758615611, 38.06328661989211, 40.67809278233555, 40.981586153486035, 41.60267373446453, 41.95508704745751, 42.78844762700265, 44.18722545233715, 44.85510318022054, 0.26636120676994324, 0.11339924484491348
35.75255541091838, 37.40753470920919, 37.50599654743366, 39.24482366824969, 40.305081890435076, 40.642005420958064, 41.17533008882886, 42.70400114661186, 44.114459329492504, 44.18999015019423, 0.3039465546607971, 0.4255603849887848
40.59469453282975, 41.093747364579386, 42.32756403451999, 44.54957325272664, 44.69099163671705, 47.31069089073574, 47.942421622939264, 48.57944016613987, 50.49769124963758, 50.59531387131683, 0.3807997405529022, 0.232400044798851
37.44467082653679, 37.48759297818973, 38.24337418346683, 41.236522349596704, 41.349030270576506, 43.3849027874746, 44.25318520662366, 44.438013002160844, 44.54317816053831, 44.74287309151146, 0.3929189443588257, 0.1970566213130951
40.50313137474805, 41.024358140381956, 41.80445091898714, 43.03311412943711, 44.65087587237906, 46.02724232361715, 47.35269963787122, 47.758514157960775, 49.5110154656093, 49.80090876334308, 0.3439292013645172, 0.20146790146827698
42.95552850582702, 43.38576746334301, 43.72600206827807, 44.13376987103487, 46.806152918708946, 47.58496013726439, 48.455577665903114, 49.42698985114789, 50.00434037281435, 52.32161994207475, 0.24712605774402618, 0.33322909474372864
43.77954082062079, 43.94252776764404, 43.9909326430635, 45.16356265122524, 45.65704416834078, 47.28893931355018, 48.71790420829427, 48.94052723156057, 50.281417619082276, 51.07788535715419, 0.16238898038864136, 0.2991008460521698
40.95820323832461, 41.22480908515158, 41.38389982919874, 42.56027213535711, 42.68931302132193, 43.79814385180451, 45.42012590258167, 46.572396644678555, 47.50202911196379, 48.10666412679154, 0.22417114675045013, 0.29270681738853455
40.05207127740999, 40.34632920544383, 40.67886783249149, 41.122910870942626, 41.931348623375094, 42.1267395349738, 42.5731814310104, 43.02177353021062, 43.09605167982686, 43.48234955807751, 0.43020984530448914, 0.26556703448295593
52.23991696528088, 52.42975400708579, 52.452528205920714, 53.78923171228263, 53.7923644624817, 53.92096052944027, 53.947634105804674, 54.2592845407671, 54.58187446074711, 54.91254164208277, 0.5491818785667419, 0.19562938809394836
57.728180593271965, 58.40828654285028, 58.57171406739421, 58.795781345766514, 58.90581029915734, 58.91170267290888, 59.068659213679794, 59.07996157175583, 59.68696840138196, 60.16888002206417, 0.3266149163246155, 0.24295368790626526
56.831684074356424, 57.06435199413557, 57.273668639878515, 57.552816330579155, 58.38185253667598, 58.40832743419402, 59.09049858009662, 59.45789143893532, 60.046352171274194, 60.12967315693397, 0.2356204092502594, 0.3197052478790283
46.515126898652845, 46.58469827969142, 47.291588736470324, 48.15286629735145, 49.20062927461012, 49.66588144265041, 50.966060655671235, 51.10968933070746, 52.437524455793145, 53.36452417301441, 0.18838365375995636, 0.15165430307388306
37.791305458126274, 37.93550270612064, 38.276888897339234, 38.742910902843064, 38.948075749755844, 39.26953174926169, 40.254737467478904, 40.353841313229665, 40.39015836570965, 41.85523103422045, 0.5501759052276611, 0.24630002677440643
37.217235960151896, 37.81188957811929, 39.11347770748855, 40.49938052478911, 41.984373755484, 42.904107337896754, 43.489806327176304, 45.42929841824317, 45.60856057460794, 45.8726791132451, 0.572986364364624, 0.313799649477005
68.6372089523671, 68.8081785282763, 68.88827341926876, 69.31410929638959, 69.66367555983277, 70.05422942341146, 70.68280337128125, 71.58383971869372, 72.19440384501583, 73.83758053863008, 1.2598111629486084, 0.5573996901512146
102.04026453303564, 102.17681260974194, 102.70164193604329, 102.86007418704648, 103.82811365122299, 104.25739000166246, 105.84263664690789, 105.88694889675928, 107.73460776644168, 108.2506248301595, 0.45976364612579346, 0.21558450162410736
122.97515969546359, 123.08076650643336, 123.4114511789695, 123.67085145718977, 123.99119863516628, 124.2684437044992, 125.3824682669716, 125.48287837991231, 127.10486194485941, 127.2405842154078, 1.6702269315719604, 0.26402488350868225
153.00236723483656, 153.22506579122157, 153.63239328798838, 154.1523638477413, 154.153184182929, 155.63750369156833, 156.07087951758717, 157.82194686640966, 158.8892448518959, 160.567211891943, 1.8557031154632568, 0.9606891870498657
144.66346311082856, 145.15969437202247, 145.90017210674208, 147.74283059230757, 148.44270346361603, 151.30784607762027, 152.181706444279, 155.40095152545982, 157.40245261004748, 160.3499715036347, 0.7573745846748352, 0.45984479784965515
145.17292396199824, 145.4346294602471, 146.91270329192298, 147.37196553198956, 150.57644241590893, 150.69783785445972, 154.47427069793343, 155.50887004267003, 158.95216373443688, 161.00729656443826, 1.221023678779602, 1.5019892454147339
124.28366576940749, 124.44498347396183, 127.16172638035712, 127.97735907438818, 132.82362137060494, 133.10469019305415, 138.70563140191277, 140.1777767321725, 145.97877980478543, 148.26826267108845, 1.5134954452514648, 1.2442299127578735
92.75480692085621, 93.484037127585, 94.32620156605645, 97.59530864540514, 97.75441896221959, 102.79151556537815, 103.37945120413147, 106.16452421835321, 107.42864827757217, 109.00777327954974, 0.6978909969329834, 0.49949032068252563
93.19049742761062, 94.93878833472739, 96.0681003609297, 99.53686724304734, 99.9196712912949, 104.95692208720989, 105.02390013682331, 105.54488190314773, 105.75399706544171, 108.83537540752182, 1.1525940895080566, 1.4342182874679565
71.38247912306232, 73.11669688505796, 75.46801893086261, 83.50867097436652, 84.28804669361446, 93.47650992394671, 96.4779313482139, 102.83298189654091, 109.7532356329473, 110.66145215983894, 1.4521268606185913, 1.2068688869476318
46.266081509901, 50.35340758509352, 52.580714459265515, 66.0517850000894, 66.67271974439205, 81.15977480084112, 83.02771153564717, 94.55117477780593, 99.17802947835924, 109.21863773286881, 0.8715594410896301, 0.659873902797699
48.85750646932189, 54.34715392429539, 54.77443179320053, 66.63730397815016, 68.53921034652421, 80.82355179125851, 84.0667270157304, 94.31180806690972, 99.30225728591736, 108.86603012978468, 1.2078722715377808, 1.0655609369277954
60.98568677243925, 65.4490968861189, 65.78089831676897, 74.42572310595831, 74.56411398108305, 85.20605362691094, 85.3601212201653, 96.4266452121091, 97.64408464766093, 108.82482965100918, 1.2770190238952637, 1.0971462726593018
92.00642882356416, 94.24395602449918, 94.92195732126427, 95.54654325472328, 95.67163730324773, 97.23133211704248, 98.64669253412728, 99.39035196006184, 100.19348888437717, 100.52337562566913, 0.6337329149246216, 0.5937089920043945
119.49207645707578, 120.21385597140866, 121.74342492084347, 122.45192437846747, 122.60983542768454, 123.1207876010323, 123.76057641608317, 124.09164273857638, 124.40478332822705, 125.26149136398838, 1.351351261138916, 1.2306288480758667
118.0631119323411, 119.10042681786835, 120.40962237022323, 122.60474182944833, 123.1629946918791, 123.582218629297, 123.7138149280584, 125.44711287030773, 126.80004747703823, 127.40405953904636, 0.9912508130073547, 1.1539862155914307
70.22055052711787, 71.20800463865064, 71.8581463059739, 73.35538879931406, 74.99132996067769, 75.56481073961248, 79.31786296242907, 79.85503307947975, 83.94267308942136, 86.19003160545402, 0.7908011674880981, 0.4601004719734192
59.97240249766296, 61.89705687910492, 63.25899973789135, 66.15279588235232, 67.47823860610973, 71.63520605865712, 71.67979682950198, 77.17468439393281, 78.78911060520589, 83.34907226470445, 0.4105106592178345, 1.5996004343032837
105.60916781974329, 105.66740546466407, 106.88294377554875, 107.48571806093298, 109.45298183763776, 112.12997221147458, 112.16979637757716, 115.21243520172496, 117.58342238905544, 119.57576152735767, 0.6712366938591003, 1.3253974914550781
117.99571349641069, 118.29329071244972, 119.3819656440688, 119.43786499559135, 120.87077084016639, 121.1214464800527, 121.61436395625135, 121.81060718969601, 122.01228914877049, 122.68597988938286, 0.2504756450653076, 0.7499937415122986
106.08827533993939, 107.11199171728549, 107.26022765550834, 107.63725371129728, 108.5348863450405, 109.82119251230463, 110.03861142911964, 112.19105471474059, 112.30670775706484, 115.62147300186271, 0.415633887052536, 0.35172513127326965
89.63636370281623, 90.95315519536508, 91.48089148528844, 94.93191083357513, 95.92997548115812, 100.82564354102708, 102.29979323261483, 102.3831477999377, 103.81746322152271, 103.8678441138687, 1.11954927444458, 1.1562975645065308
71.83764036664327, 72.25842012598497, 75.34766098553445, 76.08015069742069, 77.35799568596727, 77.82808816585573, 78.94070322352428, 81.44011419995113, 83.0645706562001, 84.08549916459233, 0.35406196117401123, 0.658479630947113
72.90202684590842, 74.04435858064433, 75.85809320928645, 79.92189691152053, 81.26377167223409, 88.02466458734047, 89.09237630653872, 95.99804162561473, 96.55200550057262, 97.22542681745703, 0.5671623349189758, 1.139041781425476
81.15332085669326, 81.6486594257869, 84.35614775955167, 85.18343185937611, 88.39036873376779, 89.55765669271331, 93.59115628197614, 94.97807121109147, 99.20880280002599, 100.66577667780084, 0.2247830331325531, 0.9571537375450134
80.98765032577649, 81.49618552428431, 81.85607614818653, 82.78795567330202, 84.12603909413771, 84.72623295042212, 85.55653042972827, 87.26594871732424, 87.58785798756732, 89.93623228275302, 0.45680364966392517, 0.7613236308097839
75.53511022316361, 76.75592790605619, 77.36308817462344, 79.40990438584078, 80.32426726688439, 80.41160295605935, 82.32125769861503, 83.83164527465532, 84.56433111685814, 84.62284229358137, 0.4259093701839447, 0.34358081221580505
72.38979775966217, 73.38184303622013, 74.51087185067162, 74.9595390812211, 77.67711066990346, 77.76180621639092, 80.60788591091084, 80.89885318519542, 83.63101318177984, 83.97635364660738, 0.17042523622512817, 0.5468098521232605
71.25312949172032, 72.58038915966317, 73.92619998370391, 74.79802421109224, 77.52344385220118, 78.40128000625691, 81.18064720880282, 81.78141002814552, 84.37296300493307, 85.3815347044078, 0.17460595071315765, 0.24279442429542542
69.9165316650017, 70.37688754063109, 70.64272510096224, 72.56035868768296, 73.68714013304192, 74.63874889472983, 76.88237522605597, 78.11257643147758, 79.54850974029544, 81.55918660504803, 0.12715096771717072, 0.3981395661830902
90.13846068256115, 90.71603925109302, 91.03238032272489, 91.57082436795635, 91.74166802807295, 92.2821604052842, 92.59563000277413, 92.67859100076063, 92.67939648265974, 92.93644757983483, 0.21004293859004974, 0.6587042212486267
50.970105758822804, 51.99903859062003, 52.116377686692246, 53.048000152848495, 53.20553961656373, 55.19130942225688, 55.40023180613856, 57.29039824222499, 59.00618366954343, 60.07684792731768, 0.45563286542892456, 0.4589878022670746
50.89208848521315, 50.91753111720635, 51.328408492142245, 51.465352564123236, 52.481435185258306, 53.27673463784113, 55.26267317300539, 56.3258571613146, 58.94542075244152, 59.49272295553302, 0.4243374764919281, 0.31071195006370544
51.316350935735606, 52.03343214268063, 53.86507661142998, 54.07134830353802, 56.34215783514964, 57.93685095273116, 58.90700536112363, 59.96375738417102, 62.33491732549569, 62.713763822757954, 0.20043495297431946, 0.13349121809005737
54.81535278967036, 55.34929527475441, 55.86703106920733, 57.96743185111726, 57.988768720269704, 60.14776294458243, 62.006518511112894, 63.3908163969003, 63.82766368442356, 65.98008044548611, 0.43937942385673523, 0.12797921895980835
62.593670627795056, 63.68899991882447, 65.41332868946597, 65.5582448521109, 67.87424134451408, 69.71126478766298, 70.25631831022311, 71.24004107146223, 71.52625949446603, 72.2774629334975, 0.23469054698944092, 0.2537517547607422
40.377111684058946, 44.0868908187697, 45.47879676094762, 49.15936940207291, 50.137909973616146, 53.05209761466419, 53.10043734847091, 53.24415551286586, 54.257041833521235, 54.81982118364627, 0.22011327743530273, 0.142803356051445
46.99222196442264, 47.32790826331987, 47.35644461379407, 49.37044326184819, 50.21743790693907, 51.5383630233541, 51.68663575690669, 53.05124208580036, 53.36221629633111, 55.96550923851272, 0.2535177171230316, 0.245880126953125
48.65175622759951, 50.22362217441805, 51.64061405636285, 52.13739226959177, 54.251128935099224, 55.0400013852165, 56.692892851183764, 58.41679926806032, 59.8219138071161, 62.0814662460077, 0.20835718512535095, 0.10270502418279648
49.17384925246011, 49.67304643537985, 51.174992731469274, 51.18694775842383, 53.23922080690684, 53.66890623458747, 55.155037410927974, 56.01832568886744, 58.39988798628329, 59.599506034935644, 0.17422834038734436, 0.17427553236484528
34.878228244026445, 37.203492512229865, 37.85249124953791, 39.7178589065036, 42.13315174669193, 42.4372804572375, 45.6543595927889, 46.5914154435002, 49.71514641514169, 49.93404996602285, 0.18858401477336884, 0.45932579040527344
61.63859745678011, 62.45052378351618, 62.99225168993223, 64.70876452118536, 64.7775873574064, 67.6001402587342, 67.70806942466656, 69.8539935900163, 70.35909024330282, 72.61172508044493, 0.23120665550231934, 0.16655902564525604
46.297769314496556, 46.99711307452144, 48.343565368022894, 48.84046254158211, 51.62385208859614, 52.31644058538025, 55.22202243132496, 55.915145247996534, 56.0609646649776, 56.163759411728535, 0.5170312523841858, 0.18505293130874634
57.873194410814996, 59.164910493622116, 59.264558409395065, 60.041025508699164, 60.87998824461666, 62.695406260589436, 64.01979619535979, 65.76221948091208, 67.34229653501286, 67.81343949597547, 0.21115753054618835, 0.32269352674484253
66.98270150968625, 67.96500048722997, 68.77781925293996, 69.33387623608192, 71.13658277702001, 71.80484711750098, 72.62184845557204, 73.01696533107881, 73.2384993589222, 73.56449686163067, 0.46848827600479126, 0.1674383580684662
55.085612670951626, 55.653943959581866, 56.09973348469492, 56.187403234230395, 56.979818768911414, 57.168003197436626, 57.208196554307406, 57.26273367767237, 58.151904039969665, 58.27976133776375, 0.38589075207710266, 0.1919252574443817
40.96862186938766, 41.73186708732882, 42.90680321704486, 44.911134799772306, 45.290319299387065, 46.66572308327443, 48.507584594623346, 49.17650813872605, 52.042806974387204, 52.141674906123, 0.41565725207328796, 0.15088458359241486
63.30839465091686, 63.31105958359312, 63.921649428526464, 64.13067584954952, 65.21601062881021, 65.30801462061022, 65.75859142503117, 67.23519268070646, 67.66533881612895, 69.21276732589469, 0.2511363625526428, 0.35471051931381226
59.03332423229372, 61.40525636840704, 61.46855030481897, 61.71026721352329, 61.96660166765468, 62.8267877458995, 63.11747524695048, 64.36287128599093, 64.5352252121486, 64.87549563842717, 0.2513883709907532, 0.17195075750350952
67.75700795337552, 69.02810171266444, 69.62285170272966, 69.88990457667032, 70.00847369550291, 70.13665047492884, 70.29487574963944, 70.44648568174323, 70.48300352912766, 70.5323967119397, 0.2536422908306122, 0.24995899200439453
65.36929444900241, 65.56508963932205, 65.56670061840796, 65.6821613063012, 65.80104720551377, 66.14538857825353, 66.28668806514239, 67.34817167043718, 67.4677746328134, 69.30218460122364, 0.21934516727924347, 0.23095908761024475
55.39100647113658, 57.76004786928249, 59.31500746181593, 61.04490684847463, 61.62681384851508, 61.95878189962491, 62.21494830001697, 62.251608151919335, 62.25699612276315, 62.51347930736382, 0.17331627011299133, 0.17433761060237885
52.81057036522755, 55.527952937204844, 57.12640245933849, 58.9122273918657, 61.016033874649445, 61.76592556025859, 61.876120231445796, 61.88249450498055, 62.32130275709474, 63.039201685659265, 0.5544794797897339, 0.17556218802928925
79.61027630168367, 80.2294771742506, 80.86518532531126, 80.9795290357784, 81.05649700699382, 81.20341737795923, 81.29277470937372, 81.41368613146865, 81.54455402856154, 81.65996467959444, 0.3271782398223877, 0.41477903723716736
71.00501735538725, 71.39503922522886, 71.54076407426884, 71.72888790802192, 71.89393368958387, 71.91338459359108, 71.9588003875222, 71.97986723298986, 72.70722637209236, 72.92665458772869, 0.2861844301223755, 0.32452091574668884
60.55238672108599, 60.86449018280994, 61.57629160680718, 62.37416399190726, 62.43986096131826, 62.660073115368, 62.69544671607768, 62.881035164466155, 63.13106124736156, 63.38118902009152, 0.2371664196252823, 0.2312471717596054
54.57177687973055, 54.93903073951614, 55.720417430299435, 56.34263458522597, 56.817595721850196, 57.99704780297046, 58.00923262688668, 58.826243074273066, 60.181020211388, 60.25451666653506, 0.38863953948020935, 0.19780956208705902
43.215634783215755, 43.57810657255848, 44.11787586974742, 44.35831472037528, 44.558575771140696, 46.6555160236573, 46.7029365800229, 48.772710895737916, 48.79157560082442, 50.6786193241079, 0.35151249170303345, 0.2201625406742096
38.23538632713267, 38.6267285802277, 39.7105784078969, 40.04539938639847, 41.2802672224829, 41.43325075972531, 42.48412008231319, 43.07873578746582, 44.82261624343026, 45.35464033941821, 0.6422995328903198, 0.26273542642593384
39.78191966466017, 39.86963600469476, 40.576348243219364, 41.47783976289677, 42.337157336726925, 43.34227293073158, 43.62256001831231, 45.440558052536176, 45.74927119621765, 47.38302988122914, 0.4879835247993469, 0.3780041038990021
26.029355838861065, 27.52818912031063, 27.767886602684353, 28.802608662795816, 30.142906648979203, 31.626275078826396, 33.58001569331916, 34.82547601645253, 36.639663161579016, 37.6465334362326, 0.29658064246177673, 0.22927717864513397
26.59616332850378, 28.153340218766008, 28.279367016441245, 29.94092551070014, 30.099443370824638, 32.63637081954052, 33.043724872592634, 35.57745428548229, 36.30453142734573, 36.69496535786071, 0.3148897886276245, 0.28306275606155396
27.17821154621049, 28.31842864766726, 28.917948440935746, 30.297012077888976, 30.8895190582555, 32.79835368694111, 33.09492478184117, 33.47909622874148, 34.01271978583082, 34.16866380898805, 0.2323537915945053, 0.3938229978084564
29.351224991565513, 29.847246772400126, 30.868588646567634, 31.471193804414668, 31.862906562155857, 32.47084526825219, 32.91639928298624, 33.86178382617136, 34.08605800271714, 34.34640775664986, 0.2961065173149109, 0.2914246916770935
28.450729354097, 28.84067439272711, 29.01175713087615, 30.80253643931373, 32.175226884200924, 33.64002341901938, 33.92729274509068, 34.73729275820173, 35.11325030101651, 35.26926835262355, 0.38133496046066284, 0.27957993745803833
33.100184788047585, 33.44701925051303, 35.3995485602339, 35.673200053703496, 37.25679847875295, 38.832767433375544, 41.09514665421485, 41.33026754962793, 43.80949229694197, 44.286601452578196, 0.38431689143180847, 0.3533608019351959
55.70627014209474, 56.219980708921, 56.611168244412276, 56.72965678038285, 57.54803366716545, 57.597243361836675, 57.87936448212122, 58.721221325464974, 59.01918282024922, 59.15830999843096, 1.0552256107330322, 0.30696573853492737
70.93159584125671, 71.84106060005796, 71.88345503226091, 73.47481326569262, 74.17431391642494, 75.84953317402547, 76.78113868639724, 78.37798754729492, 79.12823568701853, 79.24000868553092, 0.3179652988910675, 0.3033646047115326
67.55385641206956, 68.7324995469982, 69.03166157438594, 70.64441723322874, 70.87174650097683, 73.38441048974882, 73.45482084349591, 75.22259310149818, 76.09240940398597, 78.88560163024519, 0.25259554386138916, 0.2932831645011902
78.4445291092657, 78.58327474187105, 78.83776678587644, 79.50507781135205, 79.52790254829969, 80.6547037202538, 80.6597921481496, 80.68617145617178, 80.77989740590003, 80.79867896442487, 0.6382166743278503, 0.6174106001853943
79.14666873295553, 79.2243853269903, 79.2361304899559, 79.43371637422636, 79.515980713858, 79.85807348658446, 79.86441500003001, 80.45253974198066, 80.47888462440955, 81.06814405051396, 0.313589483499527, 0.3217942714691162
31.027664753864716, 32.53820063861352, 33.98431932226415, 35.62502299592536, 37.23935958705764, 38.90939393464167, 40.59383874452408, 42.28550504371378, 43.98206620314307, 45.69433333304075, 1.117952585220337, 0.17036066949367523
89.14829169184748, 89.25752950002698, 89.28532822031649, 89.50123644403432, 89.53117946000589, 89.57305739805005, 90.08985500090252, 90.14188485633731, 90.42936278683084, 90.44479316803651, 1.6796939373016357, 1.0502984523773193
86.16182662513988, 86.75510785828926, 86.90194049838026, 87.13144927326496, 88.02065050974505, 89.37955412336756, 90.08092520934413, 92.18687004665846, 93.1427980638673, 95.85506402327252, 0.44930192828178406, 0.3310278356075287
78.79945251559865, 79.34205615238598, 79.36524333306211, 80.01820616233674, 80.16182596383912, 81.92943336630103, 83.35226175854321, 85.15678684229835, 86.61135253344196, 89.01296312994668, 0.48710912466049194, 0.2922041416168213
108.50949367803545, 108.77116129904864, 109.09727582055929, 109.56570798546886, 109.67821201097992, 110.0294113490065, 110.4175985306695, 111.51968112470733, 112.43378989740775, 112.45069125749771, 0.6852865815162659, 0.6541032195091248
67.25439731273197, 68.99374529177499, 69.71842046553628, 71.27662436440214, 73.9678451854065, 74.11485085237972, 79.57150294005677, 81.05125424092925, 82.65239785305234, 82.70664151226309, 0.34044960141181946, 0.35816213488578796
55.074206790694085, 57.163703797442636, 58.11967137456315, 60.97682979358366, 63.1170397004889, 63.66152954311357, 71.13147228714114, 72.96973022006854, 75.81981993714555, 78.94089060746394, 0.5413417220115662, 0.4870576560497284
55.45808465674221, 60.52443992865907, 60.68780443852102, 61.95117716359351, 65.77034971856115, 72.06104500431606, 74.4385363780535, 75.12461609279971, 83.57912192534188, 86.11299446084152, 0.5598781704902649, 0.4740149676799774
57.237623750284286, 59.83912549236314, 61.5783939557474, 61.79750371501954, 65.62055096583288, 66.79284812878113, 69.50303261324096, 70.76066413947261, 70.834360529503, 72.95547398371434, 0.14282338321208954, 0.3383374810218811
58.611530690264985, 59.787063116381795, 61.443937735344235, 61.94482346294335, 62.18122593357959, 64.20287175927535, 65.11067395432245, 66.18364720359281, 66.3866549028325, 66.65775553250623, 0.6073654294013977, 0.4359951913356781
59.51129760433121, 62.81030645973184, 65.56333604712655, 66.59702602599843, 66.69706131344641, 67.11103717167808, 67.59432917094553, 69.27530685111577, 69.51311195865887, 71.27869267811198, 1.4161674976348877, 0.5421883463859558
62.18548712271145, 66.52095144338288, 68.54952835889348, 69.1522165511122, 69.35226224432068, 72.03456976646369, 72.17305421243492, 73.48999506503526, 74.59368236176616, 76.7782098318783, 0.40550845861434937, 0.21392643451690674
64.877168335818, 68.11290603984264, 69.10605450881378, 70.68180607139567, 71.04374143471414, 71.15644848197697, 73.28246740630736, 73.69518001184261, 74.46220527211254, 74.55331940453284, 0.8431676626205444, 0.41800451278686523
66.27518269437716, 68.6028765993917, 69.2316825376468, 69.79467687861, 71.70498331907972, 71.97616235602862, 73.03250178314951, 73.43457539914785, 74.81061607163508, 75.45880346099626, 2.5947353839874268, 0.7953540682792664
58.15557372592858, 59.57719507793358, 62.6404807532357, 65.39485327979305, 69.39511488761399, 75.89722112510313, 78.35843706541118, 78.75138551119181, 79.83967132676581, 79.99641585185736, 0.3344573378562927, 0.3310701251029968
49.19200020174373, 50.50416571465038, 55.07293453661068, 57.412277094859526, 62.90492224131874, 68.71975061021325, 73.91306721433024, 78.27262554521033, 79.74783953005397, 80.23640863840353, 0.6513932943344116, 0.6692137718200684
40.61449609831404, 44.473885338226694, 44.84467699500264, 51.81551443199789, 55.2255274033749, 63.05301830809224, 68.43202575947728, 70.33745386607087, 71.66251964545513, 71.77315800244774, 2.0159904956817627, 1.6628353595733643
38.37433788268005, 40.71327060946742, 44.05865501906113, 49.4321577759968, 49.74104132996269, 51.637902415765126, 52.74036769617677, 54.6775583696991, 58.20016774273204, 60.38456450243221, 0.20787231624126434, 0.3703641891479492
38.973212103310885, 43.456352914082245, 43.85058328361493, 45.22042065066442, 47.88612962422046, 49.71538900893526, 52.286134024567176, 53.318715178314214, 54.61188834859521, 58.142864724944154, 0.38259151577949524, 0.6642219424247742
45.85518407906683, 48.575024424968724, 50.24378877352093, 54.82989424379533, 57.77594903900439, 58.39553426881273, 58.907448903907984, 60.00259866404456, 61.15399520767478, 61.81190573539446, 0.8295530080795288, 1.404823899269104
47.90545998047904, 48.24502502809426, 53.748788010955714, 53.93858741236872, 55.16408191044914, 55.59055229010338, 55.76790024146176, 58.094710011652545, 58.747573701403276, 59.058604659063626, 0.22725848853588104, 0.2715010344982147
57.186098122873766, 57.70866515812765, 57.93420654934428, 59.18827752942296, 60.76618721587963, 61.22547651737556, 61.974521687011496, 62.347239306776636, 63.35431059703961, 63.3731630185007, 0.6102267503738403, 0.3805476129055023
56.90866340488316, 57.21829475574314, 58.948384301070206, 59.75990035153869, 60.20356595304235, 61.61351054608467, 62.35594342845343, 64.31739784900203, 65.66027824635707, 66.3382494286228, 2.305260419845581, 0.8673192858695984
56.09840944472946, 56.52853284174707, 56.91726416263546, 58.31423105984156, 58.573469014537444, 60.319307271772075, 62.5332882887341, 64.21985827519845, 64.64797097784904, 64.69346629976268, 0.12753596901893616, 0.2971339225769043
59.17974777586945, 59.751953853240856, 61.195816496915896, 61.54517783131933, 62.03246161601675, 62.42805513955605, 65.46916341166062, 66.96235901244599, 68.0991302686282, 68.74729721733603, 0.14396195113658905, 0.5046634674072266
71.97466670405697, 72.30569264531383, 72.9796538485077, 73.53612546412653, 75.1967702843138, 75.45761970741395, 76.1847296180908, 76.6042583450479, 77.41490346417325, 80.2650213655908, 0.5004019737243652, 0.9890459179878235
80.40838616548385, 80.7990503926086, 80.97410717581532, 82.05077156954191, 82.44949469894239, 85.79808027784085, 86.36792726225468, 89.60955625570146, 90.91872298874009, 94.65133878049772, 0.39369484782218933, 0.23117057979106903
69.69340052700574, 70.4735361456749, 70.72466072615732, 72.42996173177644, 72.4569509640387, 76.68151887088831, 77.38246707867901, 80.80537531712397, 82.40148068601506, 85.96324719717624, 0.20444175601005554, 0.666170060634613
76.69812157539938, 77.62157514231464, 78.32239397751667, 80.25726884849932, 80.32119113638912, 82.95327190174952, 83.48074859771275, 86.92281154477615, 87.60706007942815, 91.4706269848191, 0.436477929353714, 0.3876480460166931
52.21775592246224, 52.273454299594185, 53.36727165781142, 53.91554702740767, 55.31220542643078, 57.313140902304106, 59.72086247857509, 62.36562942467817, 62.4427322072478, 66.8357725682892, 0.2720162868499756, 0.35600271821022034
52.21650279649483, 52.266964966843055, 52.398228451623574, 53.57002108958509, 55.14347007928288, 55.50307293434892, 56.94930324695853, 60.032668396565455, 60.58287215939287, 63.53793709207767, 0.9446765184402466, 0.14438380300998688
63.79927551295925, 64.45978254538952, 65.6504097907906, 68.52977522969998, 70.33752407743967, 73.69468669616414, 76.13161894023297, 81.14744600246891, 82.06096682037234, 88.43941739926254, 2.1310951709747314, 1.326608657836914
41.44517049265817, 42.78071425694871, 44.94569490949935, 49.32454495354807, 53.65982104564879, 59.10023407257626, 65.11754505624059, 69.68807532281961, 73.35702990236538, 74.47409742087929, 0.12190382182598114, 0.1264137178659439
42.206244233846824, 43.592172965904446, 45.76799418011424, 49.929689748788846, 53.930235036255915, 59.710000397865834, 64.88675904019853, 70.24056983294888, 73.44948848211546, 74.20961732894696, 1.1519148349761963, 0.22213029861450195
73.45589415370094, 74.10747173935118, 76.29097426704347, 77.64481341446765, 81.93280044982184, 83.27160235986369, 88.45588229228923, 90.56390619181883, 94.83790006073897, 95.69399906160304, 2.230635643005371, 1.1582869291305542
61.94385976914382, 62.44616151370657, 65.94182978734003, 66.56118915757283, 68.372827846588, 70.04056767343415, 71.00079344021698, 72.7680121527015, 73.79110791784746, 75.29437798962437, 0.21421699225902557, 0.09238239377737045
54.115004440739824, 55.63446215064313, 57.68264265435087, 61.21906440356379, 64.80430644285724, 64.81940850719367, 66.68789194580529, 67.04902167406425, 69.94334720551996, 72.70732167819656, 0.6972771286964417, 0.6691672205924988
44.27106816525103, 44.34129603152158, 50.091171046956376, 50.81500258987304, 59.940609793550585, 61.19018658130009, 71.5877775872214, 73.32222225318803, 83.69888708086279, 85.73566660612202, 1.1067492961883545, 1.2670072317123413
32.693141293801794, 36.39058291334769, 38.222679494060635, 46.54487671853304, 48.87902185316338, 59.096564892752845, 60.956012520949756, 61.56838142599224, 61.6929537277831, 64.1751916194014, 0.10282917320728302, 0.16926011443138123
33.43625803241966, 36.35446439571086, 39.62140514042941, 46.00882591314554, 50.653539174647456, 52.83930431021167, 52.99854905376574, 56.92796869621937, 57.44045690663058, 58.28563661476828, 0.3850163221359253, 0.7188279032707214
56.50055127161656, 57.713867814618965, 60.212530212647714, 62.58591439836018, 66.45234191418668, 67.1667636873737, 68.03523200286783, 68.64311209044476, 70.9270555961289, 72.72149027160225, 0.9022688865661621, 0.9144474267959595
78.93503086227226, 79.94527844109687, 81.84352654865857, 82.4027999453265, 83.35414639185755, 83.89780810790029, 84.15806553796295, 84.7188776294254, 86.19575374527429, 86.20325045398533, 0.26275891065597534, 0.21143269538879395
73.59370684168967, 73.91043087000143, 74.84076845817063, 76.21695467621088, 77.43593448522537, 80.19089191254508, 81.45534341487705, 82.4062999468705, 83.05832625215591, 85.11310914594142, 0.31927913427352905, 0.9906555414199829
78.9585300119785, 79.09052741846352, 79.51770151171098, 79.69829409592451, 81.06226282099385, 82.4499534826943, 83.50830265469122, 85.65771911794477, 87.00848836626797, 89.72631348099397, 0.7768633961677551, 0.3768543004989624
75.66798995683142, 76.0161101068638, 76.0164416738637, 76.88327566374329, 77.01446024380661, 78.21700373289492, 78.72993359442641, 79.61684765754335, 81.0591879530229, 81.2231805922063, 0.41242343187332153, 0.21992753446102142
73.69417187227802, 73.82935701558443, 74.13456203061054, 74.75144799192246, 75.46035006651634, 76.19097036170704, 77.50857565653935, 78.08207086579205, 80.03745634006252, 80.06224056662751, 0.2756493389606476, 1.172120451927185
93.3938054723958, 93.42776370566976, 94.06893188210495, 94.11000321475119, 95.16645997606666, 95.62958104714, 96.22816016060261, 96.24688255345988, 96.60493275703908, 96.78333429968444, 0.2695387899875641, 1.5901291370391846
64.43384310163705, 64.593670287472, 64.88680252938438, 65.1353374467377, 66.01622974758304, 66.06197860036515, 67.08649104485795, 67.93533803452647, 68.37865711960286, 69.92985794036377, 0.3263879418373108, 0.40644964575767517
58.06691251372994, 58.222489398250204, 58.98395337474546, 59.30112116663537, 60.696860940145704, 61.281604179754325, 63.10762102772802, 63.91193857332484, 65.96658129953215, 66.94974767904917, 1.1963059902191162, 0.21246615052223206
93.92994067734065, 94.80320830393003, 95.0118526462549, 97.75015838562662, 97.82963899663147, 101.90692073149864, 102.5110054189437, 105.2896223291689, 105.32487275563231, 105.95011579556376, 2.244673728942871, 0.9502485394477844
31.144474273962963, 34.84491310573913, 36.26004048068123, 44.69710789058683, 44.91855259694201, 47.12147993059836, 47.20230812434217, 48.548408105208054, 54.863276680600634, 57.319768540253214, 0.11211421340703964, 0.15644271671772003
27.206575338378457, 31.064662920163865, 33.00236986471117, 41.68253050639984, 42.41509696613984, 44.55206752453198, 45.36008874621518, 46.27817457056395, 53.53957418454501, 55.348195616403544, 0.5131336450576782, 0.3522150218486786
70.25280812964132, 70.40566071711618, 72.70422127118914, 73.24094664864205, 74.2016249624061, 74.52013700258357, 75.2259056261222, 75.9436933969024, 77.48284398169447, 77.52484618881508, 0.7457780838012695, 0.4829810559749603
31.426029886632456, 31.50761061526549, 32.80853743677956, 33.12451490463126, 35.318567745326, 36.141628224608525, 38.352631391522344, 40.206360198190396, 41.707689853575, 44.70455193888609, 0.6924788355827332, 0.37257349491119385
34.16379834743168, 34.897996539867954, 35.120922703027, 37.11045169149306, 37.2914093671207, 40.261960498051735, 40.766571072475315, 41.97003167148253, 42.49457291814283, 42.7545080201664, 0.19355694949626923, 0.5106574296951294
40.2757958536835, 40.59027115436148, 41.141076597473315, 42.03077218287136, 43.02336598180465, 44.337702126466425, 45.891475635245065, 46.97989321983171, 49.20147925228879, 49.963807019778365, 0.29716944694519043, 0.3262910842895508
26.512391487355625, 27.00161312909704, 27.692970162139584, 29.199791084982806, 30.352893855776518, 30.42649378731947, 30.50957886248511, 32.22527268391768, 32.47954022497772, 32.7155289036835, 0.34846022725105286, 0.43363484740257263
23.15758955062424, 23.418914221657207, 24.953391039206974, 25.41190533122602, 25.55740279621845, 25.84540572729477, 27.351756301163853, 27.384174861732298, 28.491286369058436, 29.705328953915096, 0.3506714105606079, 0.20735850930213928
18.119307805615716, 19.042834884788192, 20.08642375982694, 21.990502916346788, 23.993406433669037, 26.235512815051557, 28.757406450494127, 30.970327146766174, 33.94726500988741, 35.28334801271504, 0.25501304864883423, 0.32853007316589355
