59.06400088771827, 61.64205152725312, 62.36766326334665, 63.8684853158998, 64.11085018128209, 64.25675600210344, 64.72792619168574, 65.66961581226082, 66.3844372624738, 67.01946875762077, 0.761123776435852, 0.4950351417064667
55.84381160445514, 55.90798107415301, 56.928570737681966, 60.901195741377975, 61.98952414399909, 65.92914491849695, 69.50811727581522, 70.69780141443971, 75.68143696388854, 76.12564540341583, 0.4702286720275879, 0.5201006531715393
53.655087570175, 58.369635729957615, 61.13748392593398, 63.15009475944854, 66.26586041895759, 66.36420727517586, 67.57870032174715, 67.7508703321452, 68.53743725640143, 71.05003757934163, 0.1224667951464653, 0.12667272984981537
52.31571873497233, 57.730220360140855, 60.62567948112519, 61.89742840143534, 62.37180103597954, 63.28497346403791, 64.20009481753135, 65.70508626120775, 65.8707561253611, 67.72628914463864, 0.47044336795806885, 0.268942654132843
54.39501725127488, 57.10281201444532, 59.91425247375934, 63.14836023523053, 66.26558871493862, 68.75099732669852, 74.67685902335849, 77.64023197529173, 82.8513116310974, 84.02660582606478, 0.35220304131507874, 0.28917086124420166
52.141946179772496, 54.002434745837256, 55.635186434391095, 58.81700957538409, 63.34938690399702, 66.09083658831982, 70.76068498576886, 71.9761078452586, 72.77899829628205, 72.97727256703259, 0.15563879907131195, 0.11784657090902328
71.37984891728212, 72.75446761356558, 72.93587892038953, 73.43195044954304, 74.90293742743087, 75.06129086323419, 75.87645450632567, 77.05120119307777, 78.47040705452116, 79.73212894939327, 0.19929008185863495, 0.32441282272338867
81.36727011191921, 81.54462271202333, 83.26850618525, 84.0201828925541, 84.2842810170925, 85.02100331171431, 85.16603575198351, 85.25765087381077, 85.55376265857328, 85.77447155621647, 0.3673560321331024, 0.32259678840637207
59.91587355286531, 61.39873535483841, 63.415252205294685, 65.05968597786423, 65.85295899445404, 66.42336528477533, 66.60079248601869, 67.85146128243665, 69.32751395291632, 69.43419492694309, 0.14878243207931519, 0.13468313217163086
59.81393742430929, 60.84830648594838, 63.1872839527276, 65.46810491625956, 66.09495873211374, 66.17223232067764, 67.06798166986059, 69.78186867955976, 70.04985474089193, 70.36014331979736, 0.4265858829021454, 0.3079433739185333
59.68444540058649, 60.60381823282297, 61.12920712485538, 65.37072652630393, 66.82087872594107, 67.01233588131775, 67.23024431236468, 69.48923227976653, 70.22817095554119, 70.27803147952442, 0.484514981508255, 0.3015998303890228
60.98604809293671, 62.28515653864728, 62.55474400070281, 63.84488118332455, 64.38258873129692, 64.60437559705659, 65.37068287259004, 66.98854187085674, 68.0127919665756, 68.84165181166615, 0.12566374242305756, 0.12846411764621735
58.93477538824479, 61.10443225167515, 61.40990896774471, 62.0013246845211, 66.63477545440121, 67.05062165546548, 68.23983513488908, 70.22176951003804, 70.24717318214938, 70.28012482581424, 0.5522407293319702, 0.426934152841568
61.14272460987031, 61.266997939635296, 63.933350250201315, 64.25079737024845, 64.90917700288077, 65.6975097873594, 66.33311736743234, 66.59857550056542, 67.31474270973148, 67.69917227971098, 0.3386881351470947, 0.3175921142101288
58.354687803240864, 59.042227114823994, 59.45792569753778, 59.598232852460285, 60.207095948939454, 62.0971641921036, 62.21451233151031, 64.6856812232711, 65.36215113575588, 68.34244161051913, 0.13286887109279633, 0.15043191611766815
50.94494374239832, 51.16286302277947, 52.75278000419715, 56.94475720383738, 58.95251131966993, 61.84915456170962, 63.34198309591749, 64.85126634842078, 65.88636554733553, 66.37175563108065, 0.15873654186725616, 0.3184945285320282
71.93504805477282, 72.03049916885182, 72.975602873979, 73.26068288815564, 73.82476088077027, 74.37370690925425, 76.92470802909749, 77.01464284626473, 77.09101167629099, 77.46996785696011, 0.9049344658851624, 0.362644761800766
75.60536210830374, 76.54251943323999, 76.56065376211912, 76.77911020241298, 77.54504407766395, 77.81146590174149, 78.07225065919903, 78.30091451321016, 79.08820745515295, 79.80775937777483, 0.21642574667930603, 0.13065248727798462
75.908148458903, 76.92006048815557, 77.69048850784152, 78.0538954878237, 78.10300787590425, 78.43871691501579, 79.22718089411073, 79.47669284745298, 79.84575357736904, 80.05573391700513, 0.6733134388923645, 0.37332600355148315
67.53715851617216, 67.88966900772442, 69.9523131695196, 72.10980029158846, 73.58518899984693, 73.69307716487228, 73.84527994303862, 73.84577122697743, 74.83383796287265, 75.36375005327096, 0.40204426646232605, 0.3413892686367035
53.55653212946393, 54.60777780492476, 58.17378575981531, 59.725778394245815, 63.46131798264017, 64.01101914076166, 64.43815973549216, 64.63127984495478, 66.97826956189317, 68.08235871652299, 0.1166653111577034, 0.13902360200881958
48.74721465940711, 50.18671281229366, 53.067354482985095, 56.07806188457584, 60.422784260552696, 62.3097731405975, 63.13658434534473, 64.34184859609341, 66.11029143754443, 67.06424103112631, 0.7376536726951599, 0.14989310503005981
81.18785368253168, 81.53670251979825, 83.02340808519375, 83.5436976713412, 85.34546937587425, 87.52979834926431, 89.12906376332171, 92.28905246355752, 93.67364560730385, 97.61192280560896, 0.545759916305542, 0.8684257864952087
107.38316103357691, 111.84159510511063, 116.18944808707006, 120.47637546013141, 124.79717335823311, 128.91699465662478, 131.31324279486205, 131.4204105097777, 131.51402853480602, 131.62709548616985, 0.10825726389884949, 0.22641757130622864
30.52926807293584, 31.97967895881089, 33.41047349595348, 34.854652916489485, 36.31221151117776, 37.78006513995857, 39.25019443469988, 40.76471119905344, 42.34540450669358, 44.00854442546055, 1.6831011772155762, 0.09360868483781815
120.99436708875517, 121.55423690196488, 121.89176892576509, 122.03064557504914, 122.06445660628714, 122.25824696167957, 122.65197386037428, 122.93652032932488, 122.94281830070514, 122.98830374348309, 1.6698611974716187, 0.6595792174339294
54.204668340354964, 54.98595554405316, 57.47482420283287, 60.109292273947574, 62.99092084278746, 63.05962873814318, 63.20947752106979, 65.98820328453196, 66.9801965594788, 67.14610204831537, 0.2323760837316513, 0.11178886890411377
48.51668055661896, 48.527488056644415, 50.027478961958636, 50.28285124996386, 50.695495982526275, 51.69954624715805, 55.554449773071326, 55.68768774373156, 56.99224407738553, 58.31266730139886, 0.4792711138725281, 0.40776562690734863
59.34916466847999, 59.92350239917176, 63.46720161722104, 63.80779100551161, 67.44954678187923, 68.90429632216458, 73.9415176540129, 74.374494928031, 75.43523287935379, 76.27599560488865, 0.43003255128860474, 0.2941571772098541
46.86113097505865, 46.922538407775434, 47.241861150271255, 49.89832857562465, 51.28530932656055, 52.60091403786722, 53.284725592901815, 57.11752691561476, 57.65171130574515, 58.78814645862678, 0.13568495213985443, 0.11233484745025635
42.534527205909086, 46.27968040144752, 46.60974660493887, 46.83214314273192, 46.91837278082905, 50.774616927981064, 51.79662947264257, 51.96280796453183, 52.823484123290925, 53.496727906153104, 0.17082911729812622, 0.4276532232761383
54.130792732939234, 55.181756638208945, 57.69230585480844, 58.37172081933626, 63.802763300366685, 64.384528340967, 70.39987153851858, 72.21060241896741, 73.07178909385149, 73.77863615615092, 0.14818377792835236, 0.793881893157959
64.56671770872279, 65.00735010048164, 66.09432908895023, 66.29881493149156, 66.34027023180539, 68.15737279547078, 69.40845262144904, 71.80720953427657, 74.43914101798875, 75.78993523190566, 0.14631648361682892, 0.21542666852474213
64.24285147541637, 64.73568905382545, 65.36199096006844, 65.88799020160724, 66.37781501825633, 67.9086766592153, 69.91273682896211, 70.45197285134786, 74.56425584533532, 74.95569517340418, 0.5008772611618042, 0.7331544160842896
65.97472910524638, 66.31744440612958, 68.38580256047503, 69.28516562188553, 72.06100589006275, 74.26029416265581, 76.2190294744248, 78.37897941383196, 78.58947924942339, 80.24383050651035, 0.7195817828178406, 0.22440679371356964
66.16884384866327, 67.908787295986, 69.53528512839931, 71.99458652001093, 74.37942937540855, 74.4187753539551, 74.79377721084157, 77.4158829840773, 77.59906399852588, 78.45254796258732, 0.3586682379245758, 0.134935662150383
67.10881296856853, 69.31095262607258, 69.91319660665833, 70.81207157467668, 71.02537613439594, 73.3484744624353, 74.03729378509014, 74.11202958109506, 74.39916781297246, 76.67523088098974, 0.7588247656822205, 0.550001323223114
66.24431764348994, 66.72333284463151, 69.52030116864427, 70.60119369645426, 75.81337380592113, 76.08501915569433, 83.02281025260365, 83.13563995255365, 83.83502320517294, 84.27348480810903, 1.1862772703170776, 0.3588668406009674
55.949505896003956, 57.49253093231988, 59.12935015450056, 59.88148089529101, 61.63484294879807, 62.29016768785072, 62.94591759713432, 65.64480524987596, 67.52112191381832, 68.64662258839283, 0.14785908162593842, 0.17497551441192627
52.88872924396084, 54.994249559664624, 56.71386969397425, 58.182698556518275, 60.0718807419041, 60.597731160528156, 61.06690336745717, 63.65600984679933, 65.94899533177333, 66.19705454248462, 0.4511755108833313, 0.27769917249679565
58.912981917252324, 59.87585253262543, 62.53084092037407, 63.97773655287187, 65.70410597205534, 67.04175677361361, 67.33349161269442, 69.27748646756947, 69.4494371611354, 71.65987146304808, 0.3327159285545349, 0.23577292263507843
63.230422049757344, 64.03613710501806, 64.59325270660042, 65.14650799289937, 65.55487478229244, 66.42619181564122, 66.90162801121305, 67.18496967959562, 68.4031126056349, 68.74584077518703, 0.2326788753271103, 0.17359375953674316
56.03767445601575, 56.17106583309848, 59.12060030334514, 60.07307620004949, 61.41563752292804, 62.21680466374743, 63.80856253336152, 63.87911215316609, 64.70585239147772, 65.53435659884808, 0.2325218766927719, 0.3346382677555084
79.94081974879022, 81.46554756107024, 81.97318637559599, 84.17813419038805, 84.26796461859696, 87.49627595378986, 88.24821744119491, 92.95145878739271, 93.48245675683091, 99.4096682854828, 0.38189497590065, 0.1404017060995102
83.1766748451668, 83.23375390076878, 83.86814463150262, 84.27644815784402, 84.8788241548099, 84.95427871989146, 85.65066544136236, 86.80723091362437, 87.79786519132034, 88.96382126025895, 0.25243768095970154, 0.1067681834101677
84.80013956330681, 84.92926920061777, 85.05405655312074, 85.10610186236221, 85.13406766434134, 85.17907033804786, 86.45296569112945, 86.81942840976332, 87.98855889338996, 88.68243569039294, 0.4162478744983673, 0.3425511121749878
78.51868026423806, 78.91301030616962, 79.68328337608571, 80.65063784000193, 81.55449261961193, 83.02577302693108, 83.15797822387297, 86.2626947104023, 87.10936120735114, 88.64487752667881, 0.30796492099761963, 0.7024733424186707
59.728423846281906, 60.427138924719216, 60.61525967600926, 63.14853779036503, 63.9891744117002, 68.06581474178137, 68.86165343594263, 74.25174152472617, 74.80643494340752, 75.97148347003898, 0.1701015681028366, 0.14040745794773102
62.99211623297281, 63.22692261989055, 64.68485366432915, 65.37829152479753, 67.37957927538835, 69.97807057119029, 72.68953712438072, 73.51922478522124, 73.56710488969554, 74.65539994838738, 0.5611493587493896, 0.5323715209960938
62.1719379623737, 62.3336128375142, 64.79749470602952, 65.47561232796755, 69.05955088888552, 71.21490680348197, 74.85962087329801, 77.05012700872408, 77.48781421433567, 77.76356740158776, 0.825343668460846, 0.5747044086456299
57.14485495112097, 59.06799791826469, 59.80161829453532, 63.25147033260365, 63.48410339954161, 64.50411175497304, 65.9324704159792, 66.04217159271866, 66.10823259624786, 69.48605985021591, 0.1870799958705902, 0.27166038751602173
52.179025953835215, 52.95273971270403, 55.77279003484413, 58.90082755840734, 59.19350076238387, 59.82327107931482, 61.08861774177735, 63.15738255392267, 63.325940120977165, 64.76505008790542, 0.33147743344306946, 0.6458678245544434
77.13013831430695, 77.83011154237386, 78.51681528483896, 79.79102550766177, 81.70919376707747, 81.94576529339999, 82.01783405027977, 82.5411230198361, 83.09939559904294, 84.81555284119828, 0.387510746717453, 0.6265605092048645
69.114276246105, 69.27394167721359, 72.18280079871728, 72.57680986702883, 73.28453423426532, 73.42319701335892, 73.9930630427726, 74.4734523047706, 74.84640571995139, 74.85200175677421, 0.15268124639987946, 0.2568804919719696
71.68285528566666, 72.84128592848869, 72.96774849930837, 73.01675858853898, 73.02463950654759, 73.37721340812207, 74.66777592467122, 74.73188157279421, 75.2543974490385, 75.39465439464844, 0.7012775540351868, 0.5033681392669678
74.29256962369192, 74.52468251514276, 76.14920751303029, 76.48319972341565, 76.93886717195907, 77.48658494663542, 77.78444549350769, 78.13207846537375, 79.14917615844627, 79.9799104887151, 0.8284270763397217, 0.41453391313552856
66.04198549852906, 66.84903593323318, 67.07669687655513, 68.52161592505702, 69.50072510070869, 69.55850030187226, 69.66297933768102, 70.31363990400592, 71.79269284475494, 72.42154739696433, 0.21662767231464386, 0.13542811572551727
62.20446898207946, 63.00291837541954, 63.54831373292887, 66.03582421719985, 66.18559586877207, 68.29143925532921, 68.63164217640886, 68.69647700901571, 70.66145615979288, 70.89407641362772, 0.1827918440103531, 0.6325274109840393
61.97837236840756, 62.01197487260967, 63.3727545583315, 63.602171448280124, 66.01187495936477, 66.3908381258595, 67.7143340574752, 68.86257060997697, 68.87202289194946, 69.80781751403775, 0.1831359714269638, 0.3781909644603729
49.31187014007134, 49.649717261579234, 50.91055530101631, 52.33236903970528, 53.82329606107744, 57.14476564548542, 58.848425879492794, 59.401611202163544, 61.44452998070246, 62.48955583955324, 0.19591598212718964, 0.13692252337932587
49.553346911359256, 49.916281678323514, 50.016477627552796, 51.02506923199594, 55.229585913571526, 56.91300617914992, 58.36339837049037, 60.188267602587565, 61.18755189566531, 62.111222141713256, 0.13739585876464844, 0.6369046568870544
60.312021497295625, 60.35247837709245, 60.91576948092824, 61.273463390628145, 62.42052172499679, 64.60418245535305, 65.1649096958385, 67.04547400458165, 67.79337531884885, 70.15062603376089, 0.08764973282814026, 0.165724515914917
60.204457301806315, 60.616120120724574, 60.65870989098284, 60.93925716273405, 62.54436253300022, 62.97332683301888, 64.35432818947493, 64.56834740339461, 66.42440281919369, 66.815253138536, 0.29945796728134155, 0.21344490349292755
62.92023403899384, 63.84017142465768, 64.01338270148752, 65.1356890727998, 65.219285054825, 65.80903290341384, 67.33016195372659, 67.42222004157827, 69.38796365543425, 69.43140288091169, 0.20341455936431885, 0.14481619000434875
61.093424220606586, 61.19824892978828, 61.23379471883899, 61.3442695050527, 62.70863015850187, 63.525748558450665, 63.64022152986622, 64.97054119284674, 66.3730534817983, 66.803222731452, 0.138987198472023, 0.1324782818555832
47.87967394951097, 48.11966398470018, 48.33646908358614, 50.045911117098825, 51.359155685057935, 51.65035231022172, 53.90880603108447, 55.52284249486574, 56.32467163230915, 58.647843239876174, 0.15256313979625702, 0.20385895669460297
49.32921642976463, 50.589407953993046, 50.640997958559076, 52.490292804685076, 53.3638388721681, 54.06861604528734, 54.92884765918934, 56.86643491829678, 57.03777694611504, 57.720004400037695, 0.19846519827842712, 0.14272204041481018
59.155520920535004, 59.54342881555098, 59.55124026778085, 60.594430474682184, 61.32227850814829, 62.36729642181749, 62.91485730781857, 63.46516603883793, 63.99664001709937, 64.01408977640315, 0.28211626410484314, 0.30023857951164246
57.31996688417362, 58.11766423921138, 58.35508317798313, 58.57237120075606, 59.23773545402584, 60.59781967925401, 60.66863121800431, 61.46172044205741, 61.494143552100134, 61.84501923346058, 0.18113933503627777, 0.1952158808708191
57.037198483620344, 57.28473020470096, 58.02983968568409, 58.9680607406148, 59.62950025841149, 59.751912164766196, 59.8553898053434, 60.847883242557046, 61.11107383975469, 62.48252724136392, 0.17828425765037537, 0.13578514754772186
56.62343762579421, 57.369121977267966, 58.01344126253344, 58.33224194147164, 58.73410066169543, 59.08460331084474, 59.24717870356812, 59.46198256744362, 59.68661991446621, 60.08252119988565, 0.1008114144206047, 0.1627933233976364
49.54088784516197, 50.36400597447879, 50.47163682960277, 51.31112092785248, 51.392187605653234, 52.91011763177397, 53.0889223696674, 53.6407264707095, 54.734467984958044, 55.3366051274109, 0.1293155550956726, 0.3246341645717621
54.58457794784872, 54.79372100891694, 55.472698161911374, 55.601450527241234, 56.27559745707297, 56.50211636604024, 57.867011322011, 58.276956077736344, 58.401348451573426, 59.100425060055414, 0.08540163934230804, 0.18042218685150146
52.63400962372515, 52.86475941056384, 53.155748130952276, 53.76874428264582, 53.972648733904876, 54.49600305462684, 55.00806105879358, 56.22760002586583, 56.3109422465845, 57.68598238007304, 0.13356415927410126, 0.13205933570861816
45.09839696151415, 45.28514897070829, 45.29140695235744, 45.337750616801294, 46.72269329544882, 46.9072902374863, 47.746791422141946, 47.87626358047226, 48.40115839912184, 48.879428131672114, 0.2633930444717407, 0.15619368851184845
46.789707943413525, 47.244344716630295, 47.33960000090757, 48.03523789502433, 48.449332991370284, 49.45594167985523, 49.58628788057973, 50.909693527230836, 52.00368351199828, 52.55394613327419, 0.25139790773391724, 0.09480153769254684
61.42821473951983, 61.69454217067145, 62.20819640571882, 62.24333640739291, 62.37356193983759, 63.194016982240235, 64.13570323515903, 64.19834138570621, 65.73288045683734, 65.95700410524091, 0.4461899399757385, 0.12057539075613022
69.06030419172106, 69.28879328518728, 70.56585549039225, 72.27740121751606, 72.6446183386992, 75.00123725373335, 75.12159917644517, 75.7978695549686, 75.92851920708763, 75.94110964626411, 0.35237917304039, 0.16155226528644562
64.29503580527333, 65.03118534044972, 67.3175624746056, 67.7951911870808, 69.98711700958424, 70.42949255855773, 74.81714582360739, 74.90598986781234, 76.82845799438246, 76.88543861264864, 0.3459358215332031, 0.16607429087162018
70.60485704464408, 70.8107180502763, 72.17243572060814, 73.62713474547068, 73.9873724126896, 74.63672110491224, 74.67106551353918, 74.80925584198809, 76.10823743532009, 76.54991428522598, 0.2908375561237335, 0.16296306252479553
65.75304120025785, 66.3020108209635, 67.72132956513285, 68.79383962964097, 68.8933240290255, 71.6004392432588, 71.75251757914738, 74.50799937835765, 74.57535530229211, 75.30980409680583, 0.3370366096496582, 0.24353766441345215
66.8997275704877, 67.65893206035311, 68.07348043800968, 68.11866836176497, 69.25541582822572, 69.33333999421825, 69.85018865448943, 70.43735540165763, 70.61282551810201, 70.98771568540548, 0.2859257459640503, 0.24267135560512543
67.47023819705349, 68.1257720407993, 68.27850947956416, 68.66086489481974, 69.53763119673974, 69.9573018545914, 69.9752342643052, 70.09878685671477, 70.49020371940306, 70.52663837295054, 0.2675701975822449, 0.20848484337329865
61.128549053760885, 61.86812061961957, 62.740853192589064, 63.15947647214514, 64.44351081167406, 67.32973488955147, 67.41526568327578, 67.6033033220877, 68.3616539870187, 68.38391676047048, 0.36102795600891113, 0.2939600944519043
53.134075478792646, 55.433187880071436, 56.56798958580411, 56.57306472367607, 59.52438833140982, 59.64223951517405, 62.81328045005456, 64.74401566068377, 68.25317539154356, 68.98196671601089, 0.1408575475215912, 0.24963603913784027
52.86507906149259, 53.87518876636504, 55.884502822869635, 57.037979120614175, 58.37502723691398, 58.82450644948304, 63.139986471601645, 63.35478155163236, 64.56379848891586, 69.12258354470636, 0.26477283239364624, 0.24219560623168945
52.86302526262904, 54.25306924669355, 55.811982618820274, 56.00628860967841, 56.59601608960895, 58.33623244262605, 61.078547991534535, 62.06014319974476, 66.16658945522738, 66.16877959808943, 0.24929916858673096, 0.2413450926542282
56.05331071065655, 57.65218672808309, 57.91511308691849, 58.15717850668019, 58.38508729835555, 59.539046537137295, 59.575842858989546, 59.773188061476546, 59.79484549611486, 60.02798101344217, 0.44173935055732727, 0.12792691588401794
69.34671399479552, 69.649959330834, 71.01080217627936, 71.62500105061504, 73.01397122949807, 73.9297922163899, 74.29428476870238, 74.29662228839403, 74.59647650353014, 74.97674351921111, 0.7156335711479187, 0.2202085256576538
84.62481817797386, 84.66570487855644, 85.28932275959092, 85.44562059745985, 85.94022615995253, 87.72795684609271, 87.85348508600835, 87.88713770469678, 89.01750817095234, 89.06862773753622, 0.2627297043800354, 0.33030685782432556
79.16910960333445, 79.22037470181645, 80.14157159459408, 80.46344957114081, 81.8630017262799, 82.17322412785404, 85.19988052871105, 85.62715872890811, 86.73938970763729, 87.13237723128084, 0.4712512195110321, 0.3010283410549164
85.76029269740356, 86.02125224376766, 87.64782033997675, 88.3144584067631, 89.00405614952724, 89.37735739707652, 90.3588923407934, 90.85801829236293, 91.29507711457566, 92.12408535442438, 0.3729577958583832, 0.4439934194087982
77.63841694284186, 78.97560667055203, 78.98051636845183, 81.36362651615673, 82.85715200255848, 85.56814289905945, 88.30814761078186, 90.90456894338755, 91.1923091074602, 91.57771727989153, 0.40469592809677124, 0.23412859439849854
85.70783117883796, 86.73064096173158, 87.69297967990138, 90.00161873802045, 90.71357683679068, 94.34709125440271, 94.98619612982553, 95.49299007184764, 95.67620343190266, 95.70758017675256, 0.8606650233268738, 0.4239215552806854
89.51438144790161, 90.33330409620942, 91.24674977922717, 91.9464981068179, 91.95886360939377, 92.10083622807156, 92.64900449321999, 93.86926967945442, 96.26460138842299, 96.37633783276777, 0.5989910960197449, 0.33041197061538696
72.66590982888714, 73.8796837372883, 75.18134406980516, 77.07105155271772, 77.51767074125202, 78.25082149623556, 78.79939255770502, 80.50333766754666, 81.69973238079052, 82.53724529361064, 0.34957846999168396, 0.31645649671554565
62.103014271945355, 63.910650182045664, 64.99132681934948, 67.56412361852894, 71.127450325782, 74.10906193485282, 79.01664949569066, 80.90084465863796, 82.5052034522446, 82.76419977507973, 0.4583854675292969, 0.6500794291496277
51.76101733800716, 52.083990758363775, 56.22939212740877, 57.79677348809399, 62.567614296712605, 65.76526971961327, 70.00995155850339, 75.39260554475068, 78.37315093986605, 79.42644452969016, 0.45333555340766907, 0.3538578450679779
47.57668421732268, 51.124795596439526, 53.062904349213056, 57.89294487899414, 58.66326221061486, 64.3679348097174, 67.3815611700534, 72.40410285508403, 74.82268312322084, 76.38793307864618, 0.36518675088882446, 0.30939826369285583
47.36333508416453, 51.2133524345113, 52.16222660739149, 57.30324046318911, 59.025219301794, 65.27240614635002, 66.12190874955638, 67.15758865015626, 68.43574471730243, 70.45442860345327, 0.5025853514671326, 0.5022859573364258
47.378271025783576, 50.73214417680892, 52.370797167832805, 52.39541917514088, 52.46208598025519, 55.615058801977405, 56.437863099460166, 57.69978582293309, 59.22746945849346, 63.569526128238174, 0.5681242942810059, 0.3682910203933716
47.59694092704821, 48.90004889469549, 51.58997895984943, 52.90407748793864, 52.998212592353426, 53.47140184923151, 56.70670407448835, 58.67944387483264, 59.730865838334566, 60.29249884580205, 0.2155376672744751, 0.3321065604686737
56.36625240441369, 56.55011156922502, 56.63016934474252, 56.992008562154915, 57.03844833149629, 58.157580709154644, 59.39115130323139, 59.543392653217474, 61.131706066452516, 61.70764069450627, 0.6401534676551819, 0.5619063377380371
54.70331331926262, 57.50505337010138, 57.84069423483078, 57.98284685507679, 58.08736653890529, 59.20153197139415, 62.84458201848452, 62.99810665139123, 63.46920643225579, 64.72709871505596, 1.3860905170440674, 0.41999807953834534
52.834910012870125, 52.97658370325262, 53.954734911914464, 54.415201889483455, 56.900214193753555, 56.96117756866431, 57.23058183507579, 57.52969857985677, 60.716769559808654, 61.748788732889594, 0.2211485207080841, 0.31793901324272156
48.55032758544149, 51.01188374329472, 51.40678728295153, 55.27119548130546, 56.794274304512875, 57.126614563844626, 58.42747626621351, 58.93400618235753, 61.22728625574521, 61.97912813581456, 0.23229064047336578, 0.6457014679908752
80.42511766643406, 80.88904485335568, 81.2096870050215, 81.26731001782136, 81.34654446747933, 82.11188523575866, 82.95230719801718, 82.95902267734202, 83.95988717771883, 84.25676674608675, 0.19883953034877777, 0.6605915427207947
95.08870835345617, 95.770294377403, 95.88652763092134, 96.7322615415164, 97.41912276222025, 97.43287524075586, 98.43897110507811, 98.84871266275414, 100.52690854327335, 100.91628543044847, 0.14510753750801086, 0.34059938788414
92.94919322429116, 93.26660765447122, 93.88230115658334, 94.55089097282367, 94.97442040932656, 95.5521892250098, 95.92617637141386, 96.33267221240652, 96.73739492632026, 97.05189728979285, 0.16449186205863953, 0.41962528228759766
83.68080126093342, 84.05804685385128, 84.06573980925226, 84.35314126244589, 84.58826459556334, 84.70158534412333, 85.2635675100146, 85.31092739410464, 85.93546970661981, 86.31034606977502, 0.20517170429229736, 0.11102230846881866
45.760812377012684, 46.1670653144878, 46.545675951857596, 47.8312569958377, 48.309490383321766, 50.01793614430044, 50.898222198543834, 51.67447189763415, 54.190773058816625, 54.906566543948045, 0.16378548741340637, 0.13457803428173065
50.614329991209786, 51.02619812697339, 52.00409769527174, 52.218794653377735, 53.11525788865886, 54.1964306722181, 54.81135138903266, 55.97527808988726, 57.303043214307074, 58.17258241560587, 0.33208274841308594, 0.17116421461105347
54.02402236214316, 54.770904782610195, 56.136048688810654, 57.67962962359818, 58.66313156554485, 58.82275694635403, 60.43202024254449, 61.347049328058844, 63.30130718408681, 63.66682839921801, 0.17368340492248535, 0.1707412302494049
53.23042979741565, 54.548783558728616, 55.04021034661181, 56.987027781102455, 57.394883950967326, 57.49314387171987, 57.682556131079686, 58.44323035516199, 58.57828483292342, 59.308040473613616, 0.10803648829460144, 0.12912140786647797
49.98167548566652, 51.24487974751895, 51.349733531159856, 52.870296481229246, 54.543599936604586, 55.46017892551356, 55.98516817337304, 58.40781480765086, 58.94426137200418, 59.74847710245767, 0.36029520630836487, 0.2877914011478424
62.337966580975646, 62.37759017682272, 62.974437155194344, 63.35960229996993, 64.0715162957785, 64.59200414306699, 64.62706049632976, 65.80696836047204, 66.31860313136168, 66.44446280371537, 0.7851691842079163, 0.14144949615001678
76.93678820344032, 77.08379817757398, 78.13548912989361, 78.59413754375223, 79.16996899090523, 81.12582829059886, 83.39164553623075, 83.87621168108795, 84.40930098778482, 84.86823036650506, 0.39588138461112976, 0.13523302972316742
88.90979434168229, 88.9825786454798, 89.7999482068455, 90.30062235117167, 90.46707075516107, 92.7641332262545, 94.39352867368737, 96.9627168756968, 97.02366592405834, 97.57869323497302, 0.27043628692626953, 0.31876665353775024
94.98211564042602, 95.02978301107372, 95.31496679346407, 96.32029878622032, 97.30964060715974, 98.43216912627214, 100.00855574456443, 101.08777379658197, 102.59796124675397, 103.19489915803167, 1.0313425064086914, 0.15993012487888336
91.37002094139832, 91.55162111057551, 92.81910699655141, 93.24711491413471, 94.88342141084954, 94.95393471202463, 96.5087206748852, 97.13012920800807, 97.87616315471558, 98.31139799436819, 0.7696324586868286, 0.13760094344615936
74.39776873045794, 75.29885446962496, 76.13198419813223, 77.08427442548916, 78.02652585013504, 78.15367903678936, 78.45129821670753, 79.02036625985649, 79.02608605857412, 79.29432537166474, 0.6456161737442017, 0.3127777576446533
73.10017958890637, 73.89582704105936, 73.89827773364028, 74.02549806918762, 74.6095623066425, 74.83388021842585, 75.36255083070048, 75.68743148386014, 76.06113746364858, 76.50312557106247, 0.6247586011886597, 0.34434300661087036
60.518250603919654, 61.1055097616653, 61.178089557563354, 63.5651070738601, 64.01002870885135, 66.84586365789616, 67.3233789170242, 71.50064704295241, 72.33631289680048, 72.81746347043129, 0.3704950213432312, 0.14498206973075867
58.81973544151869, 59.10541631867684, 60.35531492734239, 61.43513708754015, 63.17677704901084, 64.20165714584779, 67.87673342998333, 68.82888419507142, 73.56889594481049, 73.8086280850158, 0.2159242480993271, 0.28053829073905945
60.52699750129924, 61.42404147935065, 61.44824576673018, 62.10132446709284, 62.23375199821694, 62.884028880996944, 63.368960470787314, 63.70382039433248, 64.98131300457396, 65.53066571807055, 0.23242971301078796, 0.14436201751232147
51.93904402739053, 53.39561214098993, 54.21862858263435, 55.91164698357673, 55.970773565721025, 59.13891324473293, 59.65898765000489, 62.80012245903835, 62.80147201230009, 62.90316406093922, 0.15092304348945618, 0.18882393836975098
53.49743354294448, 53.569912059134815, 54.89545248909613, 55.784791194042214, 57.06332395206682, 58.708114886476984, 60.17862797618744, 62.37371155324244, 63.18009944940862, 64.6065382344246, 0.3377647399902344, 0.2954201400279999
73.60662897690996, 74.19642738588986, 74.4836433177879, 75.04801769455378, 75.09566352907147, 75.42121386960521, 75.84706656607382, 75.84707888659423, 76.23802484998583, 76.3812110372108, 0.28599488735198975, 0.3129185140132904
76.73539966290409, 77.56729292164306, 77.76412113686087, 79.1309031352451, 79.92389092940748, 80.03853627347081, 80.13341106857959, 80.75051511527826, 81.7570614277818, 82.67533761661176, 0.236916184425354, 0.2120450735092163
75.08469820184139, 75.40410342996202, 76.65660094030889, 77.18074827907543, 79.16136187714115, 79.96973860022534, 80.42308038763676, 80.88994948690151, 80.89831653208546, 82.52718849760663, 0.25335049629211426, 0.29176250100135803
70.54378652139376, 71.24216029365918, 71.34360384712413, 73.98809685022842, 74.29661969974119, 74.59912915647719, 74.62685838957002, 76.47179654820815, 76.91048377918992, 77.31284147381656, 0.22393636405467987, 0.20470905303955078
46.77044373314254, 48.804181900201684, 49.09663425369989, 51.8644329417746, 52.438750516810906, 57.19519607123385, 58.42291463887208, 61.292520122512784, 65.26697321783101, 67.10930557326552, 0.19443672895431519, 0.14457625150680542
48.718362921255135, 49.446136169347724, 50.95501366041865, 51.68859125750153, 54.65803997893044, 56.9895380965409, 60.63684608857519, 61.13877905546993, 66.39221806095888, 67.414825459909, 0.141757994890213, 0.3448182940483093
69.90412195118107, 70.39471034335725, 70.91038469126185, 72.09233115204536, 73.40911374341073, 74.11895117349972, 74.60200683258641, 75.13334173898878, 75.7990477376295, 76.01909982436892, 0.16247591376304626, 0.1448661834001541
65.65746570643084, 65.78339490960445, 67.42720405744925, 67.95477846019656, 69.8649728272151, 70.61564216641894, 70.75596047695295, 71.013312527604, 71.506137650368, 73.05043319126035, 0.20990869402885437, 0.13771949708461761
64.13126489841655, 64.3686757674567, 65.7430433700563, 67.1525424761077, 67.19262546689009, 69.84422365822392, 69.99423556264439, 70.344775798798, 70.434649255477, 71.08153414564134, 0.8229459524154663, 0.2613040804862976
60.36908926492548, 60.43013184392814, 63.1904435919151, 63.42758037493934, 67.18588339514329, 68.37521925761051, 71.62250011458464, 75.33018023682354, 77.03488133575107, 81.86501108283733, 1.2931815385818481, 0.26140764355659485
68.47733081677222, 69.39513728598129, 70.7171396563821, 73.08653768645146, 75.21036546748985, 79.32924835769285, 80.37212922765664, 86.27066482744819, 87.35279073708212, 93.00887186451021, 0.4431527554988861, 0.2193586379289627
98.46465410128735, 98.54660332250309, 100.01515581609465, 100.58810952350618, 103.63374016176387, 104.91988359957958, 107.16300308510026, 110.32528422574946, 111.00044754972303, 115.76453125065615, 0.850709855556488, 0.319571316242218
120.18826732159486, 121.21207896469319, 122.30359525414053, 123.61238595893072, 124.52093991805287, 125.13400812512567, 125.59834455764721, 126.72321054939783, 126.88091439327677, 127.45241918592035, 0.9362530708312988, 0.2052738219499588
109.75360616172233, 110.49726681667569, 111.87724881024151, 112.64372564573607, 115.46243199801502, 115.7086881504419, 115.93490208964195, 116.37253558325472, 116.45091367723481, 119.48708397806563, 0.24281629920005798, 0.28572073578834534
83.87639092333805, 83.96924242296672, 85.67145532821552, 87.34652038236997, 89.22162040617238, 92.10828565203482, 94.4744250687944, 98.18163317223464, 99.93549847711184, 101.01799272521261, 0.36734697222709656, 0.25082120299339294
65.96634113440633, 65.97932195582487, 67.28469804882718, 67.97402688023749, 68.41618675693097, 69.26395496622011, 69.2953843656903, 69.57918713646454, 72.47975738271846, 73.19842752408643, 0.48521679639816284, 0.23607273399829865
51.10564932634978, 52.45881700593361, 55.285378128056124, 55.61723966072065, 61.94743862331173, 62.10312526941187, 66.84464576418841, 67.48784743301414, 67.6048856913954, 68.68862920827071, 0.3363626301288605, 0.2560642957687378
76.04539445546612, 77.94575646883123, 78.4869503592404, 82.0469692334117, 84.30565777958859, 85.11707836680053, 85.8176046603576, 85.83863432507245, 87.70776952509216, 88.23847119771462, 1.1025084257125854, 0.47114458680152893
82.5920024187903, 83.80161055461984, 86.28307559374139, 88.92824410493833, 92.63253695271688, 95.84403244420814, 98.40974311618858, 102.15471144096423, 106.96670328752427, 107.64811769696459, 0.6963382363319397, 0.7466873526573181
79.44471069492612, 80.41433059640576, 82.89268179442658, 85.21614383262227, 88.58912351616242, 90.06405257789875, 97.39796773143303, 99.13972366107109, 105.76421493024947, 108.5503039448697, 0.28170087933540344, 0.29466456174850464
83.88674219718781, 84.879163182497, 86.9916853476373, 89.13757533075812, 90.81809582905029, 93.05054189888428, 94.50460056651644, 95.03928859727314, 97.11572182826372, 98.80420751860544, 0.47222840785980225, 0.5461252927780151
77.14844316825345, 77.15373068254918, 81.1443707017134, 82.1619865483895, 85.97556459002939, 86.63788669828814, 88.50527816860782, 89.80720487212733, 92.39199070750722, 93.73964441803592, 0.3070497214794159, 0.6718732714653015
82.75879921593962, 83.46771730428728, 86.45581913736638, 89.12894450328234, 89.1583985801604, 92.31801248048205, 92.53293169127812, 94.28353567481886, 95.03853716313664, 97.14392865347621, 0.41798511147499084, 0.31184855103492737
88.40418984550429, 89.5074091837978, 92.10955508099875, 92.79482153784912, 93.28648373078991, 94.48364807539636, 97.43408522148125, 97.50674147142307, 98.12459035445958, 99.60849617410872, 0.21391500532627106, 0.3809081017971039
103.30562183769482, 104.12051911057272, 104.2243353080622, 106.27338602698448, 107.50694387201567, 108.84611570695276, 110.73441835496615, 111.22128929773638, 111.33813977034758, 111.43060520475758, 0.22956380248069763, 0.805555522441864
115.75738631215236, 115.9481039299199, 116.47961588097084, 117.16240881202675, 117.23502008445475, 117.32078124087494, 118.62052055425589, 118.74011602294382, 118.87722339533701, 119.10435142320921, 0.3485211431980133, 0.35330232977867126
110.01819400068987, 112.44658116745238, 114.21306579356192, 115.4909098783801, 115.79795679493711, 116.26180519889941, 116.26880739470104, 116.6834442418994, 116.70113344660933, 116.96435869804957, 0.23100753128528595, 0.49986669421195984
106.02304464954942, 106.56308547519592, 107.24178514317276, 107.57226847107688, 108.03197681337095, 108.14010498287374, 109.18511654276378, 109.45777459571289, 110.02419996166304, 110.48748286368051, 0.1433868706226349, 0.20646940171718597
94.61446592100802, 95.23620991841877, 96.06426749168521, 96.23962678495711, 96.91786405253119, 97.00386311107131, 97.88158255981661, 98.08823976427028, 98.90831407737531, 99.36198827433711, 0.15730272233486176, 0.3644464612007141
91.8416619656668, 92.0724033593119, 93.1433989413638, 93.26682802987386, 94.33325380952729, 95.13835584792552, 95.31821910924694, 96.19976720972522, 96.22453163496776, 97.30137763129257, 0.1171812042593956, 0.2115020751953125
86.58592859106085, 86.83783710835061, 86.95415423070607, 86.97599870930347, 86.99936595337705, 87.2195611745555, 87.84856409932597, 87.87451856051247, 88.07638198031577, 88.1341976594273, 0.09750820696353912, 0.16598081588745117
45.87856923747666, 46.20790528945023, 46.791392624730264, 48.41603975779599, 49.52564835156953, 50.729567096059064, 52.35759486355562, 54.741334640195625, 55.942424488140674, 57.154209333788174, 0.37249764800071716, 0.34399184584617615
62.8504524736792, 63.49278085024946, 64.11303174054704, 64.62861786401048, 65.12574577421806, 65.49227521607156, 66.84228769359663, 66.88686746674612, 66.90818179708855, 67.51686872227549, 0.09580741822719574, 0.12387052923440933
36.728259609430594, 36.78267955266405, 37.99347613124144, 39.57107317023089, 41.64765285163654, 42.21720281043334, 44.53382730314268, 44.937093367148734, 47.814619863956715, 49.61508202689813, 0.13113979995250702, 0.08202584832906723
42.77787390005438, 42.87154084354073, 43.30742750809372, 45.693114044887544, 46.68703691827379, 47.104266795022546, 49.15553307531252, 49.452335438639565, 49.5884171748149, 50.38880657642219, 0.1686335802078247, 0.24590663611888885
50.42756661520404, 51.59829040984507, 53.57221559202546, 55.17261948028428, 58.12567790857873, 59.03955190771056, 61.999268951971096, 62.96259276369845, 65.17641028333718, 65.92892668422489, 1.0081422328948975, 0.2020038217306137
103.50045016968338, 104.13828291434133, 104.82672956828159, 106.92078582740697, 110.0807993668047, 110.57928589052611, 114.81293767668171, 116.97075421399731, 118.75313374872218, 118.9133154117604, 0.9113625288009644, 0.24297137558460236
81.21543069178665, 85.11315473610121, 86.59717479375193, 92.24098720839562, 93.30857280656528, 99.725416070453, 102.13950352678224, 108.3843715879734, 110.9368254790415, 117.72178678013198, 0.5620496869087219, 0.3737184703350067
82.43417609702742, 85.67986006173295, 85.77313455009121, 91.6248489707248, 91.9007000582675, 98.59310018876015, 99.38350035119005, 106.76276488656094, 107.91050827271104, 115.48450638605252, 0.7398425936698914, 0.20077578723430634
104.50425946171887, 104.52142880393806, 106.63791948252894, 106.96161159467601, 110.4537448207178, 110.62520523245675, 114.21583312945114, 115.6964485143653, 119.02533043046425, 120.87025839436056, 1.1611517667770386, 0.2073301374912262
89.73829889299078, 89.82224628390718, 92.89613650552899, 94.06551777380655, 98.23319437384222, 101.17339136514269, 104.97191552755329, 108.53678212443765, 112.38957794459348, 117.72095107283754, 0.32100972533226013, 0.5406381487846375
69.6401814343648, 70.76023702349801, 74.59617196665583, 75.12947453231807, 82.3095723516825, 82.93771908910011, 90.80955964454843, 91.60336762819159, 100.05231723623001, 102.18732696216432, 0.9060747027397156, 0.6674060821533203
48.70399523346231, 51.87416987723243, 54.747495843880415, 58.24815072301237, 64.33347514394052, 67.58342240178693, 74.86966091756486, 77.8550041450419, 87.18335861443227, 87.94163069161225, 0.6911072731018066, 1.0861326456069946
50.819933118974525, 55.07645254764974, 55.82300633053258, 61.92490774746237, 63.452784830833075, 70.80349375821521, 73.10874517266116, 80.40405586688162, 84.03897318399318, 90.03593837387433, 0.43851858377456665, 0.3201048672199249
71.67336559128698, 74.0648500718293, 74.96093782580932, 79.45128925123511, 80.3963434110057, 86.43931033813483, 88.2477536736335, 94.02847081467505, 97.61372411256716, 101.26619143125448, 0.5863865613937378, 0.7707245349884033
90.27162604564852, 90.95866644360609, 91.76736678364522, 94.04339112540595, 94.51374840870334, 94.99320048186715, 96.19627891014099, 96.84802055102547, 97.16626462383792, 98.0712162971546, 0.5945783257484436, 0.7279128432273865
70.13586764678037, 75.01336198847237, 76.13712144379072, 81.93928719229142, 84.71298462407508, 88.9783668828585, 94.14762008576783, 97.89058841497243, 99.03251820869077, 99.81101452567265, 0.13260844349861145, 0.5095265507698059
76.1336708265869, 78.2191582132262, 81.54867524019417, 82.56341140057836, 88.24764773527144, 89.62932773505666, 93.00711466779862, 94.40150303210858, 95.51552538797151, 95.59935067610319, 0.4202174246311188, 0.6817293763160706
75.70654373189944, 77.38836415701508, 78.84711749157353, 81.66274421210198, 85.56941479074128, 86.44228548155348, 87.39537731100329, 88.00732467427669, 88.86802074663531, 92.54454642297752, 0.5773348808288574, 0.8248036503791809
65.39954451360146, 67.02463229645049, 67.9857352635462, 72.67381054766702, 73.26995567765798, 74.16831789539897, 74.59023346710761, 75.87974190326979, 78.45426872261929, 80.54249615036119, 0.2698582410812378, 0.35845670104026794
59.50147886162176, 61.375309591675304, 63.25427667775314, 67.37449340570535, 71.04927214577188, 74.27885494082601, 74.4762705132041, 75.85341011168357, 77.56808070691108, 78.91174316756867, 0.6298598647117615, 0.7442721724510193
55.023461472081756, 55.58153975112631, 58.72031694181356, 59.04375071606705, 60.63458953655177, 61.987367340545696, 63.70374735407133, 64.85343568318743, 66.56772554254415, 67.4646081467393, 1.3001115322113037, 0.6152324080467224
47.88744328095633, 51.61227753562951, 51.914055565396815, 59.179483141943095, 59.61188744827339, 66.52947328138576, 68.10767000179413, 68.23741710869153, 69.25219825064258, 70.03201250679555, 0.3525327146053314, 0.26038941740989685
53.873582324921784, 55.653691161872004, 57.77448665516193, 61.606429901277124, 65.48335387144802, 69.49350508848576, 74.3068654851412, 75.41476484323083, 77.10152627425346, 78.44146176991843, 0.18776565790176392, 0.5351814031600952
75.19281368836758, 76.36101913186204, 76.77966058972261, 80.3574403260036, 80.6516640789378, 83.71078991232729, 85.1354860211902, 85.20477245089046, 85.28483993385974, 86.14149612336564, 0.18560336530208588, 0.5966246128082275
96.2350694907161, 96.61532558633708, 97.06684353114026, 98.62015323951174, 98.93993403088304, 101.00820767059552, 101.34880180293574, 104.04983579484033, 104.18699570475096, 106.89894671941902, 0.17613080143928528, 0.23384948074817657
95.30699061722206, 96.01251919489584, 96.24935703139819, 96.61355271916298, 97.10519159565902, 97.63882382490398, 97.91655676395493, 97.92236371484024, 98.40021227824914, 98.52002496233753, 0.5122880339622498, 0.3482036888599396
86.54701132368358, 86.6017595168369, 88.0845061750154, 88.7359770743253, 91.27411664300364, 91.6617166910503, 91.87250914051381, 92.27852343303122, 92.80561282889846, 93.98756066590795, 0.6436396241188049, 0.821110188961029
51.573347062482036, 52.459145234575224, 55.62296717084527, 56.80287218374956, 62.21561090359532, 62.992708532759266, 66.30773932903546, 67.03330582765366, 68.96360666766854, 69.54630523872426, 0.5466801524162292, 0.2564797103404999
66.79968334477388, 69.69221761130949, 71.15376920718408, 75.27745488747273, 77.8413804527326, 78.6769129178688, 80.32570447070616, 81.17039660409945, 81.44821533324453, 83.11508462818729, 0.6953206062316895, 0.5688695311546326
50.771228725311275, 57.4593079159705, 59.539630873656705, 65.51430461084551, 69.37421551516216, 74.81917458522736, 79.77256997667784, 83.18148284913823, 90.77490158750784, 93.3984780889921, 0.47507283091545105, 0.6048213243484497
61.06058054262527, 66.65438351190927, 68.85369002589044, 74.0667890436155, 77.57431536231401, 82.43985385489931, 87.45808738929391, 92.19202036072193, 93.06784773998105, 93.19781869495999, 0.27508723735809326, 0.17265765368938446
62.37215660734894, 65.29053839223344, 69.14557153075616, 70.6606923521072, 73.43368270323045, 75.11402811105768, 76.30890183526942, 76.65865164713458, 77.29826055016377, 77.62724931613126, 0.4077429175376892, 0.38433364033699036
57.370515959718155, 59.832910631113606, 60.064200875361266, 64.26240139086553, 66.22783221930507, 66.68678436414515, 68.04317545493296, 69.09422958922724, 70.92962906358203, 72.3396939282715, 0.5279979109764099, 0.8199552893638611
53.07759195598286, 54.74250627673169, 55.53347417643295, 56.58434303307251, 56.84407384768677, 59.89733310104981, 60.01734632812006, 60.70010189272871, 61.36236618827499, 65.86791590878975, 0.3558844327926636, 0.372957706451416
51.42375707028998, 54.07022262753356, 57.05574345357451, 58.447966112220435, 64.89772368659972, 65.56886585876873, 72.9296903525777, 73.0534924454854, 76.9781211940516, 77.43944251900115, 0.3397492468357086, 0.6355007290840149
71.2868296380305, 72.15386091193608, 75.2270627779423, 76.66034878368748, 82.16900930364925, 82.31053773415111, 89.1227835834224, 90.62347734699668, 96.25040735888743, 97.34796554059633, 0.32286107540130615, 0.46529966592788696
93.4813551887227, 93.83806026346541, 95.14913352497358, 98.77023641547945, 98.78468392575323, 102.47178850673603, 103.10757665149069, 103.67644535420912, 103.68416191594754, 103.8936042514336, 0.18957272171974182, 0.3009488582611084
86.08556854279841, 86.70286981156464, 87.04214863433089, 88.55478054912474, 88.5783244886147, 89.40659918231415, 90.65348535232667, 91.45294295920678, 91.80327702269521, 93.23745497329483, 0.13833487033843994, 0.6639938354492188
85.4040778535562, 85.77794218050273, 86.2770100417923, 86.37042601216264, 86.80500984867132, 87.06848167137463, 87.21731218137354, 87.88122448143247, 88.66521965546299, 89.41229783051882, 0.13563746213912964, 0.5248064398765564
65.78727053356255, 65.8272289714437, 66.23901863910969, 66.87590791592304, 67.1470432366954, 68.536039330659, 68.71595425700596, 70.35632577568252, 70.54478714415013, 71.95423329906981, 0.31149619817733765, 0.15881824493408203
59.502020587721546, 59.85966121349302, 60.27843238999028, 61.07453749976578, 61.42922232218978, 62.20782948598284, 62.883480360527734, 63.93810390474028, 64.82170906124921, 65.60473668039228, 0.20327900350093842, 0.5389009714126587
62.910612967839185, 63.35626411586443, 63.528881829532246, 65.17853817892504, 65.55622387746506, 66.4560829228654, 67.78731427545645, 68.10973237395245, 69.58196241736223, 70.39201232206466, 0.10537717491388321, 0.14051848649978638
40.20531549039343, 41.53314936639256, 42.240460286982064, 43.77351175011244, 44.291193317263826, 46.04849411772939, 47.55079034469228, 48.92584139937696, 50.34114385071828, 51.544908172718074, 0.5663946270942688, 0.29152098298072815
41.007101185011415, 42.06390975305155, 43.68028023738073, 44.1330089400055, 46.140620069541974, 47.42665474624425, 48.95966714375291, 50.474810798637655, 51.602273758564564, 53.47648427620091, 0.21889178454875946, 0.22262036800384521
42.46244403558093, 44.76111925889798, 44.76173809580141, 47.26672350526033, 48.657284203552145, 49.72932803963219, 52.12062516262633, 52.70324200912712, 54.54322248411125, 55.68752387301046, 0.10248515009880066, 0.10094970464706421
41.42074957416784, 44.130026985256556, 44.259842072351574, 44.52827757917527, 46.303142455811674, 46.69847622834786, 46.94402839713945, 48.47015720976239, 48.479058219408216, 49.36678531570946, 0.1751907914876938, 0.42050161957740784
69.98666330782987, 69.99760606857329, 70.87005172010221, 71.58856645553004, 72.52790546249975, 72.84468147353412, 73.37514682571522, 74.07358110940261, 74.30236910530768, 74.54874219936835, 0.18045379221439362, 0.21472716331481934
82.93038471680197, 83.8688683037599, 85.31389044833091, 86.28131569009288, 87.68567304422099, 88.85135866870621, 90.14979906801767, 90.26769563358859, 90.27723832872513, 90.4399703686556, 0.3017899692058563, 0.18145263195037842
66.04492767083546, 66.48147158065684, 67.44646067532923, 67.76257091875225, 68.6112500016757, 69.4503566847599, 70.62048285139662, 71.51093295981622, 72.74969481383226, 73.83212849477785, 0.1712588369846344, 0.2380909025669098
40.29517505544806, 41.494339718884206, 42.71015916684545, 43.95387813576228, 45.19332352595526, 46.434927493200135, 47.70312267114696, 48.952976121374334, 50.205248562549535, 51.473642994517135, 0.9767066836357117, 0.12146564573049545
102.84920219106992, 104.09866190121242, 104.96383891680712, 105.76894936681349, 106.80802536165383, 107.397347920961, 108.29118906351393, 108.77409759492757, 109.22192619589757, 109.83893551636203, 1.042237401008606, 1.0960155725479126
105.48548096223324, 105.49717045396487, 106.39824783558218, 107.19509596359002, 107.77664437344227, 109.8795899236389, 110.22609662646855, 112.63838146613372, 113.68788123707013, 115.09151515781296, 0.6205326318740845, 0.24726641178131104
114.78133350340947, 114.86850358365855, 115.7253424833111, 116.44853168163768, 116.8758827869874, 117.98786203137773, 118.5762759518685, 118.60119303606153, 119.165296241211, 119.90210435335246, 1.008860468864441, 0.1507381796836853
110.0221333391647, 111.17665426486218, 111.42839738947784, 112.6880781592192, 112.83157528723687, 113.47368235641159, 113.7751150684035, 114.32244715783982, 114.32384982172611, 114.39748762552581, 0.6584338545799255, 0.25576016306877136
96.95799796560802, 97.18273538633532, 97.23398517671225, 97.25866107319622, 97.41288490663858, 97.5329178506446, 97.874862974568, 97.91144331274957, 98.19820976828457, 98.24320101989139, 0.4079071283340454, 0.4435446262359619
72.28318491485005, 72.90229407055749, 73.14662750224868, 74.20042243277946, 74.22515788456936, 75.92192497197907, 76.1287121661479, 77.41714240630543, 78.60487885111024, 78.86804016369602, 0.1734866499900818, 0.16938094794750214
44.4172448226046, 45.174170328673604, 46.045241311427546, 48.22834114821881, 50.42191625399845, 50.92298458631902, 53.259245712672026, 53.59565329694177, 54.258619767498466, 56.44878533780716, 0.23410198092460632, 0.09762894362211227
46.335658097099184, 47.607843500340365, 47.87977379973993, 50.370348351937245, 52.37089969496919, 53.738452212873064, 55.42777685583041, 56.365857848953254, 56.39486630585855, 59.008761185151094, 0.23862236738204956, 0.15811733901500702
67.33891309680855, 67.8324701468207, 68.60083116811496, 70.07786318427031, 70.11715514271425, 71.99999560516683, 72.09995675336683, 72.98154919794662, 73.95061451654607, 74.36480250184732, 0.285118967294693, 0.21432165801525116
51.63801676643223, 51.88484807718901, 51.940123384750116, 54.04406001226787, 55.23591764604541, 56.4303291608314, 58.22105089938316, 58.303245840744786, 59.42197421694262, 60.12212353160601, 0.3014962375164032, 0.20566843450069427
49.07586544832374, 49.27783699747273, 49.77698163694028, 51.454429130344344, 52.0214147155815, 54.11560552436946, 54.43374841352719, 55.743451474977526, 56.654357353357305, 57.509755974513574, 0.2723022401332855, 0.205201655626297
47.32005740106847, 47.57383904088713, 48.18796371479846, 48.230502121014496, 51.03283184081616, 51.31747696896592, 52.581907176447224, 53.180279341515806, 54.35584304326776, 56.028814250293166, 0.19894517958164215, 0.32096725702285767
47.755313737385734, 47.86348329705647, 48.04122131944936, 48.85503400697893, 49.68827473163008, 51.284718621382005, 52.41646018877603, 52.8712420406219, 53.70686312474073, 55.188896466226666, 0.15104344487190247, 0.23892776668071747
47.80075978591444, 48.221093824614094, 48.392293018373216, 49.31764727196222, 49.66013027814961, 51.00871894491607, 52.621059984143486, 52.86176655670398, 54.031136421465675, 54.41858620099272, 0.17403730750083923, 0.23411338031291962
48.14134201091946, 48.35566415372667, 48.5881328043359, 49.437132737926824, 50.54020667920012, 50.74117630802297, 50.8213800678306, 51.125347542297376, 51.192897557569076, 52.1673939326209, 0.32470279932022095, 0.250582218170166
58.03400447694635, 58.20019548012661, 58.296433316068246, 59.42125526705048, 59.46905549133136, 60.271235261941975, 60.640621756109006, 61.21174302513145, 62.02021188406981, 62.65113244289791, 0.4274529218673706, 0.14229856431484222
61.3386976601933, 61.77855119190109, 62.30355300557306, 62.346330181934654, 62.48701650989619, 63.14793661776626, 63.87547911136272, 64.30869650073457, 64.72684668995745, 65.67927056913366, 0.24955229461193085, 0.17502553761005402
59.64863833497542, 59.65054256318276, 59.8136783908625, 60.37646288465411, 61.085766288232335, 61.11280126479985, 62.88501599685126, 63.20765998522406, 63.63753439025199, 64.34439236651039, 0.1963416337966919, 0.3076702654361725
51.73769161717112, 51.88324346242898, 52.578789367005776, 53.235687749754824, 53.99929235213617, 55.03147423287664, 55.76697018212551, 56.58567816460383, 57.2022398491515, 57.463710552621166, 0.15668562054634094, 0.16639843583106995
42.95458054480246, 43.25800454680212, 44.459614963610775, 44.999634174373476, 46.51864008947843, 47.90883401925072, 48.667507921495734, 48.839399591293564, 49.127775211824144, 49.64494036642329, 0.4634373188018799, 0.17499078810214996
42.581392290490484, 43.21513586859784, 44.3379137989692, 45.3869644541514, 47.335474862915966, 47.669397468965265, 48.93637342222501, 50.51938235886971, 51.77446812162007, 51.96242366033075, 0.4632126986980438, 0.30845052003860474
71.21423496177745, 71.23985817128961, 71.40813718513814, 71.89822139675583, 72.13278590754362, 72.60583058918678, 73.16483211512507, 74.00891849231105, 74.67481069052437, 76.39136344000853, 0.9335824847221375, 0.41651010513305664
103.55585488473146, 103.58211802798151, 104.04304274832471, 104.4929963182172, 105.16519993428132, 106.00502091096257, 107.11201280523574, 107.71122289861819, 109.0368921185631, 110.0640300260674, 0.3614990711212158, 0.1729831099510193
125.4998722939723, 125.50841606185816, 125.99656979278174, 126.01119421663239, 126.53076214330919, 126.65740350916528, 127.73675342804468, 128.01802559902143, 129.3959137535226, 129.78733621406482, 1.2636693716049194, 0.21125924587249756
156.69564778968783, 157.02981886951008, 157.24523681292837, 157.57769338042624, 157.9843599184546, 158.95920112342154, 159.9625057519482, 161.02127255520136, 162.8601610290298, 163.7060256301694, 1.3447102308273315, 0.7362703680992126
149.23462562400707, 149.78210153861238, 150.29109886430814, 152.40217463804538, 152.74708942206664, 155.33885475742625, 156.8514751267498, 159.25774214412854, 162.02293525316838, 163.97512465250446, 0.5946788787841797, 0.38923758268356323
150.07328894255568, 150.34370342601244, 151.81172675890923, 152.1756216704698, 155.36977543023062, 155.55049807186126, 159.05886274627457, 160.2719813336389, 163.42399953421744, 165.7307257562878, 0.8849060535430908, 1.2533544301986694
129.24688923425373, 129.35901713878295, 132.23578955675833, 132.53700887812147, 137.19619221600564, 138.04794678751273, 142.7384631361749, 145.08859116242596, 149.69453222855626, 153.0116225944508, 1.106111764907837, 0.9148598909378052
94.83887121312272, 95.47803421195675, 96.3339555823495, 99.68847528569864, 99.73965131771763, 104.75247522788781, 105.41505279994347, 110.81262591945482, 111.18941308494412, 112.30565165706243, 0.5149760246276855, 0.37887856364250183
95.44162599379484, 97.12439344585981, 98.20128751531031, 101.78501362074205, 102.15930949499082, 107.83337996042005, 107.9547399096767, 110.13048087211918, 110.29854297658483, 114.03840778961398, 0.869421124458313, 1.107877492904663
74.73037321587653, 76.44711006679744, 78.87192500477549, 86.87818146670496, 87.23587730136606, 96.67683014379631, 99.29474433987806, 105.8357635128765, 112.28956053152483, 116.62865223926373, 1.0690889358520508, 0.8666658401489258
52.17844633548134, 55.949844174830446, 58.098159656331035, 70.75666226344327, 71.13969161862484, 85.19614062071237, 86.88907940306919, 98.01277899330084, 102.58523264692886, 112.42407235798278, 0.6894185543060303, 0.5118929147720337
55.28911769917629, 60.115403415390375, 60.8844092975166, 71.34920439822612, 73.79238420261609, 84.77984913038273, 88.67372945500234, 97.53817427064817, 103.46726146643537, 111.7529298465072, 0.9209491610527039, 0.8016918301582336
65.3026693349576, 69.30435010818161, 69.97197354843036, 77.83944885211294, 78.45709618488314, 88.25570511772762, 88.8948324393342, 99.9312783017326, 100.05182471525369, 112.18468375254469, 0.9714826941490173, 0.8042240142822266
96.30373239710174, 98.40510130932066, 99.0457252928822, 100.2664680008516, 100.31749557923933, 101.75400672495878, 103.25373930654074, 103.37111552763483, 104.26412957956666, 104.78901959900904, 0.4932997226715088, 0.42987844347953796
124.95817004932688, 125.56949612648809, 125.83140001265421, 126.58244202175838, 127.83206625475866, 128.06022795116195, 128.33162491653437, 129.1551326475854, 129.87147277993896, 130.6338604187564, 0.9994522333145142, 0.9222262501716614
123.64927740448591, 124.5012777182309, 125.46391960630301, 125.94935796506452, 126.05046007704289, 127.7301732465274, 127.78466378523413, 128.93949721539516, 129.31874354238877, 130.79877506981205, 0.8174184560775757, 0.8720762133598328
73.97315185132676, 74.90148619636717, 75.40385733364676, 77.13300090867884, 78.3005714373572, 79.2802303932321, 82.97276025282729, 83.0410673739396, 87.54816138800912, 89.22938777704114, 0.6149796843528748, 0.3879261612892151
64.59733724970191, 66.38890262606913, 67.64225724165787, 70.37541573909073, 71.83859386226958, 75.75930774867442, 75.83741866318798, 81.22087194686249, 82.68173195318218, 87.24052910596554, 0.31995445489883423, 1.3129724264144897
108.97629991168311, 109.04958390466979, 110.45097701857182, 110.6226148119324, 112.8966576538562, 115.06669689846808, 115.62721454385328, 118.75826464945281, 120.49034640379837, 123.13223862579548, 0.5029218792915344, 0.9620130658149719
120.22832372734598, 120.36181328486839, 121.76148380965225, 123.92415828680939, 124.71246488099767, 127.33877457813759, 129.1063687452039, 129.8149671672034, 129.8812504859429, 130.54986497068808, 0.1967087984085083, 0.5522515177726746
113.17531835083363, 114.39955260572893, 114.4180967820471, 114.57883448539002, 115.31116814229138, 116.61684131502317, 117.27994368471366, 118.73302914821544, 119.39094188316615, 121.99596514224281, 0.3147668242454529, 0.3195222318172455
93.82017877387595, 95.1572100245061, 95.62071717593017, 99.05577827769325, 99.84446483684081, 104.6589519413173, 106.1283539539082, 107.746871362202, 109.16903856549618, 109.1770452819551, 0.8122244477272034, 0.9126936793327332
80.14042392588944, 80.70801538567262, 82.21378582047537, 83.43130968933589, 83.84526552382488, 84.81396448146411, 85.22751259624243, 88.92846488063543, 89.08185567071882, 89.75850826851017, 0.27093151211738586, 0.5035224556922913
84.02720785396727, 85.35357282530845, 86.6194483660983, 90.52031126919137, 91.41755677759284, 97.72421143438304, 98.49475024984324, 99.99795402227652, 100.5872374936888, 102.82271090580214, 0.42800813913345337, 0.8671749234199524
92.09240241097744, 92.19064762249268, 94.99220247638405, 95.32379618663718, 98.61996098663573, 99.24121545011963, 103.4115595849521, 104.17141903200597, 108.52301589819398, 109.62768718241786, 0.17522357404232025, 0.789418637752533
88.36596689860814, 88.68346685864964, 89.41303828677356, 89.72193712426443, 91.37765786473008, 91.80821250976062, 93.30967989203263, 93.52283724822686, 95.41329621707655, 96.04465356278058, 0.3494342565536499, 0.586479127407074
79.34648337100217, 80.82952793147152, 81.05380826172073, 83.7532701365556, 83.83721350887217, 85.09616338255232, 87.04769407826575, 87.19200360585518, 87.19612324331567, 87.97120037892498, 0.3412013351917267, 0.28142067790031433
74.81161063173641, 76.15440089698271, 76.91407761034577, 77.86957299090268, 80.05715386521695, 80.89399191509457, 82.95942709244986, 84.13661455576785, 85.98569180243852, 86.97414910628675, 0.13837306201457977, 0.4736151397228241
73.8249318573187, 75.47070905496055, 76.8980712285992, 77.2651106210845, 80.65785817305579, 80.67556000390738, 83.52785721261894, 85.04926942084619, 86.7748300950952, 88.42442724880534, 0.15013693273067474, 0.1898311823606491
72.31686655348517, 72.85950596838939, 73.1731564934533, 74.83521692004605, 76.1320888045746, 76.69923664804709, 79.07508202538028, 80.61862647699832, 81.77419144633373, 83.93484133952681, 0.10729165375232697, 0.3123410940170288
91.79332117234932, 92.35430295335199, 93.26822045471502, 94.40670664058061, 94.42481496271074, 95.54836286809459, 95.90213589400356, 95.990661114962, 96.29377219990457, 96.38957521547299, 0.1662217080593109, 0.6181837916374207
55.335896169016216, 56.201250111646054, 56.65568973712553, 57.2589954852633, 57.32307441814306, 59.43003227533844, 59.55181072491645, 61.25925997492394, 62.744708631363004, 63.867734085008955, 0.3698906898498535, 0.39865243434906006
54.840731821902104, 55.1555720451373, 55.29155308287208, 55.43337743993135, 56.38297162393185, 56.99749063815929, 59.02050271754911, 60.245019463484695, 62.8340909324798, 63.552099562649445, 0.32857373356819153, 0.25034984946250916
54.36069298611757, 55.029731736846514, 57.04307716385826, 57.10142148218827, 59.11822336782065, 61.33420322483199, 61.6762481545388, 63.112908987616535, 65.06601010603369, 66.00786928007214, 0.15911239385604858, 0.11084245890378952
57.43261640991473, 57.968720218733324, 58.31019092921144, 60.447520030633164, 60.88878535945758, 62.714625295917, 65.01100330516661, 65.88652150418935, 66.76734320276846, 69.09713879550166, 0.3590870797634125, 0.1136324554681778
66.36282357345398, 67.40960654597549, 69.0808020204137, 69.29510682805075, 71.63309437073322, 73.55743366500758, 74.1236895449962, 74.64010088638032, 74.96105704562817, 75.80069032668713, 0.1902821809053421, 0.20598383247852325
45.01950259746782, 48.50568636030717, 49.46965243080043, 53.49913843952991, 54.1172912471209, 55.87183341023125, 56.2419042053857, 57.15204826277328, 57.22719744071977, 58.827901603408414, 0.16824254393577576, 0.11170023679733276
50.13535996104621, 50.43942874525472, 50.692552620098446, 52.365135284433194, 53.28247204609047, 54.90745320442841, 55.03861689565756, 56.01517387045891, 56.89597564857467, 59.30342598935803, 0.2018926739692688, 0.21670246124267578
51.0063358072043, 52.63535244194737, 54.143494445296064, 54.934337196124886, 56.87980272287931, 57.41429504697263, 59.142039769510845, 60.79188714072721, 62.408268768921545, 64.66413272715214, 0.16150473058223724, 0.10683760792016983
51.4332686517473, 52.37917401627971, 53.577062888321805, 54.02575365311339, 55.741302365550844, 56.03652583212475, 57.63464841646463, 58.26714384142544, 60.944117460241195, 61.943957925970295, 0.14426739513874054, 0.13855284452438354
40.65065641436844, 42.80639689063534, 42.94291268695424, 45.13250524067325, 46.766890401477056, 47.824346592372976, 50.91029354607516, 50.93879314490396, 53.625469818480774, 53.85929746149891, 0.17266342043876648, 0.3674311935901642
67.05445657526815, 67.96178490907376, 68.23115573278564, 69.71404710982232, 70.21939157700623, 72.32371636774802, 73.10948681213523, 74.24602072848947, 75.74981816552456, 76.8609276781099, 0.19492240250110626, 0.14688697457313538
51.07255891639106, 51.52266176541899, 52.79364113345087, 53.042924362413906, 56.00318136352158, 56.31807935862999, 58.57634998277123, 60.68196861249321, 61.52802332496404, 61.536651102194924, 0.38992464542388916, 0.16713421046733856
64.00355996776763, 64.62622785853529, 65.76871969552107, 66.07683290589065, 66.53171402183078, 68.97887310536665, 69.56853791844239, 71.48079394668181, 71.72685409732745, 72.55861790286184, 0.1629001945257187, 0.26783934235572815
69.97302118148414, 71.01668524241019, 71.76644707486783, 72.55966189822874, 73.81265549512798, 75.21810343021988, 76.56523477137296, 76.99096548207586, 79.1404840708043, 79.2667090623645, 0.3559727370738983, 0.23673489689826965
60.39511918106994, 60.72418669342381, 61.15241312325998, 61.66135227963648, 62.02235570934001, 62.07030305849853, 62.241804864950325, 63.2861512109394, 63.32102196983741, 64.24454392384551, 0.30013835430145264, 0.15280000865459442
45.51748149504121, 46.18244339712347, 47.79170045423853, 48.68175120130558, 50.07681817783468, 51.57155901951455, 52.07678848506714, 53.828610772215896, 55.56500707163282, 56.91614056472628, 0.3170594274997711, 0.15505701303482056
67.09170402075885, 67.12986265549483, 67.552179384458, 68.02194087579744, 68.91113812833994, 68.94666998032787, 68.99176594857502, 71.12309366407744, 72.65811308452685, 73.60205841696346, 0.19229137897491455, 0.312229722738266
66.34706127586136, 67.1584465966226, 67.2258598480017, 67.81152813503859, 68.37561538845716, 69.16295576823354, 70.02972325047172, 70.39040691677069, 70.73691368294963, 71.29134942006087, 0.20332269370555878, 0.14216077327728271
74.5007417794037, 74.72860466226504, 74.80932791260602, 75.00111186661344, 75.11553162931624, 75.72608297078618, 75.75870684822094, 75.80424166050075, 75.88124565846752, 75.88828959122749, 0.21213583648204803, 0.15577320754528046
69.36713984344863, 69.55577776285975, 69.69893925232793, 69.71527422336483, 69.80976327678903, 70.03169397367475, 70.07566886608824, 71.17566312072823, 71.41508704429208, 72.32401573176993, 0.16827426850795746, 0.19821269810199738
61.26004162172476, 63.582461184926906, 65.223486833818, 65.24286135459862, 65.59252227011481, 65.61089436869526, 65.69024644533154, 65.89683147687708, 66.00927755218157, 66.45811093852346, 0.13757099211215973, 0.1439453810453415
59.4728058483513, 62.025641666956865, 63.756537006140704, 64.82456367011939, 64.98434252002485, 65.01888431500495, 65.34020564721658, 66.00254196101564, 67.17738493747825, 67.50538152247651, 0.4226897060871124, 0.1488504260778427
82.76567079381704, 83.37733066242562, 84.45325007815094, 85.84849896112607, 86.6072695812223, 86.76406370877639, 86.84223159312208, 86.92441503555423, 86.99449518715457, 87.00615359313818, 0.24540384113788605, 0.41084757447242737
84.50980404243437, 84.8303262547449, 84.99763516808731, 85.01363307726366, 85.03995782624733, 85.09289546160757, 85.11692533939996, 85.38883234128713, 85.61099619598603, 86.26327128230827, 0.22479291260242462, 0.29368293285369873
73.68305831810393, 73.86462624362576, 74.04969267212475, 74.32607795606437, 75.10589861579557, 75.32979548415011, 75.62194748061933, 75.91491915454428, 76.2156842309582, 76.66853556837488, 0.18155206739902496, 0.22419404983520508
66.9365044658006, 67.38291835178296, 67.80168658929158, 68.56819973156988, 68.6498423291701, 69.58204525563413, 70.06191109564045, 70.24024721411418, 71.39552856765609, 72.03014659192706, 0.301262766122818, 0.23061788082122803
45.91713352338681, 46.38099987931234, 46.99929749967388, 47.18585198111796, 47.274017636934595, 49.260090825094764, 49.4961243164039, 51.21719824446349, 51.61492980681039, 53.17363824597228, 0.2614378333091736, 0.19757132232189178
41.08219192817006, 41.47463795143944, 42.5850126596082, 42.76327093084477, 43.921405121496946, 44.260287015426016, 44.99379412817685, 45.83894132022231, 47.57480840226891, 47.69640792209062, 0.47602203488349915, 0.2029353380203247
42.07967623047152, 42.17656783131952, 42.93610274124202, 43.65776661279857, 44.67973818188483, 45.42129214891826, 45.929510268320634, 47.38455747666271, 48.02713207199088, 49.669755225060086, 0.36033231019973755, 0.2975020408630371
29.943267951953032, 31.38739495498697, 31.39025145145337, 32.642894764257896, 33.49644302775532, 35.31871388397289, 36.67628343788382, 38.338537922282036, 39.47613539147032, 41.11763276719772, 0.21658293902873993, 0.19194261729717255
29.57233445727582, 30.997852025965365, 31.106545575364258, 32.67772372248692, 32.795564994047965, 35.16277340897817, 35.64141798143124, 37.961556935050666, 38.02926872313795, 38.356422524419365, 0.23934410512447357, 0.2449798882007599
29.95410846979482, 30.996883830172617, 31.566341238638767, 32.849102046805626, 33.44174814391846, 34.50952255867819, 35.0754860146674, 35.468397866797375, 35.74748367553708, 36.38033014215488, 0.17707227170467377, 0.31208282709121704
31.619009007388765, 31.99987460421733, 33.16854287542778, 33.83469813064946, 35.5136106900504, 36.0857396311329, 36.4470000128687, 36.76776679529338, 36.77330808350706, 37.63551367235084, 0.2410302609205246, 0.21450725197792053
32.109358511648836, 32.38230165390185, 32.76107858704076, 34.16126509972797, 35.794611738239475, 36.383364249019806, 36.60128596232123, 37.7182716943141, 37.86407637775516, 38.65642229733472, 0.28503701090812683, 0.22105348110198975
35.361673931854526, 35.75164410829654, 37.52428187517256, 37.96679987418339, 39.374653327699264, 41.02164752685195, 43.28874792435416, 43.31769396984587, 46.03955374046384, 46.43713574917346, 0.2886664569377899, 0.2762983441352844
57.16778503319632, 57.66651435000414, 58.175313031668864, 59.018574784504594, 59.260034204414204, 60.14811763778192, 60.49396150640452, 60.59152494172492, 60.852050328287085, 61.3885350975129, 0.7956680059432983, 0.23402941226959229
72.05957135353636, 72.89217850704371, 73.04864159652122, 74.64917088171389, 75.191945377464, 77.05730141324975, 77.78194925663118, 79.6279557531962, 80.12129524925456, 81.9378135877562, 0.252888560295105, 0.23830890655517578
68.82340544460564, 69.89766626031566, 70.35586133555151, 71.97402368650138, 71.99551499205344, 74.51984393790559, 74.77647830292821, 76.67944938428671, 77.12569084317325, 79.87495171254805, 0.20411573350429535, 0.23399250209331512
79.56066705626026, 79.64137835919055, 79.99987538733215, 80.50559085325484, 80.73593013957289, 81.61659662461051, 81.92967125512679, 82.94876605824771, 83.582605440704, 83.64081846440922, 0.47670111060142517, 0.5345823168754578
82.7190146409073, 82.78395175575633, 82.82620403101446, 83.02810913342145, 83.05442104285291, 83.32906618050136, 83.50201886288474, 83.92972443227644, 84.11158055665466, 84.49047319595427, 0.23841910064220428, 0.2472596913576126
32.99094844267752, 34.5512712145717, 36.055593256433845, 37.741916288750225, 39.406059178718436, 41.129693193426625, 42.8702184412011, 44.619024054329316, 46.3706087511959, 48.138225092601566, 0.8394211530685425, 0.14324016869068146
90.44860430409854, 90.51505317496921, 90.54904203864447, 90.7648027210904, 90.78240728560354, 90.86526907761112, 91.70729736336061, 91.77489873543847, 92.35782668676883, 92.41958220879489, 1.2619853019714355, 0.7890116572380066
88.35877775320895, 88.92717980269803, 88.99998883086599, 89.38074460499294, 90.30845473831685, 91.34234726494971, 92.39959055733935, 94.00273503439242, 95.46638909727379, 97.53683760987964, 0.33139050006866455, 0.24381394684314728
81.5932553966508, 82.0820584737248, 82.15175174284046, 82.82118401399092, 82.9380544715079, 84.65664137127375, 86.05422382132866, 87.76552414194985, 89.27860276933647, 91.48111767715375, 0.35372206568717957, 0.24553363025188446
111.50514437598058, 111.74436837809644, 112.08043798764908, 112.52713046214102, 112.67766865725805, 112.95555912326182, 113.42773441142504, 114.41554037543912, 115.32357873807119, 115.45159115940366, 0.5019240975379944, 0.5382900238037109
70.38454087046881, 72.11054673354849, 72.7241383173282, 74.39175683190655, 76.9155496188306, 76.99934371111227, 82.4026513219733, 83.61686838725419, 85.12789342948183, 85.74096095564205, 0.2735078036785126, 0.2805045247077942
58.600777007450176, 60.748700558044725, 61.48727653915234, 64.5085155962689, 66.42366586535877, 66.70265788514321, 74.0314688771271, 75.78022552766059, 78.43144809643454, 81.46879359011034, 0.39805877208709717, 0.5062972903251648
59.80170364311963, 64.51559977418542, 64.67785923613344, 65.93929460559642, 69.56524227308773, 75.5341439935973, 77.72486207968193, 78.54459825725067, 86.4862731931051, 89.00054653813791, 0.43293440341949463, 0.371837317943573
61.372283437649244, 63.8062978222243, 65.44968694947943, 65.63768406684888, 69.2062008713238, 69.33825071662271, 71.9712702319474, 73.15805837136358, 73.17270046282114, 76.37858702697986, 0.12122101336717606, 0.26756948232650757
61.645446426672684, 62.60591182713284, 64.5491434606094, 64.62085409291768, 64.92472466063418, 67.19303046392906, 68.0471826014946, 68.81080687094261, 69.0564710849199, 69.31750445716328, 0.4470716416835785, 0.41690149903297424
61.99770621378316, 65.17149893158891, 67.93131247964266, 69.0609182903295, 69.19782076854385, 69.2367579168505, 70.15564806300196, 71.3103421409728, 71.84626245638742, 73.6054142574486, 1.020534634590149, 0.3945963382720947
64.29731238352926, 68.58765436172652, 70.37814185017766, 71.03025939218067, 71.41347468411571, 74.0407785924655, 74.14569643947087, 75.492998126283, 76.74388323387426, 78.58340753053042, 0.3103981018066406, 0.17799513041973114
67.48312113811758, 69.63583390833146, 71.68760877548976, 72.97634991849412, 73.1875721367021, 73.32856189042293, 74.80677388787369, 75.21486679456443, 76.35275137333406, 77.02955388535759, 0.6229207515716553, 0.38336625695228577
68.5182373220775, 71.2604527011081, 71.30992416137714, 71.61467285108614, 73.86584312153119, 74.70129676880194, 75.18356188840218, 76.17141100350825, 76.26654788612673, 76.92145676448165, 1.8660482168197632, 0.567506730556488
61.05147370089207, 62.19161287818972, 65.50968502086987, 67.70210634885498, 72.19743766607003, 78.00088730295198, 81.05969087767987, 81.3332796517934, 82.14518506622892, 82.48085926938656, 0.2712143659591675, 0.28588464856147766
52.551512394635616, 53.62231153187671, 58.221284970433864, 60.1980458618257, 65.8113031904658, 71.20374650164096, 76.43526269425476, 81.59814688552025, 82.50217883919701, 82.73271592556556, 0.4797600507736206, 0.6293606758117676
44.63734872164056, 48.1529012418327, 48.46760318451715, 54.98184272259217, 58.36617656669208, 65.64825991193987, 71.18109681196131, 72.03099693829778, 73.36843480383517, 73.43351007639717, 1.4483989477157593, 1.1878738403320312
44.04296320202578, 46.14581647022336, 49.35818293980032, 52.35394903110431, 53.929091151637955, 54.14262724258394, 55.24249113571855, 59.194892918709776, 60.317934970408984, 61.96530290627263, 0.16158528625965118, 0.30533337593078613
45.53763077449629, 48.3002935690143, 49.65875427679375, 49.84719119292422, 50.7914906198046, 52.63257830130621, 57.1464099463627, 57.660162786833695, 58.31785009504394, 60.539014045559334, 0.2860783040523529, 0.5618479251861572
50.95006984993024, 53.28867641648848, 55.260208998161026, 58.89208269320823, 61.409426757946434, 61.98361922115604, 62.455459227898814, 63.01907529200674, 63.12768596525654, 64.0973612680763, 0.6094663143157959, 1.013740062713623
51.29131567489871, 51.475581258422764, 56.679183951958514, 56.86411263090878, 57.907164322362256, 58.6063445105369, 58.643746757090405, 61.08497059349232, 61.63445490843317, 61.678469255014775, 0.17282603681087494, 0.2146948128938675
59.63729368749259, 59.92810568536471, 60.340193200936426, 60.856647970412226, 64.0618717626832, 64.44161768986093, 64.88252829471875, 65.10832477054187, 65.51492472387707, 66.08959614693845, 0.44463494420051575, 0.3252861499786377
60.79303063560969, 60.850467931289245, 61.10776414743662, 61.46955384605671, 63.41366774771094, 64.03827721812888, 66.20120115276029, 67.31818300964895, 67.81006814912648, 67.92557861302832, 1.6584683656692505, 0.6171757578849792
59.03335274007243, 60.66413173302827, 61.03105632216712, 61.10196474998261, 62.537948227214855, 63.09750706289156, 64.20848002784697, 66.32603577524054, 66.57721992677989, 67.13077148291318, 0.11586533486843109, 0.21563945710659027
61.189734331047894, 61.72621345247699, 63.11166322366997, 63.48418674876339, 64.00369938486222, 64.32510290302659, 67.33108711390969, 68.64932896817399, 69.84211614075598, 70.60738265662465, 0.11511766910552979, 0.4067615568637848
73.99765904100634, 74.34305006430782, 75.06310112448165, 75.13504458601682, 76.79271033680747, 77.48868556783223, 77.86386155384018, 78.07146017937637, 79.43545025745921, 81.83358955301588, 0.38291797041893005, 0.7791934013366699
82.13511070888082, 82.58026667024187, 82.6848283785894, 83.79348008654732, 84.20326678802748, 87.43556450260446, 88.0996829611294, 91.26814574022809, 92.64957756624689, 96.25792267868555, 0.29455268383026123, 0.18849198520183563
71.8571933431093, 72.69464338429422, 72.80604677848699, 74.46674985866541, 74.6389830126469, 78.5087656456554, 79.49835464732428, 82.5556553791347, 84.46256524992891, 87.57394186626864, 0.1554976850748062, 0.5326023101806641
79.90614730385232, 80.83046019222691, 81.45212531130312, 83.35426639971149, 83.40406319632959, 86.01448442431487, 86.39629491263351, 89.88580950434856, 90.39603706341035, 93.18035704186543, 0.32000425457954407, 0.38015642762184143
56.14543897600269, 56.19043880824533, 57.20942772349976, 57.76403891823538, 59.16245658312117, 60.92292586452659, 63.35010181785228, 65.75680408931034, 65.90603378415103, 70.13451670239925, 0.20257581770420074, 0.27072811126708984
54.91516950380056, 55.14788024430967, 55.15260697122795, 56.21279618896661, 57.96336063894108, 58.066881038954236, 59.80134106957236, 62.78383176998106, 62.97253348351563, 66.21237206943232, 0.6860805153846741, 0.14858286082744598
64.90855666869477, 65.49124007298536, 66.74232142515064, 69.42284098280474, 71.40257205802487, 74.53461134510668, 77.18850502014173, 81.86496289536471, 83.05967187260815, 89.13930974840105, 1.5355899333953857, 0.951954185962677
43.02803947995616, 44.33853079139437, 46.337510167455726, 50.77076202718392, 54.77222522992337, 60.37344865716427, 66.0572004224675, 70.80926303573351, 76.31604046369785, 76.74929864705257, 0.10104469954967499, 0.1154337078332901
43.5500973291689, 44.90527427783693, 46.95936305470742, 51.15791085090655, 54.91348282170777, 60.792945536267744, 65.7236658444202, 71.19912072566066, 76.02498876925758, 76.8077928321858, 0.8296868801116943, 0.17326012253761292
75.43271058492627, 75.96400716115791, 78.27206422852738, 79.40439377526533, 83.86773980004915, 84.87688900486546, 90.32325726975745, 92.04648576846802, 95.58277392530752, 96.4705984415817, 1.6035492420196533, 0.8307964205741882
63.8253874829094, 64.31030493956588, 67.6697820299957, 68.34498730523536, 69.53728511799453, 71.11726026277071, 72.1567610354568, 74.32808554534803, 75.40910863209774, 76.36986619324998, 0.1597159057855606, 0.08754612505435944
55.760941310258474, 57.24740824551796, 59.15683473160208, 62.751535943179455, 65.81924145219966, 66.10689053252723, 67.66115301860873, 68.02615117480225, 71.3248132809525, 73.71128406404068, 0.5170964598655701, 0.5244318246841431
46.46414384597406, 46.492986904198176, 52.01256648733295, 52.73505856218922, 61.551858587345116, 62.8287479925326, 72.96414466633352, 74.7003114393737, 84.88414755069469, 86.91633255405239, 0.8049263954162598, 0.9441959261894226
37.234219147759035, 40.47617442709706, 42.20325793072125, 49.78005463005991, 52.1072281309304, 61.63813535442375, 62.64837421023782, 63.25746489568868, 64.31771470635492, 65.7801068205477, 0.07909883558750153, 0.1322513073682785
38.30686199952966, 40.815380027940726, 43.869386975518225, 49.55893952994172, 54.10929929115452, 55.887755910951576, 56.05343669462168, 59.75531726043909, 60.28411578675036, 61.06844126874855, 0.28899115324020386, 0.613456666469574
59.22233155887412, 60.44696358722206, 62.710034628249375, 65.17425520784452, 69.35697518993464, 70.4322161968268, 71.89608193283301, 72.5351154442325, 73.29233157838831, 76.31684463514284, 0.6548553109169006, 0.6769317388534546
81.67637175696068, 82.6599201666936, 84.48877717931101, 85.03238774841859, 86.39645671241784, 86.91849467813087, 87.19531321220894, 87.29424796200095, 89.1247207700885, 89.16585520269972, 0.20509935915470123, 0.15980513393878937
77.21366416370584, 77.49424817151278, 78.43992042483782, 79.6603551540584, 80.93610719051307, 83.44521230268036, 84.57763768447953, 84.82892409820151, 85.1940559676217, 87.17233225579375, 0.2370009422302246, 0.7882204651832581
81.12380917967822, 81.23321688235451, 81.68092412223498, 81.82661376595124, 83.20210125082153, 84.48560755048818, 85.60929197003274, 87.61137900174637, 89.03532213922205, 91.5869735547788, 0.5672910809516907, 0.2807944416999817
77.11078220826326, 77.44238917248084, 77.47807290952589, 78.29369078591999, 78.46623088943508, 79.5846739791684, 80.17683359118585, 80.9548185645152, 82.48618082318136, 82.53881639513196, 0.30406075716018677, 0.1798926442861557
74.77292073225911, 74.89611631121626, 75.20003746979602, 75.81052736128376, 76.51740885984076, 77.24554501537203, 78.53917841928413, 79.1119999835289, 81.03757975221097, 81.07670151377576, 0.20448030531406403, 0.876618504524231
94.13192893995611, 94.17087125409903, 94.81470329013177, 94.83898085109975, 95.92177151028304, 96.32587815958782, 97.53192598931042, 98.10900795999204, 98.14563668102925, 98.45986233024142, 0.20364058017730713, 1.1234077215194702
66.2901831775761, 66.48990830310564, 66.69656216229357, 67.06141393990079, 67.8004463207213, 67.95978264195513, 69.04779659485322, 69.58130490662845, 70.33776971154514, 71.88699045182341, 0.23854683339595795, 0.3043271005153656
59.20123090281787, 59.34182825446902, 60.133078335324605, 60.386155262111245, 61.84354191157253, 62.321508438293705, 64.22787485719712, 64.89515502064259, 67.06276226772256, 67.87566031079703, 0.8651410341262817, 0.1663779616355896
94.98009018418419, 95.83738738565482, 96.07497477239608, 98.75176424716057, 98.86937464342782, 102.92121037075867, 103.46118335905018, 105.94111796365053, 105.97148282479158, 106.59776234699112, 1.6127939224243164, 0.6803345084190369
34.20293067512369, 37.625604746084456, 38.88805121668551, 47.07714310840651, 47.12666397481281, 49.1630457584351, 49.4628307734198, 50.76464334545432, 56.833542601469446, 59.22565997309423, 0.08908624202013016, 0.1189313754439354
33.13768697452176, 36.330282843117004, 38.07153941157398, 44.96349092411889, 45.70923868741141, 47.74949528972678, 48.44726403767775, 48.63826669804159, 55.58233811337792, 57.36185250055291, 0.38025814294815063, 0.31853634119033813
73.0652052871356, 73.21658966369797, 75.41698560003897, 75.95110665882413, 77.30874451541655, 77.65537445074128, 78.2436852191411, 79.06014867605795, 80.03213380282371, 80.41622830125421, 0.5446643829345703, 0.3542824387550354
35.71134010400663, 35.89169600294893, 37.11192713465474, 37.14932628682287, 39.471945465587275, 39.71848944605221, 42.29477303406341, 43.38749746234697, 45.43267507844811, 47.508311240761664, 0.5103272795677185, 0.29308566451072693
35.71440412083784, 36.4532866812914, 36.64643665825604, 38.599667202826424, 38.7355668114993, 41.58378428590048, 42.1561059923407, 44.23561443351638, 44.761520516391165, 44.94303590892029, 0.1454087197780609, 0.38145631551742554
41.61098162470935, 41.927099935227176, 42.43495898048041, 43.35606242826001, 44.24741926039895, 45.62447593794332, 47.031486884796514, 48.224965862855626, 50.264633963333495, 51.1909217778, 0.22886236011981964, 0.24933569133281708
31.026213714941374, 31.347866141388305, 32.17366690010708, 32.922854910039476, 33.00371799032903, 33.13894171945816, 34.55001172063776, 34.58814719464589, 35.06973819756285, 35.96190194126967, 0.2564603388309479, 0.32632672786712646
26.203536297127698, 26.35677169129809, 26.626563966032123, 26.837539347159474, 28.110829518112322, 28.13871479984571, 28.236426622693994, 28.966565976516424, 31.137870025161167, 31.416739293467764, 0.25759416818618774, 0.15959064662456512
20.95504568971882, 21.790278739766794, 22.66437654260196, 24.455141184575407, 26.16207324564337, 28.396098269676443, 30.548417168245813, 32.870546327211905, 35.4602922752236, 36.5488013838256, 0.1978662610054016, 0.24854043126106262
