16.739577916010003, 16.766656193763218, 16.89354295731502, 16.928195232472984, 16.999071295856695, 17.1442272390316, 17.161862803673763, 17.199825078220126, 17.291489523444355, 17.484626270091574, 0.04878159984946251, 0.037404175847768784
15.394931838699605, 15.556339631450436, 16.281717314448766, 16.39962262697557, 16.651208226711532, 16.6814892344978, 16.698688059656078, 16.712071965832642, 16.725192406680986, 16.787455456783146, 0.06137099117040634, 0.03627791628241539
15.902823495847521, 15.928284258246807, 16.141573220711987, 16.38037981845378, 16.41218828859648, 16.488207968284595, 16.518390575098078, 16.52710580745642, 16.53255990571875, 16.554092681036444, 0.045666322112083435, 0.03196551650762558
14.113739432562737, 14.467907552445586, 14.477961541260232, 14.511739148160316, 14.690018300607168, 14.72544301033213, 14.73025152583548, 15.02339009220471, 15.048607427228259, 15.161696431070476, 0.03811516985297203, 0.04527745768427849
15.709898176566558, 15.746395393104837, 15.900653490731619, 15.914460899473598, 15.941312025053138, 15.946331395330626, 15.975231796292762, 16.010800053758004, 16.02225162749922, 16.025315440045432, 0.03429948538541794, 0.06286676973104477
17.06584781318485, 17.185634495598585, 17.238105056821983, 17.270540527938756, 17.387094159910777, 17.39222089968725, 17.405605928447677, 17.45503025396619, 17.46239530675718, 17.507575901242852, 0.08471673727035522, 0.06321986019611359
20.235949624088512, 20.26313057913893, 20.38278940024913, 20.44813873470318, 20.518488682407597, 20.554376925767315, 20.556899872995164, 20.577325828252953, 20.585263088416994, 20.596302221324393, 0.0744791179895401, 0.03234390541911125
16.31072716703723, 16.35188141408677, 16.4611794222563, 16.48389597696534, 16.520473597279395, 16.57976939618427, 16.629316475284902, 16.758127773724087, 16.819184868397063, 17.337954802172526, 0.03893961012363434, 0.05289187654852867
15.748941575348095, 15.879374452539496, 16.034088956636968, 16.096144959183913, 16.102662937721366, 16.23770657662587, 16.256770058462642, 16.3903002077682, 16.670407165283244, 16.80121875453419, 0.049355410039424896, 0.04199708625674248
17.165496973453532, 17.20553261509363, 17.230396633993312, 17.24026094136407, 17.25521671492888, 17.255978467075124, 17.264763252690607, 17.30484575651796, 17.344001406587044, 17.356184012208676, 0.06855802237987518, 0.04237193241715431
18.338665298760823, 18.391576462678096, 18.414931509779166, 18.432213679723922, 18.475407647986174, 18.79330617122341, 18.89663196895335, 19.282759708183722, 19.524323889280392, 19.525149346545938, 0.07488810271024704, 0.0394863560795784
19.77083420445018, 19.83904882998156, 19.84378434013139, 19.952054395590874, 20.059273721257803, 20.080506195995433, 20.09704363975207, 20.335892473485636, 20.526233502205383, 20.548749116759343, 0.0982578843832016, 0.05366624519228935
19.528715627081343, 19.54702642223845, 19.71302979188916, 19.892680738849084, 19.94970082468204, 19.97618900624509, 20.01882619695731, 20.09879682063319, 20.17120327342007, 20.24951105845926, 0.0668521374464035, 0.08900877088308334
17.543216864768482, 17.654757199802507, 17.682834602966857, 17.740594804786323, 17.790582296779878, 17.947860445043887, 17.959377788230324, 18.06642435208062, 18.20965685339645, 18.212383288438787, 0.06803438067436218, 0.04369691014289856
17.876975648454145, 17.980852067703466, 17.996369607768816, 18.1678168917198, 18.21742580168998, 18.24175486808849, 18.321263300542576, 18.326009237704316, 18.376359385870042, 18.402674719934563, 0.06242232769727707, 0.034313369542360306
15.647951798777394, 15.879968981842536, 16.06443105798855, 16.08743896178749, 16.365004933594744, 16.513688837260535, 16.51414726650854, 16.623730396447083, 16.674543034553995, 16.73943491568806, 0.03257876634597778, 0.03810010105371475
15.336862518782361, 15.5444110155857, 15.714226959508085, 15.772835490823535, 15.976707788413545, 16.01675750191927, 16.108223451594395, 16.208198624299172, 16.3458122145392, 16.48315027992051, 0.051851846277713776, 0.03254278004169464
14.430515375428334, 14.806954256502666, 14.853478134772761, 14.91647027048483, 15.243609501027338, 15.279903403428145, 15.490570101954223, 15.622102129139853, 15.676019268264197, 16.143703538041173, 0.05356325954198837, 0.06876327842473984
18.149733974607628, 18.20955652630662, 18.26762913594497, 18.31667088387984, 18.739095991638752, 18.782761160988407, 18.954483298810526, 18.963464018226844, 19.16345951505898, 19.22636240880374, 0.06188545748591423, 0.08905094116926193
20.722079881508154, 20.821191670362094, 20.91425033303082, 20.98082312077736, 21.1225797591964, 21.162606969367523, 21.16535753263532, 21.20490589917817, 21.261517164136123, 21.372960557371286, 0.046822689473629, 0.03572984039783478
20.456926155173235, 20.48107771318889, 20.63447350521673, 20.793995357865658, 20.955737592660196, 20.993708383207384, 21.04917858921418, 21.059925006386905, 21.079698940866518, 21.132142662198707, 0.04585618898272514, 0.06404926627874374
17.844806415126108, 18.353366901837557, 18.374955937156464, 18.389978039792947, 18.47763546362609, 18.503400337117025, 18.51022627657299, 18.59223174912777, 18.65674421484522, 18.844694733585744, 0.06659093499183655, 0.06014430150389671
16.739603275490023, 16.880853380073436, 17.23841751030724, 17.314544963594606, 17.318702474612664, 17.39164707919313, 17.44042037046829, 17.467880752436812, 17.498362866033382, 17.51787052299281, 0.03190268203616142, 0.05090299993753433
12.55565098797678, 13.002176234186543, 13.176749093876035, 13.20977707006936, 13.31304062978245, 13.314770012085578, 13.455190858306025, 13.499177343119982, 13.603572716938524, 14.051855345837119, 0.024065932258963585, 0.01457045879215002
7.0568861177114135, 7.2028201438463455, 7.288956059608455, 7.41238805261014, 7.554257402429075, 7.688957161228324, 7.833961047852224, 7.9866134603779235, 8.144095473121673, 8.306626026891179, 0.08425337076187134, 0.0329032801091671
9.217848959958342, 9.393889050178664, 9.46192773856909, 9.497125545053064, 9.596976506275753, 9.702243822440476, 9.708998749842248, 10.036399045268883, 10.24792198718818, 10.390349908395422, 0.15174469351768494, 0.05712876841425896
15.599335348988767, 15.631916523154175, 15.755724511767532, 15.803021476827457, 15.892542098332015, 16.057222871111392, 16.160275325900923, 16.329119454901093, 16.528401345722916, 16.932489203671125, 0.0748191848397255, 0.11809944361448288
17.198822037873455, 17.235601587854507, 17.244425929741688, 17.29804745665149, 17.398011374940047, 17.487766214525973, 17.510432653619866, 17.85886018059936, 17.865251032042703, 17.945554473677998, 0.056560516357421875, 0.06168609485030174
14.756921845498585, 14.87706616293619, 14.929191261456026, 15.080918158905153, 15.213487379232955, 15.368362931129873, 15.613388526482124, 15.839979137190785, 15.90451393171822, 15.940762124662436, 0.037183381617069244, 0.07331311702728271
15.551436852727845, 15.719507106833733, 15.77649032426437, 15.908052123150794, 15.946946057369018, 16.03570842214238, 16.04786110945922, 16.156387220800102, 16.264076973817353, 16.29093425631262, 0.033826202154159546, 0.05870711803436279
16.548271191625062, 16.848877892088208, 16.93470841946121, 16.941947806040503, 17.090644264782256, 17.30336999603783, 17.340574105986253, 17.396241248774825, 17.42531698582281, 17.52252593730818, 0.03994722291827202, 0.04433289170265198
18.00589415042246, 18.427035299206118, 18.604153311024334, 18.66104443813197, 18.794353596425832, 18.83358104487547, 18.88411099988876, 19.058518183081016, 19.249264922895694, 19.348932108502414, 0.06942429393529892, 0.031062517315149307
21.513233437153342, 21.54560211820271, 21.585454448830077, 21.66240941430515, 21.67523182393506, 21.696910135502876, 21.81516948202525, 21.89139987568846, 22.2897139253571, 22.302034930550615, 0.10020989179611206, 0.042344387620687485
20.427856441917466, 20.463324262974982, 20.464548598828596, 20.472457169239274, 20.68003289202413, 20.74137555488186, 20.785762175471238, 20.828824365975425, 20.867342750366593, 21.007745327448173, 0.044647298753261566, 0.062002863734960556
20.42517057628471, 20.508774492145275, 20.593690836249667, 20.819549131701997, 20.993809458648666, 21.037580823488653, 21.074738280258, 21.080242783783326, 21.09051386594785, 21.162810598623622, 0.09446277469396591, 0.03150186687707901
20.211373687887704, 20.332291940080722, 21.21629087004995, 21.22489931424997, 21.236708840403722, 21.31767864611119, 21.37266743509893, 21.709817899599106, 22.044701988489845, 22.226442941180014, 0.11602016538381577, 0.0404476672410965
21.358667286400873, 21.915419173368324, 22.177962907145258, 22.20884860062227, 22.443800540779055, 22.650458106062135, 22.66092387584402, 22.81132107959005, 22.81222742074561, 23.5136917610638, 0.024546219035983086, 0.061365850269794464
20.18294645696431, 20.66055054105071, 20.77283599697177, 20.80660785884726, 21.2553125814968, 21.60201989302097, 21.655833606297108, 21.70736788444221, 21.780018570160976, 21.78935818449187, 0.04102028161287308, 0.07932528853416443
18.100903911407023, 18.336377258018462, 18.34761521461477, 18.39060533461316, 18.443419188589132, 18.629308644516176, 18.63756410955865, 18.649443554337434, 18.650319163360262, 18.657981438838686, 0.09389732778072357, 0.07830053567886353
19.532910962036354, 19.55378053818645, 19.614151205675533, 19.616601936718023, 19.658588907129143, 19.674156406136404, 19.699189754824875, 19.70888331286235, 19.72181930245042, 19.725683880086827, 0.16394156217575073, 0.03879501670598984
17.096609220947926, 17.17435216715932, 17.233084311043118, 17.323858739119714, 17.34278405034415, 17.387118747864154, 17.407616839206504, 17.489089610733387, 17.50494309769556, 17.576374760785495, 0.0740353912115097, 0.05515225604176521
16.521902708012934, 16.66617270663741, 16.743572612938358, 16.750147640243323, 16.797618632370146, 16.81696205124395, 16.81767037998458, 16.821363119181434, 16.886142359643063, 16.915524482028157, 0.13565313816070557, 0.13224148750305176
16.64526570062647, 16.81542633254598, 17.16574439317034, 17.218198003705147, 17.373498942899534, 17.43661268694615, 17.49997266106152, 17.551595384099866, 17.634814822877313, 17.715634547872405, 0.11797235906124115, 0.051619529724121094
15.00704990760125, 15.383443411095252, 15.90788622597185, 15.943449466093067, 16.041875097857314, 16.0733134695217, 16.24952952845368, 16.475480766198295, 17.136582513207184, 17.155461230762995, 0.07461421936750412, 0.03586062788963318
19.061805744735306, 19.45663114583423, 19.575473934900938, 19.630121534500688, 19.64007549229242, 19.66170115404218, 19.94915008435487, 20.11953080453938, 20.232031698604416, 20.269006601438058, 0.16627615690231323, 0.03321365639567375
21.215828160694713, 21.545268375815873, 21.795460763709183, 21.83070353285033, 21.92100829607552, 22.005106865551532, 22.035872454306034, 22.040791759372418, 22.04867808106954, 22.09100542384624, 0.2035188376903534, 0.06871867924928665
20.25632425698905, 20.8075934532296, 21.43692245395514, 21.484100986368233, 21.5215122436685, 21.65887951577915, 21.707474630938073, 21.751251326897613, 21.788115917265653, 21.984583714032727, 0.04973146319389343, 0.07387423515319824
21.919979760014183, 22.584893116055767, 22.749149062190245, 23.258787583155346, 23.306279844551486, 23.450349510741653, 23.490164683827054, 23.516074498907532, 23.588847273902708, 23.692149520914015, 0.03749482333660126, 0.148361474275589
24.147908798482238, 24.338631960047895, 24.352083369180868, 24.899012531859736, 25.519669479576805, 25.702653870900896, 25.95108895342351, 26.181932142024237, 26.221312438640183, 26.39365451352278, 0.06854062527418137, 0.07080064713954926
19.866289020529425, 19.92846127418694, 19.938494471322482, 20.032669952229487, 20.30147046606752, 20.305372832141565, 20.81930537660205, 20.962952845844242, 21.326276600528736, 21.58916592844317, 0.04450932890176773, 0.04920799657702446
19.047139749302772, 19.424844590480628, 19.45566829003068, 19.4567984549298, 19.505747970650813, 19.804368690793527, 19.948662283718228, 19.993189359753476, 20.24642936512845, 20.294357091575066, 0.04505575820803642, 0.09651335328817368
19.645913263690865, 19.738368037094528, 19.82820829833187, 19.846520365223938, 19.86866145151921, 19.922064543381143, 19.935747537606538, 19.96061073325632, 19.961389833595174, 19.980213555026623, 0.12440721690654755, 0.09453380107879639
17.25663496930253, 17.416214084623558, 17.423800395607696, 17.592583846741043, 17.742464465614994, 17.79509688483894, 17.797209899947223, 17.864800920353794, 17.87558042835312, 17.900379478107496, 0.05203920230269432, 0.03148800879716873
17.2372734443516, 17.342699844372177, 17.384218816141196, 17.38900428618984, 17.570218901734517, 17.758388654905424, 17.779571090796633, 17.91503774786051, 17.98496596389095, 18.16206293587544, 0.04934803768992424, 0.04978363588452339
17.507817237200452, 17.698003621394548, 17.855159043299444, 17.880294421287473, 17.90765189424654, 17.99712588898238, 18.01005283645005, 18.105757666942274, 18.115187136054505, 18.14268242861881, 0.033045388758182526, 0.08809510618448257
17.750036424602484, 17.82990064598295, 18.10681665191878, 18.116990425052546, 18.135332157104475, 18.2178480601578, 18.277848113687607, 18.284483368756636, 18.402829740284687, 18.43015602776163, 0.025766152888536453, 0.0371108315885067
19.118424463678657, 19.13692750533511, 19.22596430638757, 19.309326487961016, 19.336009027435093, 19.34865631166739, 19.375817017261145, 19.42496608462017, 19.45355310337981, 19.49955242506272, 0.07801901549100876, 0.051012005656957626
19.831901015283435, 19.84751098320814, 19.91887641606439, 19.964152732922102, 20.015457080218525, 20.077218280791612, 20.101254849159783, 20.148417510569494, 20.178603026341843, 20.33359766105984, 0.07893580198287964, 0.03106163814663887
15.769770250379564, 15.876425121194744, 16.2201085119694, 16.303759290645065, 16.47642875173699, 16.53855696362768, 17.012233974765284, 17.085044888867124, 17.113386657507753, 17.461442477871188, 0.052101194858551025, 0.025595759972929955
17.231732598221583, 17.29079028689104, 17.364747082227844, 17.82079344653621, 17.954136563709323, 17.954670413164806, 18.01547678496828, 18.172257206185876, 18.484524521537722, 18.866949367287795, 0.06263403594493866, 0.07280584424734116
16.599932246581115, 16.86809045245542, 16.933101568821805, 17.57334693329995, 18.077309777795687, 18.085493095338695, 18.157383724140097, 18.273097709866416, 18.281880873963285, 18.307900637852054, 0.05259460210800171, 0.06796974688768387
17.451234347892306, 17.536979956395275, 17.5377529019005, 17.749081102198314, 17.914633722791375, 18.080599618656482, 18.103832295875428, 18.28057016275143, 18.295161494711223, 18.34864052451261, 0.0363217368721962, 0.04258550703525543
17.85570951542756, 17.986769999109704, 18.045015840793898, 18.279255589417186, 18.298246779141568, 18.38360016650052, 18.453238627979022, 18.457822222171046, 18.46515005910858, 18.847533673669062, 0.10362574458122253, 0.06767299026250839
16.544767831338746, 16.813760335509812, 17.049196339847306, 17.143222683627886, 17.222700497358993, 17.25943886503657, 17.511475422071122, 17.8254419348919, 18.322560357107466, 18.337054717472952, 0.027063697576522827, 0.05054963380098343
14.271041226358395, 14.411519243999452, 14.601131618771081, 14.626574027016032, 15.190393758548689, 15.496787922232851, 15.655712598381813, 16.060782934070545, 16.426113409154752, 16.714761965637805, 0.050988685339689255, 0.04320026561617851
14.34215204483739, 14.922102244369418, 15.249246883463833, 15.773097762771611, 16.04028342035327, 16.108587348814662, 16.25131020895614, 16.26213892058917, 17.06433716779335, 17.15648432220678, 0.08016271889209747, 0.0930512547492981
15.403799430929752, 16.445577299950898, 16.619033766183442, 16.8199143659237, 16.890479546594996, 17.25008781199671, 17.263852668544416, 17.382930781045264, 17.768798921345255, 18.383170349223693, 0.06576552242040634, 0.02785675600171089
16.067100104109738, 16.594840425439866, 16.74936139189277, 16.993188778510394, 17.016963142360026, 17.09599517035003, 17.47801469863096, 17.573989350225826, 17.699410749265155, 17.803156193049162, 0.06938373297452927, 0.04525762423872948
16.106267514339613, 16.141111178593846, 16.242972729944967, 16.356863488558872, 16.48698277352455, 16.612849385832593, 16.716233742657028, 17.01778094325259, 17.026152408495726, 17.37046617929743, 0.07055704295635223, 0.07971058040857315
16.08103169469264, 16.187165533550363, 16.25351690493067, 16.258321964721876, 16.53927128277929, 16.700813016904572, 16.733565458327735, 16.813314494970186, 17.189038517075296, 17.239624638793437, 0.08053614944219589, 0.02918538823723793
14.343580596960539, 14.354127843027486, 14.409155615810151, 14.779564767977881, 14.872677927562775, 15.269323822081514, 15.339017462489222, 15.926152627269442, 16.14610836665195, 16.31745461960067, 0.03383845090866089, 0.024446532130241394
15.905144695948202, 15.95719123284408, 16.19433637618111, 16.308674432163432, 16.353701707417525, 16.40534517429368, 16.673038962698023, 16.94890177432803, 16.96691783232972, 17.043676313718436, 0.0359196811914444, 0.07395380735397339
16.600151914362666, 16.895969365817823, 16.97496682890387, 17.448117924794357, 17.525332121423055, 17.62589336034568, 17.833465324132707, 17.874463531238835, 17.93445784363241, 18.10913555950162, 0.034893959760665894, 0.03842822089791298
14.153329676255101, 14.753526167978448, 14.90018038426719, 14.97861324041834, 15.021507860165503, 15.53969105828466, 15.579554657791036, 15.865197134617082, 15.897844954357025, 16.025342622322192, 0.04381956905126572, 0.03167979046702385
13.758842277502495, 14.317915782606216, 14.412409077151196, 14.60533412157904, 14.655776599379124, 14.800972966996875, 14.805877648302273, 15.077767969906454, 15.082079644153561, 15.17124097453368, 0.16640764474868774, 0.030104804784059525
22.2804278027727, 22.315636045919003, 22.368629306194936, 22.494686832131247, 22.57362210754182, 22.589668426570608, 22.604204888176763, 22.744545457576596, 22.745100916428516, 22.766330760661543, 0.05348208546638489, 0.0495525598526001
24.815799625269563, 25.079757856036696, 25.553488654792314, 25.849101198670656, 25.89476536250555, 25.905782175245335, 25.921832683402062, 25.960017679630532, 26.23719229041994, 26.23948363001102, 0.033760860562324524, 0.04095594212412834
24.300450985430217, 24.38263601689543, 24.638865332666942, 24.989814506886294, 25.49220255328957, 25.892053435923405, 26.103593900841606, 26.69528405474948, 27.036719487042607, 27.53986877788585, 0.10244131088256836, 0.04888589307665825
21.656318002434492, 21.670915045120584, 21.911292920142248, 22.277615284640312, 22.493056057617927, 22.721657959146572, 22.882702494758195, 23.269615725776795, 23.655263241648093, 24.90249426295963, 0.059295736253261566, 0.07057936489582062
20.082064553588133, 20.19830367009277, 20.626849097332425, 21.2170814775315, 21.55330831996567, 22.73611176312775, 22.895662284929998, 22.953018743901005, 22.973594600863702, 23.070144261968277, 0.07061579078435898, 0.05861581489443779
21.372430680435127, 21.791446861653032, 21.792659798720283, 21.853938425826307, 21.874730726353885, 22.0740812202783, 22.32039104717047, 22.583951095021078, 22.702081945413724, 22.725597156869465, 0.06745986640453339, 0.04988837242126465
18.586715678698514, 19.04367189645631, 19.13464247672079, 19.309609324715634, 19.466631779620357, 19.894286081081304, 19.95689626375269, 20.049352930795212, 20.22555076943936, 20.594378463370226, 0.0641215518116951, 0.05147842690348625
18.34588897302253, 18.677290562716852, 19.00811799287883, 19.25179841438197, 19.32043862196901, 19.35136567847212, 20.07812256546415, 20.204888817930634, 20.239197868946945, 20.258269615830024, 0.04482254385948181, 0.069318026304245
19.000686858614632, 19.122060858706888, 19.351398028992563, 19.545970403059844, 19.649080060147163, 19.678054354007635, 19.707749857829384, 19.73922935193595, 19.75019407189682, 19.805541996129268, 0.10677869617938995, 0.05491622909903526
14.09603309616246, 15.24292978191316, 15.268690512894404, 15.273735787157399, 15.45900722512489, 15.741111851936136, 15.777470661411444, 15.850563901905133, 15.954678431728667, 15.98492960844062, 0.025139443576335907, 0.07483536005020142
15.375061491087694, 15.5918624632967, 15.866562331768911, 15.898539221123407, 15.904093478329688, 16.030771548560743, 16.068356278485144, 16.07436075080341, 16.332814992141248, 16.418687080269002, 0.14955228567123413, 0.044632136821746826
15.29975727996999, 15.394937578302834, 15.460947417371935, 15.596656517990676, 15.85392269559211, 15.87106755507162, 16.051637906843474, 16.114260192192337, 16.23874295838759, 16.296964189475293, 0.0906025767326355, 0.11151053011417389
16.244375854449082, 16.421208258554795, 16.445493716902714, 16.473204294880208, 16.924544281418562, 16.96606530933569, 17.003267044334162, 17.162506718701515, 17.363147156144542, 17.623687172613543, 0.08737834542989731, 0.06751655787229538
20.05298316235574, 20.05638989843184, 20.06320634847114, 20.09997052405872, 20.11666476462061, 20.23189039511722, 20.24217604317478, 20.25790750452405, 20.28311132876416, 20.285960096847045, 0.4015233516693115, 0.09994512051343918
28.052625858791746, 28.060244803629367, 28.369174772406595, 28.50031207648909, 28.59282374058244, 28.62441010571586, 28.88506440754019, 28.90102015813572, 29.26813178383076, 29.3196761588787, 0.11253583431243896, 0.1697978377342224
32.58491145717022, 32.62575467942693, 32.840800450153374, 32.920172934230294, 32.93247819781816, 32.94428535964069, 33.100453684355564, 33.30663987191949, 33.319404198040715, 33.374698868108915, 0.06485369801521301, 0.04378867149353027
29.692276259046153, 29.758913055620376, 29.87602322796228, 30.03797793322968, 30.107964638260448, 30.172699807093622, 30.586684861325402, 30.666281015687588, 30.86857066207641, 31.05471145467449, 0.055931419134140015, 0.03198884800076485
17.18056152110297, 17.22818626510338, 17.28304589989294, 17.444672786764322, 17.623958458989353, 17.627413237726447, 17.652285259829803, 17.76596858346997, 17.835717241798744, 17.86665698823468, 0.06094592064619064, 0.09027453511953354
16.017955660991234, 16.16850363446342, 16.250108065251, 16.252755723983658, 16.430652453565187, 16.43247426479077, 16.71254757011465, 16.733733542226247, 16.764068773712633, 16.804514643890247, 0.04666652902960777, 0.07253097742795944
15.420617005325614, 15.521999514276786, 15.625086356992643, 15.820170851568498, 15.882480700458501, 15.967517588439133, 16.364595391358865, 16.475514918998876, 16.88247298116086, 17.119384300632035, 0.05777193605899811, 0.14406298100948334
16.038000740547155, 16.170652710819642, 16.577555740993496, 17.00079403364369, 17.059513899463468, 17.279346385978513, 17.285290158806898, 17.286376808797637, 17.310330714900772, 17.406051726131054, 0.034597285091876984, 0.05532791092991829
16.553067324989723, 16.58094778706117, 16.71463925847396, 16.79909986401125, 16.83082308893394, 16.90484905644305, 17.14046664020878, 17.265946424966977, 17.272750302147053, 17.37261137165987, 0.07867233455181122, 0.04539098963141441
16.85499169962295, 17.264023103305327, 17.59285052549147, 17.74833317174382, 17.8298597664055, 17.839961964334293, 17.858070205810577, 17.875422011195475, 17.890577942049696, 17.908468946356844, 0.1635255515575409, 0.04712444916367531
16.681461751171593, 16.794452060955543, 16.823339451085157, 16.861514281853548, 16.972508354789504, 17.02744135454139, 17.17595240461253, 17.19578013391338, 17.330974082026582, 17.35205275758848, 0.13373510539531708, 0.04368603602051735
16.102735979056362, 16.56074184196831, 16.60604855130154, 16.82021198960725, 16.852959956314155, 16.90341951586315, 17.077395858317338, 17.0792466929745, 17.160818496308874, 17.19860622936802, 0.04530223459005356, 0.07612356543540955
14.555655723794041, 14.746493806105857, 15.515087500509498, 15.672542702453338, 15.8441044706607, 15.990731704312255, 16.039496528498866, 16.087814006269674, 16.096705405657996, 16.132674457592238, 0.06792827695608139, 0.09480229765176773
14.189847542111002, 14.994144306604573, 15.00429167838847, 15.455778105768466, 15.63233974671914, 15.658685236029692, 16.02296271845026, 16.138768488499487, 16.961974683580284, 17.09347705801277, 0.09787970036268234, 0.12736664712429047
17.138180032916143, 17.45561672056689, 17.712850093816492, 17.869870644154588, 17.919395974340933, 18.09036326518154, 18.430882055727782, 18.611921393998404, 18.625949139557655, 18.656902425064793, 0.04147975519299507, 0.04982830211520195
18.875464025091752, 18.90986675679191, 19.3159576427521, 19.32231700086599, 19.338692325470063, 19.552834696337346, 19.629432329606118, 19.77786915612713, 19.804012563535945, 20.06065636138532, 0.04345191270112991, 0.05154998227953911
14.394431117935731, 14.635507846146321, 14.705219296726527, 14.727654128283731, 14.875501225857008, 15.23452352410046, 15.555552565222472, 15.749260370641815, 15.824696977316282, 16.411814337088845, 0.0673006922006607, 0.05950585752725601
15.65206920548035, 15.873394142631712, 15.92678206645319, 16.16148443261902, 16.315275540862917, 16.58406392870309, 16.62607902622249, 16.82957611658162, 16.84400790321873, 17.41773622409218, 0.11278160661458969, 0.0374428927898407
14.682517726004821, 15.034869241590268, 15.047388916266886, 15.224867953014542, 15.325700749272164, 15.339143821365553, 15.366268015006229, 15.511327480000382, 15.533343925938265, 15.54591864103935, 0.048426657915115356, 0.0511082224547863
17.789804390893096, 17.853081904202632, 17.936736344776882, 17.973705263581653, 17.976356767375474, 18.154053560928535, 18.219837382035976, 18.307976396037727, 18.3299308240868, 18.345333720892672, 0.046097151935100555, 0.06924363225698471
17.504080484177518, 17.654622022679277, 17.684819255180876, 17.75345589469818, 17.785592543159737, 17.794286724183674, 17.866133951526756, 17.885550798690296, 17.94691454674251, 17.97404525155206, 0.050304166972637177, 0.048558369278907776
18.739454750535476, 18.9537171396361, 19.104536909085297, 19.154059910824902, 19.245990103220386, 19.31507543502527, 19.32568427590685, 19.34459468482063, 19.426668364107805, 19.44343815866901, 0.1123182475566864, 0.05735019966959953
19.728454904371638, 19.85671681234595, 19.881371872039015, 19.891809951239928, 19.980028327248732, 20.04413583342755, 20.262591149874748, 20.284080775061714, 20.32423389525114, 20.347790373856775, 0.05351763963699341, 0.03817880526185036
17.975239906970362, 18.187317342963414, 18.33933051175723, 18.35116460397513, 18.52024364653116, 18.62524085619184, 18.89197711268291, 19.185683928357758, 20.061830874219893, 20.091240898107596, 0.11187116801738739, 0.06555638462305069
16.576946886285608, 16.580809247131167, 16.591229362973085, 16.810280959221846, 16.97984115528766, 17.06713956247729, 17.14429950899739, 17.470407731193163, 17.620093879901447, 17.80204205385259, 0.0716187059879303, 0.13126277923583984
17.304389628284724, 17.56439416897596, 17.67808141683597, 17.987928537436833, 18.012474756971272, 18.051800188762634, 18.153834435366523, 18.274973437015362, 18.481579570233546, 18.698272060937615, 0.0637146607041359, 0.06435378640890121
18.44944773758683, 18.91866594420057, 19.119549693034074, 19.2873538311804, 19.400414505710827, 19.478711739651448, 19.50789481455141, 19.6249045080791, 19.77978994352498, 19.827899992437697, 0.1190919429063797, 0.07486604899168015
19.992359641094527, 20.374253001667114, 20.962456622503414, 21.082968654493477, 21.239912350646232, 21.290505451887775, 21.29734421866924, 21.384543064199757, 21.433593440646032, 21.5192072412871, 0.10208003968000412, 0.0777934119105339
21.198789376578617, 21.778518832141128, 21.8030863244828, 22.0062696466716, 22.203513033661437, 22.69163726365584, 22.714247454887783, 22.79905003015251, 22.83997298572105, 22.849627595021627, 0.05755660682916641, 0.08359739929437637
21.73243141627423, 21.86406037896502, 21.961723454885274, 22.112712652778256, 22.11807006143229, 22.445508952659882, 22.470902544378276, 22.485381754808245, 22.595695607381323, 22.69315038066206, 0.07705333083868027, 0.10531337559223175
18.278664452921184, 18.55340373899852, 18.72787245711636, 18.751669704149496, 18.88629964153458, 18.923204510739737, 19.414240713438073, 19.441601253456085, 19.5858010973516, 19.609648143492947, 0.15949897468090057, 0.0715906098484993
14.584299174814335, 14.701302715944205, 14.85000183651404, 15.096979959451337, 15.187458003687315, 15.293806486413143, 15.36458634225201, 15.449454565864576, 15.863461452095176, 16.039826289174233, 0.1650909036397934, 0.08217943459749222
17.73095294626035, 17.960634528762668, 18.228871534548272, 18.525083102103014, 18.525926298096778, 18.590238015341605, 18.60435053981942, 18.630548373609805, 18.74806427668058, 18.776134825060115, 0.090218685567379, 0.11103875935077667
17.896198712612552, 17.97301055966214, 18.15751235523158, 18.254579223846374, 18.27991421636357, 18.29622505719078, 18.352053399223102, 18.732838053892, 18.841908047183956, 18.971874168116337, 0.04684963449835777, 0.12352261692285538
17.938727301092484, 18.086552966385373, 18.335764134164837, 18.464171947028955, 18.80293011154483, 18.86471540893205, 18.964992701048967, 19.016650825675118, 19.05631933122555, 19.100128797745565, 0.05535699054598808, 0.05473911389708519
18.58556612382959, 18.94070066570686, 19.03935309275514, 19.170135783427263, 19.172382823401733, 19.185772983522284, 19.21524058451561, 19.341386295552628, 19.357263624623258, 19.372975488643633, 0.06600463390350342, 0.10550596565008163
15.135305058053369, 15.229120236114198, 15.250611181548397, 15.823675683140447, 16.097513497847157, 16.66338167888167, 16.779724152057778, 16.86979005645078, 17.049070122530292, 17.26090891861839, 0.03867845982313156, 0.05438753962516785
15.310679535117973, 16.1186883506602, 16.166470056031795, 16.17360455622887, 16.564436108989053, 16.83823987860928, 17.349895959428725, 17.466920853611192, 17.587925347062527, 17.614776951478976, 0.061394691467285156, 0.05943898484110832
18.2977113933339, 18.29822672101762, 18.401735723138817, 18.468652073084336, 18.490254737773107, 18.522295918128858, 18.52836408753979, 18.59400525372693, 18.602518909400157, 18.617134466374388, 0.0257570743560791, 0.11565740406513214
17.150719264627266, 17.15226516954827, 17.430615467878592, 17.820361009835814, 17.893813091062896, 17.94652971966705, 18.010158876403136, 18.206376469034996, 18.271855214660622, 18.328195011717412, 0.09284844249486923, 0.08545003831386566
19.978417129764903, 20.172100572305634, 20.386965817281716, 20.41469759148972, 20.58996314616855, 20.906998103052008, 21.006327582997283, 21.03889343350104, 21.06616278218455, 21.185595887113767, 0.12422546744346619, 0.052643533796072006
18.75334992241024, 19.168581689242227, 19.349397548396567, 19.603961245786696, 19.782737332539604, 20.14156887299439, 20.167408131120343, 20.208002894473175, 20.216111357360667, 20.356672397259754, 0.029884401708841324, 0.03397654742002487
19.311219381013743, 19.473414330562075, 19.66080068963798, 20.054573405937553, 20.054662986379284, 20.203819692773752, 20.235786788455204, 20.260864638715777, 20.323384504899913, 20.39809920151768, 0.04737059399485588, 0.07891464978456497
18.23413788155736, 18.296618791141505, 18.511460021654067, 18.52064522016564, 18.601170301380012, 18.63670882943724, 18.657233753544528, 18.69101158380696, 18.725649415497802, 18.726276359250406, 0.1278148740530014, 0.08648135513067245
18.339415982905624, 18.383278794826484, 18.482908862650508, 18.484020973340826, 18.569753717876168, 18.622668613157092, 18.64134508922572, 18.660269017117628, 18.769048203968545, 18.82311268958663, 0.062132783234119415, 0.05667738988995552
18.468413071203173, 18.537316789999306, 18.89357839172888, 18.910782121484495, 18.91265635066081, 18.95344969190966, 19.005501485623956, 19.126733930861164, 19.28324447861314, 19.288290468459135, 0.04074592515826225, 0.04166347160935402
16.82076218887103, 17.35168170680236, 17.451094996454266, 17.50508331055289, 17.69900799128023, 17.701070570333854, 17.85260895977797, 17.999886346514856, 18.049788775165656, 18.44894755493764, 0.0806870311498642, 0.09680252522230148
15.459450068563402, 15.812587395239143, 16.012873166661556, 16.24922151943969, 16.300214663488696, 16.389406363633057, 16.619156758212686, 16.8103595244516, 16.91520413249904, 17.016612880822464, 0.028011038899421692, 0.06573103368282318
16.378292989832804, 16.383398873512448, 16.487533297034922, 16.522835513615853, 16.537283919664524, 16.553170543436426, 16.670401455130214, 16.71126587712601, 16.714155648525168, 16.847455869444467, 0.1520959585905075, 0.04159215837717056
19.27978244990946, 19.293062337495186, 19.4575049498681, 19.4923615381909, 19.526771820331362, 19.53870834066969, 19.56293978009609, 19.568191905370988, 19.6059325971952, 19.60803241260862, 0.11994542926549911, 0.09244923293590546
27.254532810690936, 27.300010251004867, 27.339673159648196, 27.46380070814111, 27.514067118519986, 27.520783044012017, 27.75205813809947, 27.754507555293507, 27.755085998214373, 27.768415198398436, 0.11718150228261948, 0.06529649347066879
24.751294411108024, 25.599731587023715, 25.766798855758832, 26.01142544442774, 26.29689586623588, 26.41664505842782, 26.56011774855052, 26.861795704491243, 26.894980121174108, 26.935010869671355, 0.07027022540569305, 0.07612240314483643
25.882874875947, 25.961562921719665, 26.091213255614008, 26.13733768364286, 26.356487674369813, 26.373573346180972, 26.43127954165554, 26.435546043575854, 26.44631394740715, 26.451246580856793, 0.06285702437162399, 0.0459396094083786
21.73006295004471, 22.254893185727216, 22.61523709684129, 22.864073788713174, 23.249625294544206, 23.34036087663742, 23.43109457896755, 23.458174922732706, 23.527536410711686, 23.533323368136738, 0.02959919348359108, 0.035019401460886
18.26466553909791, 18.43903989031641, 18.445080967476077, 18.581013014079844, 18.755456838713844, 18.830142972546348, 18.854210983351912, 18.93567007080685, 19.01072933428733, 19.01911484009481, 0.071588434278965, 0.07192248851060867
19.60626728778564, 20.12154318586157, 20.29351756721635, 20.350914610179206, 20.612816573631672, 20.625095386476502, 20.630560473639434, 20.713895891423338, 20.842376783074346, 20.886743252634325, 0.06720829010009766, 0.07851465046405792
23.472191488306308, 23.71259349982503, 23.72544606923258, 23.76575470640849, 23.767667072129488, 23.802830448843107, 24.218533786396268, 24.23729552442317, 24.360532409820408, 24.450478793764905, 0.09370484203100204, 0.07210162281990051
23.273006856840915, 23.65976098414687, 24.058807450210704, 24.53008181195201, 24.584926832526204, 24.68856987074218, 24.695639288132927, 24.756935092053254, 24.833816657153978, 24.932553348240585, 0.14696229994297028, 0.06968086957931519
22.67640766072925, 23.29668177307248, 23.58076392161601, 23.67326321857907, 24.003413761350863, 24.60797952380268, 24.78215810514911, 25.077912696716538, 25.65844572500488, 26.235043166252566, 0.19512836635112762, 0.06006605550646782
24.247659771319594, 24.25093880299252, 24.60747082408717, 24.97373553715534, 24.991951250582034, 25.120738504158346, 25.28304672300213, 25.378485745162376, 25.548812128432388, 26.03470309281689, 0.05695277079939842, 0.03480881452560425
19.809588241689763, 20.062852080010863, 20.476991200548806, 20.607203302273483, 20.63248162123498, 20.919924833420602, 21.003168457714708, 21.469543444562433, 21.52710607321104, 21.54298301488584, 0.06310627609491348, 0.11652251332998276
21.95082701139449, 22.13901947869518, 22.543941159908655, 22.750763001639935, 23.244119248382187, 23.3923351119288, 23.841693312224148, 23.853515392773552, 23.94003827156456, 23.97891562052202, 0.0898832306265831, 0.11984211206436157
21.53502114180114, 21.637767877855584, 21.673563413051202, 21.70751098444809, 21.816844814623437, 21.83635715700287, 21.946085019382437, 22.10236839423391, 22.23541926158572, 22.352445081924436, 0.05288621410727501, 0.03077777661383152
19.130536564313612, 19.203796024532092, 19.305824438321338, 19.332953471460215, 19.579432645938915, 19.629273983026934, 19.647885431887424, 19.831400593607757, 19.85015174617877, 19.906898482220193, 0.07079944014549255, 0.10293098539113998
20.695383759310538, 20.954042813735512, 21.022932605760218, 21.15064658775107, 21.239755905415123, 21.42832454233024, 21.858779628633826, 21.941185362527097, 22.289625131811505, 22.62252735776834, 0.05063141509890556, 0.1165146753191948
21.619062460654106, 21.805609615696778, 21.89317749271578, 21.961589824843102, 22.031576322895322, 22.15329880754407, 22.18939571977844, 22.25937803072966, 22.274518850281783, 22.487270432359285, 0.04129081964492798, 0.0395021066069603
20.005619334268484, 20.42684947272325, 20.476214303988712, 20.56240005964068, 20.741706807284363, 20.847433027486456, 20.898477671735176, 21.09771935243985, 21.17159844466552, 21.178932824625058, 0.05369719862937927, 0.04512836039066315
22.204115832815376, 22.387077079928133, 22.470103694786552, 22.55501718738254, 22.59870368317454, 22.760745681998934, 22.84564425779749, 22.857501997879957, 22.868030782273195, 22.944048789991875, 0.061562906950712204, 0.08106526732444763
18.998872884250325, 19.184387234310307, 19.31691763531999, 19.409494586347154, 19.730152282290753, 19.808332278336383, 20.00892103639514, 20.04699788063939, 20.058309574082525, 20.268641989693688, 0.054251402616500854, 0.0504690520465374
19.83396925911414, 19.842852323448337, 19.85930760934586, 19.990480726294077, 20.075176700796828, 20.11341313656398, 20.172537556985652, 20.385023494263642, 20.65817000254702, 20.967355118434433, 0.041751306504011154, 0.056868042796850204
19.497378679748476, 19.723096285665203, 19.727450556061807, 20.197221924215064, 20.280391580358234, 20.467032425154326, 20.57252204756347, 20.87722317447799, 20.990433252161033, 21.04746239243742, 0.07677023112773895, 0.053856261074543
16.52131821565918, 16.607632234527763, 16.848675595212324, 16.9575927907811, 16.959254362771198, 17.15579220159962, 17.168183414388817, 17.215030599305067, 17.31692310314554, 17.380157407052074, 0.035413339734077454, 0.046101853251457214
13.573570129142992, 13.666492469986709, 13.700647855754694, 14.197217638310757, 14.277427516955461, 14.960423275151852, 14.975161762637425, 15.27228807148072, 15.27636844272088, 15.788764967833611, 0.06478267163038254, 0.033226460218429565
12.364161565509523, 12.724443876695272, 12.838336596887135, 13.44619869892398, 13.812207607919717, 13.90318022222383, 14.661205460797216, 14.79299166000264, 15.671330566338419, 16.338994288387926, 0.048465948551893234, 0.05127498507499695
17.918765623428946, 17.95375784557147, 18.14959484151917, 18.195606106308773, 18.22046396767224, 18.707553097033212, 18.75020526993196, 19.647127914634638, 19.6772926063192, 19.7159590408905, 0.10032439231872559, 0.04433838650584221
21.584947896642635, 21.860234719578823, 21.905266630141117, 22.24340300253798, 22.45214997686337, 22.52407865195745, 22.578779066222395, 22.650043423132086, 22.70909344049107, 22.80881553248382, 0.09241493791341782, 0.05147673562169075
22.563027689721196, 22.810281954217178, 23.20171807087885, 23.249548437915607, 23.826537989184615, 23.967748871570564, 24.026604170773474, 24.195520181620033, 24.33111768726263, 24.346246192367342, 0.18127739429473877, 0.08822094649076462
21.192455262383366, 21.36897414500016, 21.378648654369485, 21.436968620982682, 21.45111611487357, 21.4969621608215, 21.549633775186077, 21.57085023518195, 21.589859979655383, 21.83457353330952, 0.03583036735653877, 0.04680074006319046
16.312379044753232, 16.518272547077302, 16.579144882979463, 16.779366572049437, 16.90033824156633, 16.935378020146455, 17.363833805359665, 17.896918821068965, 18.026759218218118, 18.131547973990973, 0.06021597981452942, 0.05740261822938919
19.01355760156759, 19.20899990038342, 19.209341950019127, 19.346509106834933, 19.38744553822424, 19.45055483202471, 19.534234948999305, 19.56543477115967, 19.61203532838815, 19.6437274057967, 0.11896397918462753, 0.07063949853181839
20.896960683332512, 21.10651823547755, 21.27986551037538, 21.544348794641593, 21.574367383372152, 21.72451238783844, 21.796665214183875, 21.813443448952285, 22.036308635320996, 22.214108252841815, 0.09519767016172409, 0.1437511295080185
20.939183671129292, 21.05032062114557, 21.08399686161476, 21.112146684327655, 21.310355985187503, 21.39906696161615, 21.410556394660013, 21.815662580250606, 21.904789376497625, 21.990935710158734, 0.046714793890714645, 0.05911382660269737
20.232482818114867, 20.290519422147867, 20.360621421805597, 20.4984484119247, 20.62818769124131, 20.62941911863841, 20.88554234978491, 20.894567365484868, 20.91140392757943, 20.979896487438886, 0.07755864411592484, 0.09481626003980637
20.268467062604255, 20.431661151601475, 20.46858909026945, 20.80598159441912, 20.986072348035798, 21.010873383850196, 21.071191759734027, 21.151553397439706, 21.20672498669631, 21.300009706354736, 0.08126276731491089, 0.08459098637104034
21.686531569617003, 21.783333711559496, 21.815110909753365, 21.833187847630146, 21.83392060219586, 21.863080847712176, 21.929182357946146, 22.04684395011293, 22.074981574255364, 22.161630640584136, 0.1746765375137329, 0.07446768134832382
24.056547032344547, 24.245242576434833, 24.354954247841786, 24.39645892882978, 24.399046476126347, 24.44567592276285, 24.528557893613318, 24.538528290885406, 24.564588088108263, 24.63026484977381, 0.05062117427587509, 0.052392251789569855
22.953662849741, 22.9659884638586, 23.01961095392724, 23.043964275521205, 23.061478276981546, 23.14541882089247, 23.20986159325614, 23.246764798879205, 23.27198250229643, 23.292215039061848, 0.06781981885433197, 0.045826513320207596
22.24636628948328, 22.33525647282721, 22.404620950834943, 22.682607501938985, 22.706458997543795, 22.72978966970277, 22.830520901681084, 22.84542657291604, 22.895548008820278, 22.908987002159733, 0.05120758339762688, 0.045148856937885284
19.870870659974713, 19.96011116682419, 19.970391764081782, 20.20630502058746, 20.356461209772522, 20.4472015814401, 20.57984559426367, 20.613569481971172, 20.792838651034863, 20.84685030512407, 0.08535295724868774, 0.058747708797454834
18.431535858646658, 18.44612678071047, 18.566635561072108, 18.575036369596212, 18.579633646671653, 18.814404524752018, 19.41575729746218, 19.817243641423076, 20.057754337151525, 20.167936625295468, 0.03503631427884102, 0.07077805697917938
19.140633177984405, 19.227133947528742, 19.454852735344936, 19.618945716414117, 19.79086850475802, 19.82017339654061, 19.8693928209121, 19.88017795377237, 19.912723982008597, 19.992682533421668, 0.12510119378566742, 0.07576639205217361
16.364753995862234, 16.389369921429413, 16.697272306900537, 16.84575952750538, 16.980456312844463, 16.98599781333764, 17.023321914059096, 17.143381438734423, 17.20790605597642, 17.436490309046256, 0.11844446510076523, 0.07306721061468124
17.769466120364477, 17.799378287626414, 17.991449407132173, 18.0205929824431, 18.06493976582629, 18.29157327305295, 18.378274610541208, 18.382911204393057, 18.461877197843222, 18.46872859124492, 0.023103950545191765, 0.04028313606977463
17.32489966258545, 17.447753568303735, 17.561405688831446, 17.759118091682282, 18.005110102645144, 18.021405375935693, 18.23613930309796, 18.301508491221025, 18.60061064988467, 18.963997723685107, 0.0709487721323967, 0.11484207212924957
16.664383828048773, 16.88120833514711, 16.9670120293257, 16.97555552737048, 17.08581025169763, 17.13451817360468, 17.213789625556608, 17.24094285631086, 17.322419025427656, 17.3974926852592, 0.08320672065019608, 0.0957208052277565
15.980729198661033, 16.13974005216314, 16.369667846283253, 16.401465504691693, 16.436645140265696, 16.679183588933597, 16.759492890823573, 16.804814316528002, 17.13557521454423, 17.19385615479056, 0.06072011590003967, 0.02497761696577072
18.653533158690315, 18.77865887040852, 18.968436961402965, 19.18918128496111, 19.393050193364154, 19.454868986652176, 19.49543602538726, 19.607516923949532, 19.610899139483713, 19.732674939243804, 0.08305501937866211, 0.07259101420640945
20.390876291704636, 20.58710886634097, 20.813195041728225, 20.86499230141753, 21.093783178456093, 21.144230678221934, 21.148113989503173, 21.157584003686274, 21.172493455766052, 21.266657081718105, 0.12231090664863586, 0.09381278604269028
19.272422102329138, 19.363175761689018, 19.39976865770797, 19.424887085310374, 19.591348942061554, 20.30339689759767, 20.337589712716674, 20.351179104949047, 20.52800812801676, 20.729486506317333, 0.09688427299261093, 0.0807461366057396
20.6515027063278, 20.93795607847214, 21.00479516698814, 21.0152220816659, 21.357964861161697, 21.381476875071485, 21.429288044086803, 21.44037561972094, 21.59063795939497, 21.69079433407988, 0.07915008068084717, 0.21881215274333954
25.002340136515016, 25.14474397667816, 25.19366087776343, 25.204303339178082, 25.29941701826306, 25.323061593035423, 25.343112880304137, 25.34540845367328, 25.357958447123664, 25.410026369383363, 0.14788654446601868, 0.1576574295759201
20.074443300824996, 20.140744245056617, 20.210745772293293, 20.3522362559482, 20.375107763949316, 20.408155537740356, 20.41917095234298, 20.616819899411425, 20.637847536325566, 20.648570485586625, 0.042671702802181244, 0.049329724162817
17.56153685646159, 17.796047989813893, 17.865793706901133, 18.101183850704093, 18.139206549248467, 18.140349041547037, 18.40022594846213, 18.5176371482915, 18.528670178911575, 18.533716676174304, 0.0339331328868866, 0.07840073853731155
16.03882352191482, 16.36620700569799, 16.39696176175591, 16.44824756338082, 16.627193145416, 16.698906608526595, 16.767220572994795, 16.865162180179276, 16.998922032885144, 17.022148303875007, 0.14559945464134216, 0.09715467691421509
17.690341680142396, 18.0187879157526, 18.33149717367069, 18.753585441222267, 19.34972811497448, 19.902193611719657, 20.425543135583847, 20.564719466589896, 20.91668985491552, 21.534534835914897, 0.08638020604848862, 0.08811764419078827
21.323386490916565, 21.47452566945134, 21.70924820859059, 21.71885230500284, 21.94914851606574, 21.976633834967874, 22.878507555968785, 23.48752967797127, 23.983407498813282, 24.192897141435672, 0.10871168971061707, 0.08664073795080185
22.81280074443624, 23.334429964501773, 23.394029731096396, 23.457308030859746, 23.55619390209063, 23.88397551181953, 24.182937428733002, 24.72152553906876, 25.59211118926216, 26.270573696694402, 0.14183342456817627, 0.15239126980304718
23.22774928863727, 23.402340043198155, 23.793249664662916, 23.820461452506574, 24.05761995847361, 24.070450439431006, 24.330769677924675, 24.39694935318447, 24.847392856802877, 24.87560067730964, 0.07817906141281128, 0.05550266429781914
19.57441946008594, 19.62695856675724, 19.72774910297606, 19.9311145404099, 20.050149097800013, 20.307731427993502, 20.793764060564452, 20.97947783647581, 21.00791362701263, 21.3211720729519, 0.07265298068523407, 0.03614049404859543
16.124933125126184, 16.505012718151793, 16.665471868821864, 16.798638506429008, 16.803248689803763, 17.14510945096789, 17.166969841983626, 17.397038915948805, 17.577395237854077, 17.756365351594557, 0.16878166794776917, 0.11941170692443848
17.740134973348088, 17.79552167286889, 17.99846951271024, 18.188280459371878, 18.245632335561112, 18.479200792229033, 18.544146716654108, 18.67903892352385, 18.717052122309045, 18.823869505812368, 0.12147455662488937, 0.03485555574297905
18.51983940534966, 19.252549172948743, 19.309247410057974, 19.342082783102374, 19.584906977075043, 20.121968505546732, 20.203599593368384, 20.268286748231375, 20.411151853546503, 20.588581812882047, 0.03473357483744621, 0.03612814098596573
19.711731602429165, 20.207520250034854, 20.23943479067609, 20.48382236920686, 20.63945361033647, 20.688728962020722, 20.719395794425125, 20.94534319889289, 20.97499855308873, 21.201391345541396, 0.2811972200870514, 0.13748888671398163
20.02100295044975, 20.02416284855982, 20.319926881033062, 20.34032012629682, 20.513024950543013, 20.610647275806993, 21.04517483024873, 21.234701449916226, 21.36520608818105, 21.461569509438405, 0.10742607712745667, 0.1103150025010109
23.51965597138994, 23.654749616347825, 23.68387986175248, 23.74892234192244, 23.83460935578294, 23.922988902094282, 23.923568556096196, 23.975779829479297, 24.116065805738018, 24.136718430653428, 0.05880133435130119, 0.04259144887328148
25.052008982166786, 25.160022329625594, 25.255916239201195, 25.374230596502724, 25.489617562860072, 25.52350337222607, 25.54187435009327, 25.550936686774712, 25.55306909092394, 25.645815269482352, 0.08208923786878586, 0.22105403244495392
26.629303553805848, 26.67062395857376, 26.767671549912215, 26.79284245400546, 26.850017771052293, 26.850918003358704, 26.959526865250574, 26.962881390990745, 27.08461474769901, 27.2544923047925, 0.054661065340042114, 0.1114669218659401
19.76356937784932, 19.803080928050974, 19.855357622757502, 19.909731292504514, 19.954639083469328, 19.994551856262973, 20.02396644569795, 20.09816183407558, 20.115238823381375, 20.198268001299745, 0.029632098972797394, 0.0408821664750576
17.533831967280673, 17.647990271280722, 17.82090476855763, 17.908286302864006, 18.055112858676136, 18.31986769591474, 18.492201253750707, 18.505374648699554, 18.5097787179783, 18.516299073199985, 0.07023429125547409, 0.059595562517642975
9.567665122334462, 9.801327251510624, 10.046787315507816, 10.286689167399423, 10.516478522541695, 10.747858003234294, 10.98452589984064, 11.224080029966718, 11.460714553160537, 11.692563600143243, 0.07856452465057373, 0.035818468779325485
10.41570872581282, 10.419044837336408, 10.556668188924672, 10.564520021620597, 10.607134335504199, 10.634721143828596, 10.768632213215039, 10.784453047450471, 10.806536295420763, 10.821056862474373, 0.039974845945835114, 0.070904940366745
14.860131083937548, 14.927198188204795, 14.965357326987851, 14.978847761809618, 14.98768584426299, 15.088608180495601, 15.101348166456141, 15.114999158847835, 15.207881062412413, 15.255559521715242, 0.5834997892379761, 0.05738222599029541
35.09188349570167, 35.12967280150728, 35.17308614441303, 35.29298196880873, 35.4194116700228, 35.47635540485422, 35.476776064238706, 35.610182991849356, 35.80454886314754, 36.106840597025865, 0.7239915132522583, 0.06313919275999069
39.80261794808988, 40.028677597264945, 40.355785193887364, 40.376612071383484, 40.5554457897466, 40.70921459850439, 41.30720508662044, 41.77904644338513, 42.00809596312518, 42.15299453800287, 0.297970712184906, 0.14211419224739075
37.97931926528922, 38.083927000957736, 38.661335111157875, 38.72485025406344, 38.9092374151897, 39.212171711750536, 39.760429120773196, 39.925456722031704, 40.39088402705463, 40.841654258336945, 0.3814595639705658, 0.13073809444904327
35.62539636566534, 35.8663305145463, 35.966327629840144, 35.969507784620085, 36.15057248221326, 36.24944994980963, 36.378179554944005, 36.45951302246733, 36.646150351649254, 36.674432710515184, 0.08891628682613373, 0.0847245380282402
25.15058312112443, 25.310856682515514, 25.377336671112204, 25.42601986653427, 25.506081262376785, 25.718052991042068, 25.91043147304895, 26.237452887380183, 26.674302022667714, 26.730286055033947, 0.15345388650894165, 0.0507502444088459
25.60810432146062, 26.12213625339996, 26.765264433734977, 27.392640288207467, 28.24657960506998, 28.90393459270066, 29.44797293078452, 29.47453125802815, 29.585368422898686, 29.755661452207118, 0.07531199604272842, 0.1342688351869583
22.295790483114825, 22.62730134897316, 23.07105642602008, 23.616155407039532, 24.345766096202084, 24.90225760124439, 25.32533026111046, 25.697790364584026, 26.035368622692815, 26.276445635752758, 0.04591713845729828, 0.07423388212919235
19.131280202115374, 19.386375830552424, 19.631417697431033, 20.32524937543932, 20.755043928165623, 21.247533506120522, 21.620606565188382, 21.900446998342037, 22.051847914216797, 22.22467763599203, 0.07293947786092758, 0.0408194437623024
17.003275020273655, 17.022209771862, 17.192739731489322, 17.46256616530782, 17.715889324090206, 17.813640118767992, 18.345911249088555, 18.37059583492706, 18.844049661387952, 19.113834201299078, 0.09323488920927048, 0.07240261137485504
19.213407068902526, 19.452292713604386, 19.517821156701437, 19.624341647459286, 19.84969529301409, 20.041859018837513, 20.11902277351276, 20.251335514077653, 20.33553477643218, 20.418470936290642, 0.07849307358264923, 0.04209279268980026
18.62973312938032, 18.769925226767846, 18.860299004021037, 18.87342546850181, 18.97186307185286, 19.076734408481997, 19.416827734061147, 19.51104141182135, 19.60507494543566, 19.699136382398795, 0.12267957627773285, 0.06985238194465637
24.508752445570323, 24.599035948327778, 24.644233069804006, 24.677988763979734, 24.69519965923128, 24.75170144796301, 24.876254873478764, 25.007563541181437, 25.075638409474262, 25.34421313572238, 0.048702698200941086, 0.08364232629537582
23.792104948769285, 23.866503941866696, 23.8895728301601, 23.94343975537365, 23.96416377094783, 24.02814451465814, 24.067913043614492, 24.128814227098037, 24.189387678296843, 24.215083136042395, 0.060935329645872116, 0.03497159108519554
21.81796583757126, 22.183192002938657, 22.372334653201552, 22.403666915659166, 22.54739778351235, 22.87130106404577, 22.92563279527365, 23.01892753473681, 23.371380629757965, 23.43343329967576, 0.12313063442707062, 0.161100834608078
20.12613848950447, 20.276686250397105, 20.35154473222927, 20.618625127148412, 20.733861098193803, 20.739358309640593, 20.808407234815096, 21.17212314354222, 21.329428016816674, 21.974728821910777, 0.05689588189125061, 0.04824058338999748
17.245376283948328, 17.36720434342, 17.97303918112865, 17.978925573317788, 18.120345287951842, 18.248030109593852, 18.410530762705573, 19.212649157565952, 19.358672569098882, 19.470916732211748, 0.09814466536045074, 0.06651202589273453
16.044818276562815, 16.255574064062007, 16.78208145059557, 16.927649270699508, 17.310431519736316, 17.31137247466353, 17.66948679863356, 18.348357771578865, 18.45347297716233, 18.495973745199493, 0.07744058966636658, 0.10713910311460495
14.038694507380555, 14.302687333793758, 14.451817104365293, 14.686303574814318, 15.478427822211838, 15.762735717656492, 15.880822066576947, 16.057190621498474, 16.27994209127018, 16.54345417750908, 0.2465909719467163, 0.05068689212203026
13.764133391680318, 13.790589073584615, 13.805609614692175, 13.863964344839262, 15.217818849298977, 15.303941918990084, 15.488941169548559, 15.614913897912448, 16.196995425934688, 16.268944275049225, 0.18877868354320526, 0.08696993440389633
16.151253972786122, 16.21896162991212, 16.30361021329691, 16.40670322619387, 16.43772100199763, 16.549761899965116, 16.65436672913236, 16.68307288831841, 16.883414393610106, 16.92414937171277, 0.1180107593536377, 0.08363157510757446
15.81223716084899, 15.813250397360653, 15.839347871734919, 15.896851285434947, 15.980595878763008, 16.060267478747583, 16.077634389423427, 16.172628833490624, 16.174797811132937, 16.243576358308967, 0.11583759635686874, 0.06308908760547638
22.588825177279926, 22.822234065510933, 22.874060723481314, 22.887035481824697, 23.27278995459621, 23.51871561503832, 23.518848284527312, 23.522063914757272, 23.655621951362118, 23.81990066788915, 0.24727585911750793, 0.0861511379480362
25.800964758169492, 25.857415744441887, 25.957617192022788, 25.969486919496124, 26.029973957878315, 26.05101270116277, 26.10560990815667, 26.141477856041156, 26.18233370070776, 26.19545048415935, 0.06722807884216309, 0.07307615876197815
22.43393023685855, 22.525417050441845, 22.65216708022265, 22.941172905494877, 23.079290612753727, 23.091767823430157, 23.233870743694997, 23.658389209898196, 23.799349417684414, 23.811308293584545, 0.18793968856334686, 0.10337471961975098
22.58964015659806, 22.67855653085049, 22.787976434210115, 22.800239137826157, 22.810636240795873, 22.818127162453305, 22.883861339266264, 22.9124612079945, 22.959584034481086, 23.229198302980453, 0.04461246356368065, 0.08100224286317825
11.760149510587775, 12.643879235127898, 12.889664260338778, 13.43556834016139, 13.525260035309062, 13.624866983097164, 13.738828447290704, 14.15532347516663, 14.39238602815889, 14.688958448903616, 0.08765234798192978, 0.10992499440908432
14.226535827734262, 14.286674485877844, 14.386750975405434, 15.557200915194349, 15.629111914446527, 15.900132159998812, 16.195790329557404, 16.23760485795183, 16.66382410419464, 16.67040323106516, 0.057688578963279724, 0.04847286641597748
20.357135424882497, 20.48839358661481, 20.606677595721905, 21.01442653983359, 21.074390581245073, 21.25693894221999, 21.27401714610936, 21.274422605905794, 21.630236741882108, 22.034506424096858, 0.16148866713047028, 0.22001083195209503
22.117195916975877, 22.31836181675925, 22.486072869981317, 22.9207040164555, 23.48307936134257, 23.731259394766823, 23.960807312292168, 24.461455466115172, 24.6688382193164, 25.018756442853473, 0.11149385571479797, 0.06290555000305176
24.125504423823784, 24.39096979944096, 24.711629294842815, 24.811371696839764, 25.370592286442577, 25.614668388763306, 25.818214386870743, 25.912802452475223, 26.219237708489366, 26.65447837286149, 0.23406609892845154, 0.18081574141979218
23.94499612277693, 24.104188965569268, 24.176941842542913, 24.177006956010104, 24.229265938297022, 24.358463022191135, 24.370503378762027, 24.48753820744318, 24.498022319429857, 24.559522838403765, 0.20364132523536682, 0.09836108982563019
21.512148912118867, 21.566425912458854, 21.566514561196357, 21.761986149523317, 21.81743252933954, 21.967910482533938, 22.115085839270805, 22.13810703640782, 22.13959829455387, 22.206984286009526, 0.2076416015625, 0.10033716261386871
28.282109488035104, 28.313260436585885, 28.410305571793042, 28.446896645275586, 28.679911020938277, 28.849150804849735, 29.129643090245057, 29.376836488852152, 29.546640912383197, 29.59374226660057, 0.1422170251607895, 0.07136990875005722
31.105280538276098, 31.17007256698428, 31.201617421566066, 31.22636123748172, 31.33663005747981, 31.40236067230801, 31.459651299687483, 31.46335780853442, 31.5387585345967, 31.542529749308216, 0.11970474570989609, 0.08766014873981476
23.297906673051646, 23.391064575594186, 23.62483370857602, 23.918023779250515, 24.0420263308249, 24.05503235382795, 24.298470079675994, 24.693148171502763, 24.902463944230558, 25.0123588777581, 0.3828374743461609, 0.11264850199222565
17.663179315949197, 17.87598072575722, 18.17163187615813, 18.198401475973103, 18.298271070711603, 18.312369482602627, 18.487513054542347, 18.97304107115248, 19.32751789349557, 19.65237114234765, 0.17542612552642822, 0.06153997778892517
17.561987017797566, 18.44872691965049, 18.508129888397125, 18.55812284214362, 18.627172185316226, 18.635447697561847, 19.264276027508025, 19.688160648375884, 20.093704704447568, 20.340624917114425, 0.09356406331062317, 0.1487889289855957
20.271262932465657, 20.294384216947762, 20.407467756254622, 20.518677651958523, 20.77750771114209, 20.80351511835762, 20.951233814963317, 21.025520259639254, 21.0754936494682, 21.23447848951235, 0.08213485777378082, 0.08420488983392715
22.096744389818728, 22.218538872783423, 22.390829267263236, 22.604758732441162, 22.806814467188353, 22.918919015259455, 22.954470409399608, 23.062120951040782, 23.06412096660852, 23.121432461809405, 0.062291692942380905, 0.16277344524860382
23.376019322660397, 24.048787293603258, 24.34303078969156, 24.398085537244484, 24.897055248261672, 24.942522655899793, 25.087558270842255, 25.10536082659622, 25.212157244738172, 25.231709139319996, 0.06259922683238983, 0.13331349194049835
24.115573533046344, 24.419878567697165, 24.46080674487254, 24.541657394025258, 24.661690896064627, 24.715100999061416, 24.790024035924546, 25.28210159081636, 25.61041407929503, 25.695989163235296, 0.043913066387176514, 0.14430789649486542
22.020402002105158, 22.334476925853437, 22.351652802535405, 22.484253773373496, 22.512775498017344, 22.622367357625087, 22.94512878409073, 23.445324646408643, 23.702592813618146, 23.71193345451485, 0.06310538947582245, 0.08929043263196945
21.289061214109026, 21.494438670576503, 21.506817575274393, 21.544091102055233, 21.549191444710843, 21.59626769991251, 21.621450391846047, 21.74558896296348, 21.790725866936683, 21.806944550022962, 0.08012236654758453, 0.048128169029951096
19.153210904586157, 19.350141115739, 19.434071785154497, 19.45838793643431, 19.668935283563115, 19.73828452547775, 19.912718552111453, 20.12787051562352, 20.199650401701252, 20.476371324394623, 0.05132497474551201, 0.04685945436358452
19.275603436126758, 19.386832948643985, 20.14378791827585, 20.687924723748623, 20.74734819248288, 21.089312893351885, 21.136799254015177, 21.506025837437356, 21.53024536460503, 21.63480051131044, 0.08101075887680054, 0.04805273562669754
20.644005112908587, 20.729012907679156, 21.085577623746246, 21.229886887743493, 21.380841846189146, 21.546859911468307, 21.62114451486447, 21.644160337404475, 21.698226509349844, 21.71627853783878, 0.12943120300769806, 0.07594992965459824
18.881055733985047, 19.076302333081177, 19.37561258321149, 19.612120550344684, 19.984814958690254, 20.02708302220598, 20.121039379919512, 20.229134552412624, 20.28710748156868, 20.361676959080977, 0.05824267864227295, 0.07067758589982986
18.945431598287552, 19.316109892365183, 19.3688640194847, 19.662284945846086, 20.160772863883654, 20.225383241025014, 20.259317813508748, 20.265661943211278, 20.274966135631303, 20.401925077135708, 0.08896436542272568, 0.0805768147110939
17.658710763322798, 18.311309035270007, 18.477223494114046, 18.492403221880622, 18.857394041893276, 18.94869348529997, 19.07658830937483, 19.138973973573354, 19.30877962304332, 19.443541990514323, 0.05764339119195938, 0.06014248728752136
17.31812624372917, 17.35141831748958, 17.712850458419382, 17.757254912955656, 17.97653265595719, 17.990481385674755, 17.992905562298795, 18.075520763065043, 18.115967586415255, 18.28654368258883, 0.05666865035891533, 0.049055315554142
17.073503357127983, 17.323291719870028, 17.691463422298426, 18.03097176280752, 18.180539248215243, 18.58940799390249, 18.8753335529941, 19.03074815787876, 19.031834327629163, 19.087776565320066, 0.15553531050682068, 0.04482129588723183
20.255949382245902, 20.432846017504318, 20.556028896162555, 20.595553399905903, 20.609183633532957, 20.723336961161657, 20.749209696571274, 20.91889781072065, 20.950834726054477, 21.096122318053574, 0.08916445821523666, 0.10726382583379745
17.903228330294134, 17.91070390806483, 17.936473136359766, 18.171459626552153, 18.27359586411002, 18.653250471221863, 18.950616267850204, 19.245629763046622, 19.26240676002491, 19.46174825609895, 0.055806007236242294, 0.05840303376317024
16.701892279421042, 17.137080335923528, 17.140085362460777, 17.228698046744142, 17.758683475123895, 17.962129953224256, 18.56736074021198, 19.026816032040372, 19.4018808035815, 19.53515325958448, 0.15835630893707275, 0.06600773334503174
18.83586975135821, 19.25778023684271, 19.670059352023156, 19.68651845333927, 19.707980219823558, 19.715672835820886, 19.75030492234862, 19.788587491337065, 19.866766680048837, 19.88891955056411, 0.07926128804683685, 0.04838014394044876
17.37830032027864, 17.959121139573394, 18.11661371144039, 18.736315277956706, 18.74544420257824, 18.745960776360196, 18.763780384548497, 19.00530634585373, 19.466010294886853, 19.52473817665766, 0.03856576979160309, 0.05833515152335167
17.441475613216216, 17.45470496701666, 17.472418071639165, 17.810972949426592, 17.979583334760513, 18.085962641842002, 18.293840426298726, 18.52889909113167, 18.603455276148605, 19.00791986409635, 0.07283010333776474, 0.09542107582092285
15.318384655293421, 15.750177851991385, 15.978396084342137, 16.271600125052505, 16.340120050238514, 16.82650009378382, 16.84330039697102, 16.99253633755728, 17.091722179491907, 17.14414879809095, 0.04437365382909775, 0.06539878249168396
15.076925213688606, 15.862590793224442, 16.03144530145008, 16.116473898389167, 16.459789101087733, 16.512969365962604, 16.618252870152734, 16.72347291350245, 16.818553367441364, 16.84609567037244, 0.06936503201723099, 0.055039968341588974
15.379391650448927, 15.716860676222685, 16.564304743912796, 16.588000757746105, 16.687777454637253, 17.143009341756272, 17.144321513063197, 17.46273580365305, 17.485924841753047, 17.596225487629397, 0.13286195695400238, 0.11125903576612473
23.258718978294095, 23.37881268948605, 23.418960790619852, 23.66645897620598, 23.960852994238774, 24.208828169714522, 24.24624703104524, 24.319623882677444, 24.570529458190634, 24.725050149349933, 0.1042117327451706, 0.04641313478350639
18.517724969408984, 18.543011108966674, 18.687731718328997, 18.82527595028846, 19.17286553699099, 19.326681849130974, 19.53757958136934, 19.615345464137597, 19.983652501779453, 20.044394798843502, 0.07215815782546997, 0.0763758048415184
19.783393683668457, 19.872487817937248, 20.05863535246008, 20.16263676634604, 20.223597944287786, 20.49764278249102, 20.55666221671323, 20.626450199378457, 20.71353845775654, 20.962719341683187, 0.0422569215297699, 0.13870349526405334
19.30672673858414, 19.59067401284545, 19.62678391509985, 19.695042575497386, 19.950032080666237, 20.224264635004722, 20.237129038694874, 20.339261364358137, 20.494743339690466, 20.594375241567985, 0.0746840238571167, 0.0803065374493599
19.52659213356922, 19.987803001780605, 20.03860323936149, 20.16277009440299, 20.172444318716693, 20.215823972325165, 20.272314402294967, 20.330667165387144, 20.342304034946768, 20.364503862047712, 0.085757315158844, 0.07963971793651581
18.785709223304455, 18.94745723610178, 19.201972525102644, 19.721976825223756, 19.78052950590632, 19.834645037775754, 20.02561746344513, 20.177826282234292, 20.24284757989884, 20.381675791046153, 0.07056496292352676, 0.12515556812286377
20.87274353071008, 21.84764687390006, 21.9910932983647, 22.10869141526863, 22.20374929627608, 22.32634378642095, 22.372198350613864, 22.676879317721507, 22.890681906977633, 23.193173942725725, 0.04517897218465805, 0.08023491501808167
25.18330422426672, 25.497245817327073, 25.622086550351224, 25.67208169661, 25.81909626108477, 26.200534891101217, 26.23026587079792, 26.595925178353113, 26.93079404323818, 26.981836877461895, 0.08315860480070114, 0.047119300812482834
21.438449640682663, 21.67144218041896, 21.7613098840172, 21.957648303885456, 22.017030150613444, 22.028006500918046, 22.159051837149235, 22.20675598095344, 22.938737045755808, 22.957255746716516, 0.10836972296237946, 0.06782803684473038
18.780297477866778, 19.1179853624798, 19.28881806196274, 19.393574794503863, 19.92631485108709, 20.13752669221815, 20.21049108053835, 21.08773534093578, 21.088590260156998, 21.269912016731375, 0.04059705138206482, 0.08227518200874329
17.641292623190036, 18.10000188302392, 18.391570154680497, 18.687775558152655, 18.700441470929984, 18.96164033758588, 18.961867778106445, 19.515481361045925, 19.68199112712361, 19.778222362883742, 0.0482078418135643, 0.04820334538817406
19.554912327864795, 19.6315485043627, 19.677258312732032, 19.839966501760518, 19.94019258181298, 19.950242890979172, 20.234217276622, 20.302554952903307, 20.76425448722671, 21.2299959999703, 0.09321539849042892, 0.04732612892985344
22.635374287168553, 22.693837505762076, 22.88746881622793, 22.94957024353049, 23.259581897996863, 23.382699520078074, 23.59155874906763, 24.02600518865941, 24.13898557885286, 24.954670170175106, 0.040967907756567, 0.14181022346019745
20.962772191988744, 21.376807243493072, 21.828234908823372, 21.97340906089719, 22.30103228560686, 22.480033752431666, 22.777972129882034, 23.004560323472734, 23.41454796150134, 23.75058050446842, 0.07131415605545044, 0.07507745176553726
20.38965251513468, 20.79635669028932, 21.194014805300377, 21.58529623494116, 21.935446754379296, 22.388888562006198, 22.779914785706115, 23.18534210165459, 23.53940687876817, 23.969815803922728, 0.04251624643802643, 0.05407806113362312
20.049802046138435, 20.471442321353532, 20.8625123574659, 21.32955629522529, 21.778989379515345, 22.18871855312866, 22.551681582572048, 22.94409019706054, 23.233837879516773, 23.63334263411874, 0.0828208327293396, 0.039273642003536224
15.517475996058737, 15.525397013652363, 15.622362093962318, 15.63406754154186, 15.665001209670466, 15.87909875766039, 15.892569134632456, 16.2033019537508, 16.34541705510702, 16.407509317651176, 0.03625132516026497, 0.05084118992090225
14.718307592218979, 14.761569305208921, 14.816917725369462, 14.898873082332443, 15.000978830965785, 15.002110807772738, 15.021310584971607, 15.026700437485117, 15.103689363609472, 15.2228110507856, 0.060328371822834015, 0.05206627398729324
13.347732970057512, 13.41123094535678, 13.433241274290044, 13.50608340815453, 13.58459265769157, 13.619996299170179, 13.62311984169188, 13.71488313679237, 13.757725062054513, 13.832438365092743, 0.04120437800884247, 0.07158039510250092
12.846329078294383, 12.853300064585898, 12.875695464161467, 12.921220999282651, 12.931338976330915, 12.969799102883071, 13.034448081463562, 13.036549465535726, 13.151516628123801, 13.222387792712908, 0.01658874750137329, 0.0209897980093956
9.384058846719174, 9.40314560940121, 9.482303223584632, 9.50913185045469, 9.584276679829904, 9.646225758256367, 9.68260747836679, 9.779408735010659, 9.843086307207116, 9.985228940893936, 0.05047990009188652, 0.049690812826156616
10.054146706500786, 10.05428921261153, 10.103605911049332, 10.17626874657744, 10.236059386636386, 10.255706233121561, 10.330121656777983, 10.385973309079347, 10.46134957220148, 10.599273029585246, 0.0388684943318367, 0.02996801771223545
10.848786845493485, 10.861820122992409, 10.863457570405433, 10.950896444501423, 10.959035034266265, 11.061724447438513, 11.096990703769004, 11.283918152381833, 11.284403176484734, 11.381651154533504, 0.10333971679210663, 0.01447331067174673
13.630294089708931, 13.650010794361348, 13.687567417614307, 13.697774625880117, 13.702754503133345, 13.732914515299793, 13.848753341238274, 13.85994294521687, 13.995581567945028, 14.168554380692568, 0.044292207807302475, 0.057492900639772415
12.442899592133205, 12.44763800803371, 12.628418733242045, 12.739477689061253, 12.87340984877221, 12.996179846968007, 13.134225781238916, 13.220882696803223, 13.258301918938622, 13.435157303209174, 0.049540501087903976, 0.07975282520055771
12.835133282041797, 12.843952369022338, 12.874382575933826, 12.888486641673143, 12.98439148081116, 13.100658490823935, 13.12613239969603, 13.18879788978633, 13.324262755433464, 13.429641266510284, 0.14677433669567108, 0.0579136423766613
12.328820084473639, 12.334167963896912, 12.437378026801627, 12.575542512275653, 12.605582039532822, 12.655061553489464, 12.694887756003087, 12.700021065657719, 12.995111839533903, 13.076829191820527, 0.0901966542005539, 0.04012356325984001
12.465350315856519, 12.532747764009756, 12.548132670896006, 12.55172658746967, 12.553741887575192, 12.58242501003133, 12.709337302174248, 12.77542892475975, 13.063068481459396, 13.158176957698066, 0.08291618525981903, 0.045749541372060776
12.288636227415514, 12.298798324533177, 12.31116525469138, 12.322851138993022, 12.341667839639278, 12.652776803634787, 12.707563185205077, 12.939013787588921, 13.132780440000698, 13.279894399532001, 0.07291240990161896, 0.08035876601934433
17.21264914604367, 17.224642489864916, 17.25906411016268, 17.305332357283298, 17.31767393870525, 17.407046631152028, 17.423008732917182, 17.52251827430788, 17.575448115965603, 17.703915501230668, 0.050493232905864716, 0.19357429444789886
11.211007941714247, 11.62135283625106, 12.044577422072216, 12.462342544127484, 12.886721753138106, 13.330818647953086, 13.783899491079499, 14.240553737800807, 14.690514233993369, 14.856573879884253, 0.14309273660182953, 0.06445782631635666
13.829906717194438, 13.838236937362755, 13.899195599325926, 13.917705631894856, 14.012619074705068, 14.087443852190217, 14.122504933116037, 14.339829812813258, 14.517791913537222, 14.536277400723419, 0.21771375834941864, 0.10617504268884659
16.98898057457647, 17.142263938517765, 17.145664727828603, 17.208758471842163, 17.22428019059301, 17.3323977783624, 17.41273300926474, 17.478115339397622, 17.660010235945386, 17.66152574658332, 0.036611929535865784, 0.047090571373701096
21.030987822631243, 21.106569742335, 21.145988097949235, 21.168505130619184, 21.20459969652237, 21.214817112130763, 21.23932396773959, 21.27915735319419, 21.28518112363201, 21.31466341609259, 0.02025449275970459, 0.07889239490032196
21.750080886889272, 22.224989698955184, 22.876348282104605, 23.011514133843793, 23.406001433986113, 23.583747483664187, 24.05133022387304, 24.411445194665124, 24.809224050178702, 25.176625242236163, 0.04351786896586418, 0.021748719736933708
16.38799640842219, 16.508208607545328, 16.514570681162006, 16.637950929592254, 16.66646710619461, 16.732998805882144, 16.83396305972754, 17.177935858573317, 17.26080744174124, 17.597408787092466, 0.10615324974060059, 0.03380933403968811
14.936747056841837, 15.063916679782492, 15.296771905433978, 15.324525315000441, 15.337527115346864, 15.421078527751108, 15.445504924256463, 15.650244412602724, 15.787261164229442, 15.814710835845322, 0.039851441979408264, 0.08090304583311081
17.39757495237334, 17.397717156257556, 17.440437049043243, 17.471642955681396, 17.536057907359666, 17.62038066703289, 17.77966557477008, 18.000091186040578, 18.021384593164687, 18.101943595428658, 0.11557509750127792, 0.1945076435804367
17.503456981966067, 17.692429348630572, 17.737732702183298, 17.889469500908998, 17.915950985874467, 17.983810228316717, 18.26585681566554, 18.334594735859806, 18.35040766299851, 18.405701644111023, 0.06721510738134384, 0.05278891324996948
18.10356851679854, 18.2564619103225, 18.257900520211592, 18.316924153488557, 18.31855751930423, 18.40363088748975, 18.415260885519068, 18.424766176780317, 18.459209782986004, 18.47654578559006, 0.04633710905909538, 0.06165005639195442
15.7049139639762, 16.043751458019003, 16.178171234322964, 16.336359053796947, 16.37971352005389, 16.505710343721496, 16.62132798148671, 16.86555925124358, 16.914394962467547, 17.021078927964112, 0.03145264834165573, 0.06099918112158775
13.907533650676747, 14.018065652212684, 14.06093747291339, 14.273995574307522, 14.386947781139746, 14.469541413988228, 14.607552593968357, 14.782862132029594, 14.961113090465465, 15.04940641367349, 0.07262226194143295, 0.07413142919540405
13.72639357841454, 13.83929587147529, 14.164548145725094, 14.166924627369234, 14.182950474540647, 14.23550534194069, 14.246127340970492, 14.327880509250646, 14.369646958463006, 14.44509849068368, 0.07230337709188461, 0.0241426732391119
14.4200066046444, 14.622187364134813, 14.716481314376455, 14.741762508078596, 14.830982753999296, 14.980731790440421, 15.053319192652003, 15.322251325488294, 15.76413598248215, 15.775525441486417, 0.04433051869273186, 0.03948432207107544
17.523937017293218, 17.84249251187988, 17.9320418235307, 17.993061038498215, 18.035968360469955, 18.06567877905586, 18.253024827697224, 18.366400183137596, 18.39197193794615, 18.48912531915399, 0.11310689151287079, 0.09712674468755722
14.930047234855836, 14.947510215168359, 15.172216585137859, 15.418013052543692, 15.559180015800477, 15.77340154920262, 15.960101979415006, 16.033106162252338, 16.12250608375616, 16.39633436673063, 0.050676893442869186, 0.022225866094231606
15.076997734337752, 15.216471861781883, 15.286757744699946, 15.326311496161305, 15.398340083454588, 15.52762388659473, 15.548973392965486, 15.552144280079416, 15.665216597541209, 15.698783416053985, 0.029420262202620506, 0.0360933355987072
13.90694553515522, 14.400532717946168, 14.401049194641363, 14.410552996173049, 14.687293098046842, 14.806703160577046, 15.004200222978762, 15.207249664886113, 15.253604756858083, 15.347282151183432, 0.045867692679166794, 0.12711380422115326
14.13740984818258, 14.508518964837226, 14.585610941533274, 14.650754565388864, 14.793974095217102, 14.843717855515656, 15.05620475243977, 15.287990677004085, 15.410863362785868, 15.624579532642013, 0.044795285910367966, 0.04903903231024742
15.214386340505845, 15.300267076359095, 15.308253061127031, 15.316814192944753, 15.334242229207465, 15.4493114981257, 15.44998705991818, 15.523417766545505, 15.661851916928095, 15.691490406007041, 0.059249430894851685, 0.05064360424876213
15.355785760367231, 15.863759025966488, 15.974463487093399, 15.97645909684639, 16.02252255042855, 16.03139231775076, 16.082271481231693, 16.098128072609377, 16.125299288187612, 16.144228199953293, 0.03674491494894028, 0.058949410915374756
13.811571837547998, 13.9990644933457, 14.132925136542557, 14.150424370531802, 14.152010644946648, 14.635086950320952, 14.722267643336153, 15.004989927198137, 15.289664685316298, 15.315332977870089, 0.030655428767204285, 0.05223295837640762
14.396539862321655, 14.544038464815523, 14.586047091404852, 14.598660646118898, 14.774855615321927, 14.848084870836644, 14.862051074986532, 14.957639292576332, 15.002285672677504, 15.44604428998627, 0.04148887097835541, 0.0480910949409008
14.566570367473394, 14.571093414169875, 14.616396515468034, 14.72413180202616, 14.78064064638258, 14.825075720065994, 14.858543236133992, 14.861223406838054, 15.298636992911437, 15.44368070797231, 0.08668875694274902, 0.037321653217077255
15.122740950557224, 15.125238618576974, 15.21519017764727, 15.399730711414636, 15.432241513587664, 15.486427538362134, 15.5057938743961, 15.506669370869782, 15.554454046628985, 15.570261811003858, 0.04300698637962341, 0.042151447385549545
14.190905372195077, 14.223602903151143, 14.27202927993143, 14.435714800215438, 14.485737366179727, 14.49751782736094, 14.807416459310774, 14.84144810384189, 14.910350378112723, 15.064544398856855, 0.08920805156230927, 0.0448727086186409
16.732447850700492, 16.753144344345845, 16.842427394123224, 17.000534987389837, 17.059129490715303, 17.095934068216177, 17.161407010137488, 17.17550167238043, 17.289336542906387, 17.2919918561936, 0.04669738933444023, 0.05396605283021927
16.63006396826395, 16.649853542556862, 16.652595862023517, 16.657240256189013, 16.65931485243506, 16.707499562151877, 16.717822899134962, 16.718714822435498, 16.77334556608785, 16.83241110926041, 0.03313756734132767, 0.0406382754445076
14.660549866145422, 14.717988868670549, 14.844269496847552, 14.909483275818769, 15.017958630846811, 15.025540354678942, 15.035892663112397, 15.03759011309859, 15.085320663600069, 15.228926330377904, 0.028820043429732323, 0.05113418772816658
13.518831066459962, 13.524751672908614, 13.583891858535775, 13.586438370152505, 13.63989949866113, 13.648565101522411, 13.673921671500308, 13.680745865100052, 13.702165974226876, 13.70550621411455, 0.028974581509828568, 0.0668644905090332
13.212014731991912, 13.450944273492512, 13.455324235461909, 13.467926810847725, 13.470539175994302, 13.506954919792697, 13.523266645244412, 13.575201112898663, 13.594660385458376, 13.633165974714068, 0.0395905002951622, 0.04538075253367424
10.23619040717808, 10.525260512432052, 10.664271831594688, 10.814996862504964, 10.840981373247658, 11.092908734398144, 11.09958364492551, 11.104039527418255, 11.148362772202333, 11.158021380175937, 0.04682685062289238, 0.03952207416296005
9.73369414031773, 9.87638865946221, 10.021016962122317, 10.025653464949846, 10.044956543533115, 10.062468477398463, 10.11770585839507, 10.146828084361944, 10.159515035383555, 10.214738602504976, 0.0488969050347805, 0.043579310178756714
10.307284189704188, 10.310267815060035, 10.345063776709189, 10.455082653343613, 10.510589290466037, 10.527792764979877, 10.72209374034394, 10.73517233457318, 10.777993415586312, 10.779893973432443, 0.02411716990172863, 0.044850874692201614
11.578704319933488, 11.580209604306011, 11.695111019914226, 11.78663906226823, 11.804120881176484, 11.909634055074962, 11.999420000481283, 12.21617400313228, 12.41453067009628, 12.471719688900947, 0.03583373874425888, 0.07349652796983719
12.3281623637042, 12.672428095759312, 12.771574121091277, 12.864116525735918, 12.952023747614856, 13.211319033155414, 13.39677184101131, 13.511152863121348, 13.702719832758929, 13.773881637000597, 0.023463210090994835, 0.07276206463575363
11.434889401837362, 11.43571086229404, 11.488513228784544, 11.514096221730044, 11.53965459821086, 11.561303023302, 11.61252507027266, 11.645275412151499, 11.7085190171285, 11.826438929893195, 0.06664477288722992, 0.0414811335504055
10.29024726694416, 10.33469041435432, 10.377054175357786, 10.395732035925189, 10.471982373507773, 10.480496294067233, 10.490445441486976, 10.492474449457363, 10.525981039484662, 10.549419961024785, 0.05036943405866623, 0.04911482334136963
10.734713914890513, 11.129280475768581, 11.529467661766759, 11.833597056096941, 12.197548894110469, 12.516685330169281, 12.767630937271239, 12.914650154929367, 12.961248821791814, 13.008459687348866, 0.019773010164499283, 0.04023074358701706
8.940072203967883, 9.2455251596543, 9.457199170405442, 9.657106501475464, 9.86898900209516, 10.052952019389886, 10.29184802360068, 10.482683181032323, 10.722975623788486, 10.816677311145675, 0.048928152769804, 0.022626925259828568
8.012991948148484, 8.309136293880234, 8.472633709127262, 8.649910300447415, 8.838573311281667, 9.029306815647976, 9.311756886687608, 9.504429976624909, 9.713743240989018, 9.75488608713666, 0.03632141277194023, 0.03880799934267998
6.525472776315113, 6.69276419948937, 6.7850991808939725, 6.854226166050058, 6.990200387826011, 7.14373722783577, 7.364183648279067, 7.496821049768139, 7.567453553060485, 7.586847315826332, 0.06095045804977417, 0.025428563356399536
9.336953122361455, 9.421195780668905, 9.493375688186745, 9.497497270847424, 9.58577699509298, 9.671127012285991, 9.719657906033396, 9.719927800662099, 9.728257152602461, 9.732054161360374, 0.03130553290247917, 0.054360877722501755
12.38292286122765, 12.670110312130358, 12.98699480775892, 13.243947141815203, 13.542523088381062, 13.811195299684684, 13.869830266256029, 13.881348894631522, 13.88457892146905, 13.897665325107827, 0.043360479176044464, 0.04010508954524994
12.243726546146197, 12.5363472548128, 12.826024204538951, 13.10434677745974, 13.385821558601766, 13.649952723994126, 13.935492591378575, 14.197149198599849, 14.39724652131108, 14.632662593945925, 0.03315405547618866, 0.04159551486372948
8.575739130161471, 8.57886880027774, 8.579434687214771, 8.61122731705485, 8.61198410423884, 8.624351382908422, 8.65134396010441, 8.65709396612371, 8.68255173541065, 8.694441765508142, 0.02655775472521782, 0.03437792882323265
9.100344587805377, 9.129083821205239, 9.152421719225645, 9.173036532474164, 9.195929747250005, 9.218917869918009, 9.280074424167074, 9.294349063952069, 9.306537421228217, 9.306580730374819, 0.03889507055282593, 0.041912782937288284
7.947950418814409, 7.995783022991014, 8.001331553660547, 8.006575356463737, 8.006927239499507, 8.017359050729036, 8.036613489019432, 8.102114473267479, 8.118111607411702, 8.12001379928569, 0.018944134935736656, 0.021111568436026573
9.349487985777692, 9.4613790204001, 9.477430308917537, 9.498809186091053, 9.512725232840674, 9.539687130008124, 9.561538034146702, 9.562840275040644, 9.58504396630067, 9.597735527141936, 0.03722876310348511, 0.03279154375195503
9.934401840559042, 10.009778006387355, 10.02344216726387, 10.058726897893928, 10.072158571735207, 10.105259137339736, 10.114126594038552, 10.173266558418028, 10.180585778174457, 10.208655658876726, 0.03309417888522148, 0.03975338488817215
8.95911868680777, 8.97366494091409, 8.992960217324045, 9.002412283607384, 9.054469753470626, 9.062090464802399, 9.160178581569175, 9.166134134525093, 9.233633361775187, 9.296249565485487, 0.03151630610227585, 0.02440468966960907
8.559080461994581, 8.571478374624009, 8.608127802436222, 8.616350888243513, 8.62456021286588, 8.663209923100096, 8.683395523166707, 8.775388196349361, 8.819405433910289, 8.860841840668535, 0.04806932061910629, 0.019698206335306168
9.051148772449109, 9.097625214134546, 9.116899819842201, 9.17264370672689, 9.180446066672477, 9.222180953246506, 9.228512240237006, 9.26983842532085, 9.289741186282386, 9.3429881515384, 0.041880249977111816, 0.01557427179068327
10.849559492483408, 10.856707082275609, 10.86406034968397, 10.86756710479394, 10.928446996959854, 10.941946689682245, 10.956175711368521, 11.006002097824895, 11.034148942533935, 11.072911959880813, 0.05494847521185875, 0.03214864432811737
9.285649093846724, 9.286766415014752, 9.316197601909577, 9.337038340558099, 9.372526319575002, 9.406173431434228, 9.427526643654378, 9.477455916827557, 9.562069284041943, 9.614348404811164, 0.025038201361894608, 0.04456910118460655
9.734252460807427, 9.744092014980772, 9.771840681319452, 9.81632423673201, 9.858580094575336, 9.859969970923562, 9.879980319162154, 9.888672038315825, 9.908302104962562, 9.908321599764786, 0.05809462070465088, 0.03105776570737362
10.677383192065935, 10.677752465788982, 10.703764678034307, 10.709315548313581, 10.7107954347156, 10.735625515147415, 10.739144695202631, 10.757323003731479, 10.819329833548418, 10.831145816889144, 0.026460712775588036, 0.023652130737900734
6.253386229975602, 6.306272533480586, 6.35025222636214, 6.39221259906759, 6.427239353519641, 6.441938861790226, 6.508011540259555, 6.608229553275696, 6.681151983442919, 6.689793542371093, 0.024901121854782104, 0.019922561943531036
9.236745548334614, 9.240459654557187, 9.244592071951388, 9.274542766743437, 9.30436581079543, 9.365327765896033, 9.367971997642016, 9.449896855787035, 9.463763855355952, 9.475735540387333, 0.05499931424856186, 0.024535438045859337
