0.2847115397453308, 1.8392255306243896
0.28155067563056946, 1.6746230125427246
0.2853594422340393, 1.6062976121902466
0.28610411286354065, 1.5651963949203491
0.28818920254707336, 1.4704784154891968
0.2846880257129669, 1.4626758098602295
0.2831597924232483, 1.4200506210327148
0.2856563627719879, 1.4340052604675293
0.283820241689682, 1.4818451404571533
0.2855665385723114, 1.5249435901641846
0.3985239863395691, 3.9014694690704346
0.36654412746429443, 3.5371718406677246
0.33873236179351807, 3.1948158740997314
0.31622546911239624, 2.8209989070892334
0.30101653933525085, 2.539762020111084
0.28127601742744446, 2.19779634475708
0.2695065438747406, 1.9344593286514282
0.25976306200027466, 1.6664775609970093
0.2507806420326233, 1.4591997861862183
0.24580320715904236, 1.2331122159957886
0.23764829337596893, 1.6589491367340088
0.22305378317832947, 1.5219115018844604
0.21516010165214539, 1.3865636587142944
0.2077290266752243, 1.2814010381698608
0.20363135635852814, 1.2022262811660767
0.20020779967308044, 1.1551467180252075
0.19666676223278046, 1.1302552223205566
0.1922975331544876, 1.0619304180145264
0.1860722303390503, 1.042069911956787
0.18745003640651703, 0.9940510988235474
0.25777116417884827, 2.5567588806152344
0.24929451942443848, 2.4074759483337402
0.24167145788669586, 2.3397722244262695
0.23763355612754822, 2.2108821868896484
0.2229202687740326, 2.0826830863952637
0.21905377507209778, 2.000577449798584
0.21775174140930176, 1.9288793802261353
0.21246542036533356, 1.8637516498565674
0.208775594830513, 1.7997969388961792
0.2119806855916977, 1.7086803913116455
0.32033243775367737, 1.6856566667556763
0.312243789434433, 1.431604027748108
0.3054363429546356, 1.278084397315979
0.3005320429801941, 1.125783085823059
0.3010704517364502, 1.1101582050323486
0.3008728623390198, 1.03016996383667
0.2986571490764618, 0.9971379041671753
0.29820993542671204, 0.9827486872673035
0.3042820990085602, 0.9685669541358948
0.30356109142303467, 0.9553045034408569
0.4217953085899353, 2.4072399139404297
0.42107874155044556, 2.2121264934539795
0.4191991686820984, 1.9876887798309326
0.42775508761405945, 1.828568458557129
0.42352718114852905, 1.6106756925582886
0.43675854802131653, 1.4685934782028198
0.4553488790988922, 1.229077696800232
0.4687424600124359, 1.0254371166229248
0.493954062461853, 0.8741612434387207
0.510498583316803, 0.8293482065200806
0.7453178763389587, 2.7024240493774414
0.7352620959281921, 2.3636703491210938
0.718863844871521, 2.0270678997039795
0.7170929312705994, 1.768864631652832
0.7102144360542297, 1.6190365552902222
0.7091630101203918, 1.5065125226974487
0.6959824562072754, 1.497470498085022
0.693654477596283, 1.546720266342163
0.6819028854370117, 1.701828122138977
0.6751198172569275, 1.8191150426864624
0.4809591770172119, 4.163894176483154
0.443818598985672, 3.7115626335144043
0.41162264347076416, 3.2709460258483887
0.3840584456920624, 2.8996615409851074
0.3396978974342346, 2.499422550201416
0.3334093689918518, 2.2334988117218018
0.3000052869319916, 1.9512332677841187
0.28954610228538513, 1.6510142087936401
0.27591919898986816, 1.461065649986267
0.2667056918144226, 1.269310712814331
0.2936171293258667, 1.705439805984497
0.2830718755722046, 1.4589835405349731
0.28160831332206726, 1.3161709308624268
0.2855801582336426, 1.2293070554733276
0.2900248169898987, 1.146427869796753
0.30086860060691833, 1.012902855873108
0.3073044717311859, 0.9784383177757263
0.3228420913219452, 0.9685909152030945
0.33457106351852417, 0.9810101985931396
0.334747314453125, 0.9371580481529236
0.4441837668418884, 3.3498153686523438
0.4216887652873993, 3.147289991378784
0.40112656354904175, 2.958458423614502
0.38489559292793274, 2.7943313121795654
0.36007368564605713, 2.5574119091033936
0.34897127747535706, 2.3931844234466553
0.32557541131973267, 2.196446180343628
0.3137625455856323, 2.086130142211914
0.30919772386550903, 2.054182529449463
0.2954447567462921, 1.9286977052688599
0.29694610834121704, 3.1081106662750244
0.2720808684825897, 2.7274441719055176
0.25300005078315735, 2.412710666656494
0.2377905249595642, 2.1352438926696777
0.22841474413871765, 1.8644682168960571
0.22105002403259277, 1.6561120748519897
0.21535664796829224, 1.4180697202682495
0.2183757722377777, 1.27152681350708
0.2226906567811966, 1.086649775505066
0.22549320757389069, 0.9419342875480652
0.4109790027141571, 3.148698329925537
0.39829036593437195, 2.854496717453003
0.38078203797340393, 2.5392954349517822
0.37377816438674927, 2.3591880798339844
0.3619967997074127, 2.0836021900177
0.3498970866203308, 1.9086815118789673
0.34682992100715637, 1.761783480644226
0.33240753412246704, 1.5510667562484741
0.3233765959739685, 1.4142035245895386
0.3164474368095398, 1.2754175662994385
0.31425800919532776, 3.492222785949707
0.2966029644012451, 3.2967026233673096
0.27772992849349976, 3.0925405025482178
0.25970691442489624, 2.887599229812622
0.24691790342330933, 2.728379726409912
0.22751277685165405, 2.4703738689422607
0.22331224381923676, 2.3414556980133057
0.21186503767967224, 2.199850559234619
0.20381973683834076, 2.0398576259613037
0.20143970847129822, 1.9251081943511963
0.3004230260848999, 2.410313367843628
0.28292301297187805, 2.074901580810547
0.26964157819747925, 1.7802791595458984
0.2663685977458954, 1.6092193126678467
0.257800430059433, 1.430898904800415
0.25290384888648987, 1.2831566333770752
0.24685269594192505, 1.1708656549453735
0.24187490344047546, 1.0611279010772705
0.23668183386325836, 1.0241405963897705
0.23068489134311676, 0.9512936472892761
0.22943219542503357, 2.0447733402252197
0.2136404663324356, 1.783608317375183
0.20654505491256714, 1.673128366470337
0.19781294465065002, 1.4802546501159668
0.19289210438728333, 1.3517484664916992
0.19111810624599457, 1.2463431358337402
0.18544676899909973, 1.1035219430923462
0.18219876289367676, 0.9652605652809143
0.1757650375366211, 0.8468723297119141
0.17496655881404877, 0.7239998579025269
0.187967911362648, 1.5848188400268555
0.1854836791753769, 1.4716978073120117
0.18322739005088806, 1.3520855903625488
0.182296484708786, 1.3184436559677124
0.1790628880262375, 1.215057134628296
0.17509810626506805, 1.1524832248687744
0.1761050671339035, 1.147400140762329
0.17452029883861542, 1.0552310943603516
0.1775599718093872, 0.9741311073303223
0.1789894849061966, 0.9050076007843018
0.24083717167377472, 1.9505163431167603
0.22828955948352814, 1.7259602546691895
0.22017773985862732, 1.5190074443817139
0.21538914740085602, 1.3713316917419434
0.2054159790277481, 1.2441214323043823
0.20184443891048431, 1.1612037420272827
0.196371927857399, 1.0731148719787598
0.1919018179178238, 1.0262908935546875
0.19288590550422668, 1.0218794345855713
0.18774312734603882, 0.9818844199180603
0.2691282033920288, 2.469026565551758
0.2541061043739319, 2.183960437774658
0.245893657207489, 1.9491019248962402
0.23766997456550598, 1.7543909549713135
0.23084677755832672, 1.5627366304397583
0.22668786346912384, 1.436814546585083
0.22260326147079468, 1.2843438386917114
0.21991147100925446, 1.1359354257583618
0.21592368185520172, 1.035484790802002
0.21582163870334625, 0.9198368191719055
0.14822742342948914, 2.2720606327056885
0.1411053091287613, 1.9674738645553589
0.13141712546348572, 1.7772780656814575
0.12502612173557281, 1.5596641302108765
0.12082663178443909, 1.3822559118270874
0.11396578699350357, 1.2165031433105469
0.10879626870155334, 1.0280741453170776
0.10766403377056122, 0.9582924246788025
0.104362852871418, 0.8141952157020569
0.10066426545381546, 0.7041328549385071
0.1626254916191101, 1.57412588596344
0.16269119083881378, 1.3749134540557861
0.16130472719669342, 1.228228211402893
0.1614161878824234, 1.1095818281173706
0.16348861157894135, 0.9824438095092773
0.16423462331295013, 0.926428496837616
0.1652652621269226, 0.8423718810081482
0.16701900959014893, 0.7838586568832397
0.16843420267105103, 0.7556527256965637
0.16725601255893707, 0.6995089054107666
0.18472710251808167, 1.0405129194259644
0.18089799582958221, 0.943030059337616
0.17990458011627197, 0.8801133632659912
0.17680920660495758, 0.7993993163108826
0.17615865170955658, 0.7471811771392822
0.17690709233283997, 0.6907309293746948
0.17527206242084503, 0.6506146192550659
0.17978854477405548, 0.6482293605804443
0.1767234206199646, 0.6491498947143555
0.1795172542333603, 0.5873920917510986
0.2558707892894745, 1.3425195217132568
0.2582300901412964, 1.281158208847046
0.2569572329521179, 1.1790986061096191
0.25575539469718933, 1.1140788793563843
0.2525855600833893, 1.0717486143112183
0.2487832009792328, 1.0249990224838257
0.24633784592151642, 0.9593232274055481
0.24726265668869019, 0.9173096418380737
0.24614696204662323, 0.9089683294296265
0.2429567128419876, 0.8244193196296692
0.35415199398994446, 2.69299054145813
0.346398264169693, 2.4347453117370605
0.3419469892978668, 2.2997894287109375
0.3424479365348816, 2.210306167602539
0.33251962065696716, 2.0505266189575195
0.3346431851387024, 2.019549608230591
0.33041250705718994, 1.9349018335342407
0.3303530514240265, 1.8647483587265015
0.3333018720149994, 1.7457234859466553
0.33349472284317017, 1.6818314790725708
0.4519645571708679, 3.9874484539031982
0.4233170449733734, 3.570753574371338
0.3917229175567627, 3.184173107147217
0.37118077278137207, 2.831536293029785
0.3577040433883667, 2.500814199447632
0.33947545289993286, 2.3671224117279053
0.3269251585006714, 2.2203969955444336
0.31480327248573303, 2.0243406295776367
0.30484911799430847, 1.8796318769454956
0.2936375141143799, 1.7669973373413086
0.35127943754196167, 3.7941908836364746
0.3217002749443054, 3.470179319381714
0.29588764905929565, 3.1491172313690186
0.27359095215797424, 2.854379177093506
0.24662074446678162, 2.545133113861084
0.23044979572296143, 2.2665154933929443
0.2165582776069641, 2.0369365215301514
0.20547367632389069, 1.8331836462020874
0.19703182578086853, 1.6472420692443848
0.19022521376609802, 1.479981541633606
0.27024659514427185, 3.158503293991089
0.25717082619667053, 2.9016566276550293
0.23610205948352814, 2.6977946758270264
0.22739629447460175, 2.48260760307312
0.21427777409553528, 2.2376136779785156
0.20613357424736023, 2.0641467571258545
0.19968928396701813, 1.8786576986312866
0.1944136619567871, 1.7273874282836914
0.19195117056369781, 1.6175559759140015
0.18848483264446259, 1.460296630859375
0.2420370727777481, 2.3848538398742676
0.228126659989357, 1.98428475856781
0.21854200959205627, 1.6558505296707153
0.22054466605186462, 1.449040412902832
0.21423925459384918, 1.2171757221221924
0.21857407689094543, 1.117850661277771
0.22355911135673523, 0.9925599098205566
0.22000259160995483, 0.890049397945404
0.22451533377170563, 0.8375520706176758
0.2214033603668213, 0.7857337594032288
0.262098491191864, 3.3785343170166016
0.23748253285884857, 2.9856154918670654
0.21912993490695953, 2.6485702991485596
0.19803887605667114, 2.259451389312744
0.19147542119026184, 2.0606913566589355
0.1784161478281021, 1.7732183933258057
0.16952241957187653, 1.5627589225769043
0.16044875979423523, 1.3316713571548462
0.1527976393699646, 1.1371036767959595
0.1487591564655304, 1.002659797668457
0.20821908116340637, 2.4440112113952637
0.19844487309455872, 2.1707875728607178
0.19048945605754852, 1.9674012660980225
0.18685005605220795, 1.7683651447296143
0.18018348515033722, 1.5434681177139282
0.1779915690422058, 1.3570245504379272
0.17746831476688385, 1.2510563135147095
0.17682109773159027, 1.1235449314117432
0.1791115701198578, 1.02680242061615
0.17765448987483978, 0.8708795309066772
0.38233235478401184, 2.4188618659973145
0.38337844610214233, 2.248563766479492
0.3865988552570343, 2.055438995361328
0.39145925641059875, 1.8976941108703613
0.3896084725856781, 1.8246222734451294
0.3962502181529999, 1.6789300441741943
0.40428638458251953, 1.5992087125778198
0.40729954838752747, 1.4584470987319946
0.4136546850204468, 1.2512720823287964
0.4250539243221283, 1.0733662843704224
0.366632878780365, 1.0087897777557373
0.35024458169937134, 0.8716539740562439
0.3438214957714081, 0.8079032897949219
0.330634206533432, 0.7484138011932373
0.3226722180843353, 0.7246472239494324
0.30900219082832336, 0.6738300323486328
0.303212434053421, 0.6231368780136108
0.2953789532184601, 0.5871421098709106
0.2850976586341858, 0.5780333876609802
0.27726322412490845, 0.5873302221298218
0.1962018758058548, 1.4671998023986816
0.1868368536233902, 1.302688479423523
0.17953798174858093, 1.1909040212631226
0.17294657230377197, 1.0344781875610352
0.1710614264011383, 0.9628702998161316
0.16364634037017822, 0.8636909127235413
0.16122741997241974, 0.79686439037323
0.16518817842006683, 0.7410337924957275
0.16272073984146118, 0.6743382215499878
0.16635607182979584, 0.6549460887908936
0.29796546697616577, 2.8319168090820312
0.28720614314079285, 2.6057162284851074
0.2713543474674225, 2.3562681674957275
0.25944092869758606, 2.204106092453003
0.25360333919525146, 2.024806022644043
0.24325646460056305, 1.8526347875595093
0.23759961128234863, 1.7414960861206055
0.2279900163412094, 1.5653818845748901
0.21887311339378357, 1.425004005432129
0.20489588379859924, 1.2988195419311523
0.21749301254749298, 1.522800087928772
0.21661484241485596, 1.3527116775512695
0.21761736273765564, 1.278170108795166
0.21732640266418457, 1.2084929943084717
0.21871469914913177, 1.1340070962905884
0.21881766617298126, 1.13593590259552
0.21098414063453674, 1.0931272506713867
0.21031861007213593, 1.0811489820480347
0.20669510960578918, 1.033892273902893
0.2097747027873993, 1.0588778257369995
0.4007713198661804, 1.5902025699615479
0.41096895933151245, 1.616277813911438
0.4228033423423767, 1.5981097221374512
0.4360271692276001, 1.6152338981628418
0.4478088617324829, 1.53989577293396
0.45126092433929443, 1.5461636781692505
0.4549599587917328, 1.5736409425735474
0.4624907374382019, 1.579412579536438
0.46857357025146484, 1.552871584892273
0.4730733633041382, 1.5995728969573975
0.5542165040969849, 3.309722661972046
0.5156562924385071, 2.9796857833862305
0.4747450351715088, 2.6755497455596924
0.4459070563316345, 2.421013355255127
0.4150550663471222, 2.170295476913452
0.3843953311443329, 2.009204626083374
0.36559128761291504, 1.840413212776184
0.34465453028678894, 1.6596627235412598
0.32856833934783936, 1.512344479560852
0.3067344129085541, 1.3660199642181396
0.40951675176620483, 3.2089920043945312
0.3989022672176361, 3.0357906818389893
0.39796361327171326, 2.915330171585083
0.38372644782066345, 2.6978979110717773
0.3764408230781555, 2.607436418533325
0.3666081130504608, 2.424075126647949
0.36574292182922363, 2.282442569732666
0.35809609293937683, 2.1296558380126953
0.357643723487854, 2.03387713432312
0.3529193699359894, 1.937190055847168
0.4919464588165283, 2.9383225440979004
0.4687385559082031, 2.5456337928771973
0.4584158957004547, 2.218441963195801
0.443776398897171, 1.8867015838623047
0.4403626620769501, 1.5905574560165405
0.435404509305954, 1.3841156959533691
0.4353426992893219, 1.2182849645614624
0.43110141158103943, 1.0945971012115479
0.43108662962913513, 1.0921754837036133
0.42459896206855774, 1.0747720003128052
0.377663791179657, 3.014922618865967
0.352812796831131, 2.777139663696289
0.3412540853023529, 2.603281259536743
0.32103660702705383, 2.4024429321289062
0.30949416756629944, 2.2308528423309326
0.29649803042411804, 2.1077072620391846
0.2854689359664917, 1.947087049484253
0.2751690149307251, 1.843730092048645
0.2601150870323181, 1.6911098957061768
0.2587343454360962, 1.6007522344589233
0.28740397095680237, 3.372727155685425
0.26286375522613525, 3.028393507003784
0.24565023183822632, 2.775667190551758
0.2197490930557251, 2.3262383937835693
0.2077450156211853, 2.079474687576294
0.19781960546970367, 1.9122331142425537
0.18865622580051422, 1.7098109722137451
0.17982086539268494, 1.5456403493881226
0.16983278095722198, 1.39284086227417
0.1591932773590088, 1.1864399909973145
0.18263277411460876, 2.229327917098999
0.17567938566207886, 1.946934461593628
0.1725383996963501, 1.6726422309875488
0.1697789877653122, 1.3494513034820557
0.17023120820522308, 1.1625381708145142
0.17683088779449463, 0.9208011627197266
0.18908272683620453, 0.7843846678733826
0.21063174307346344, 0.6853799819946289
0.23222732543945312, 0.7220635414123535
0.26494577527046204, 0.7875008583068848
0.8610660433769226, 5.267742156982422
0.8144761919975281, 4.871834754943848
0.7736716866493225, 4.497491836547852
0.7426691651344299, 4.130497455596924
0.7184650301933289, 3.825698137283325
0.690375804901123, 3.540355682373047
0.6761113405227661, 3.3576831817626953
0.6511191725730896, 3.012476682662964
0.6239996552467346, 2.7242624759674072
0.5975903868675232, 2.4777133464813232
0.5122823119163513, 4.578812599182129
0.46045225858688354, 4.075790882110596
0.4217747449874878, 3.671328544616699
0.3759751617908478, 3.1222941875457764
0.3498910367488861, 2.7752645015716553
0.3325176239013672, 2.511841297149658
0.311506450176239, 2.248993158340454
0.2990526556968689, 2.011432647705078
0.2887159585952759, 1.836616039276123
0.2847306430339813, 1.6651039123535156
0.5116398930549622, 4.15397310256958
0.4854857325553894, 3.8642024993896484
0.459568589925766, 3.5835916996002197
0.4466255009174347, 3.3781838417053223
0.4343157410621643, 3.106621742248535
0.4139445126056671, 2.893484115600586
0.39895811676979065, 2.6494288444519043
0.3876132667064667, 2.5131475925445557
0.36991941928863525, 2.3341636657714844
0.3531322479248047, 2.1419901847839355
0.2673182785511017, 2.517913818359375
0.247473806142807, 2.2533226013183594
0.23433011770248413, 1.9814203977584839
0.2235671728849411, 1.8210723400115967
0.20879150927066803, 1.670820713043213
0.2040368914604187, 1.5892351865768433
0.19418638944625854, 1.5269687175750732
0.18734432756900787, 1.4671194553375244
0.18308357894420624, 1.3902770280838013
0.18090471625328064, 1.3661752939224243
0.32968100905418396, 1.8416481018066406
0.3199582099914551, 1.5771938562393188
0.31614959239959717, 1.3494285345077515
0.31372323632240295, 1.1557896137237549
0.30545109510421753, 1.039689302444458
0.3091655969619751, 1.0145875215530396
0.3093734681606293, 1.0257092714309692
0.30855271220207214, 1.0130336284637451
0.3013070821762085, 1.0576200485229492
0.3017997741699219, 1.117303729057312
0.3071480393409729, 1.7203329801559448
0.3069620728492737, 1.4966790676116943
0.31014055013656616, 1.3817259073257446
0.3136812746524811, 1.2891227006912231
0.32339802384376526, 1.2498199939727783
0.3303394615650177, 1.2520508766174316
0.3390215039253235, 1.283944845199585
0.3439056873321533, 1.3715524673461914
0.3466392457485199, 1.3806629180908203
0.3498097360134125, 1.4514943361282349
0.5181434154510498, 4.02071475982666
0.47952744364738464, 3.5665531158447266
0.44347718358039856, 3.151642084121704
0.4168366491794586, 2.862032175064087
0.3900182843208313, 2.523667335510254
0.37417760491371155, 2.2731525897979736
0.35143089294433594, 2.0279414653778076
0.33712074160575867, 1.7486070394515991
0.32497355341911316, 1.5687792301177979
0.3166772425174713, 1.3805617094039917
0.33885037899017334, 2.7110955715179443
0.32700520753860474, 2.440857410430908
0.32589948177337646, 2.273350477218628
0.3143814206123352, 2.054729461669922
0.3106488883495331, 1.933270812034607
0.30523717403411865, 1.8358478546142578
0.2998543679714203, 1.6777100563049316
0.29416003823280334, 1.5273704528808594
0.2916668653488159, 1.4070299863815308
0.28230980038642883, 1.288920521736145
0.3128530979156494, 3.4189529418945312
0.28518274426460266, 3.1281487941741943
0.2654259502887726, 2.890594244003296
0.24869216978549957, 2.6616508960723877
0.23719599843025208, 2.4575345516204834
0.2223743051290512, 2.2486910820007324
0.21351028978824615, 2.0723369121551514
0.21154771745204926, 1.9308195114135742
0.20679576694965363, 1.864884376525879
0.2007996290922165, 1.7330760955810547
0.29620638489723206, 3.3949923515319824
0.27372297644615173, 2.9694912433624268
0.25467225909233093, 2.597925901412964
0.2483399361371994, 2.3037796020507812
0.23033922910690308, 1.9999322891235352
0.21912063658237457, 1.7587978839874268
0.2155785858631134, 1.5810155868530273
0.20734210312366486, 1.3842817544937134
0.20303648710250854, 1.1952142715454102
0.19690214097499847, 1.0445247888565063
0.28920865058898926, 2.2191076278686523
0.2872440218925476, 2.0732903480529785
0.2845940887928009, 1.9413299560546875
0.2812400758266449, 1.7209511995315552
0.2792678475379944, 1.5904736518859863
0.28075864911079407, 1.4707392454147339
0.27973657846450806, 1.3515143394470215
0.2815852761268616, 1.2645325660705566
0.28046485781669617, 1.1941635608673096
0.28344982862472534, 1.1376173496246338
0.5618942975997925, 2.8887479305267334
0.5578203797340393, 2.8838682174682617
0.555320680141449, 2.7887074947357178
0.5511922836303711, 2.7467355728149414
0.5478571653366089, 2.7003774642944336
0.5325448513031006, 2.6299164295196533
0.5241470336914062, 2.539517879486084
0.5057723522186279, 2.4704699516296387
0.5002637505531311, 2.4212493896484375
0.481269896030426, 2.305880546569824
0.45407378673553467, 2.7446160316467285
0.42326492071151733, 2.40010404586792
0.38642942905426025, 2.1936793327331543
0.36253392696380615, 1.9997776746749878
0.33840689063072205, 1.846807599067688
0.3205704092979431, 1.7455719709396362
0.29830679297447205, 1.5162575244903564
0.283730149269104, 1.4230749607086182
0.27279990911483765, 1.3052407503128052
0.26397913694381714, 1.2746974229812622
0.26989030838012695, 3.3152403831481934
0.25352123379707336, 2.975649356842041
0.24207165837287903, 2.749074697494507
0.23271161317825317, 2.498526096343994
0.21706758439540863, 2.180124282836914
0.20955944061279297, 2.006505250930786
0.20757067203521729, 1.8598765134811401
0.2029014378786087, 1.695378065109253
0.19520169496536255, 1.5965076684951782
0.18860366940498352, 1.3712013959884644
0.2401251643896103, 2.825847864151001
0.22271728515625, 2.4892001152038574
0.20832937955856323, 2.1917121410369873
0.20160697400569916, 1.9625929594039917
0.1960265040397644, 1.7874364852905273
0.19535262882709503, 1.6828391551971436
0.18741512298583984, 1.5526363849639893
0.18261703848838806, 1.397778868675232
0.1789456307888031, 1.2502468824386597
0.18258453905582428, 1.1626734733581543
0.29434263706207275, 3.326781988143921
0.2727261781692505, 2.971982002258301
0.2565261423587799, 2.5875444412231445
0.23886267840862274, 2.177510976791382
0.2291814237833023, 1.882346749305725
0.2206895798444748, 1.6590495109558105
0.20916548371315002, 1.2735925912857056
0.204944908618927, 1.2273818254470825
0.20283211767673492, 1.0608258247375488
0.20220474898815155, 0.9654883742332458
0.34522590041160583, 3.0244364738464355
0.3412148356437683, 2.5693280696868896
0.3414408564567566, 2.2688558101654053
0.34476321935653687, 2.0161001682281494
0.35426434874534607, 1.8524084091186523
0.3688772916793823, 1.661320686340332
0.37750130891799927, 1.6108059883117676
0.38983190059661865, 1.5596654415130615
0.4095413088798523, 1.534379482269287
0.43220585584640503, 1.6035223007202148
1.154211163520813, 5.134726524353027
1.1112688779830933, 4.865198135375977
1.0640122890472412, 4.609711170196533
1.02870774269104, 4.327230930328369
0.9981563687324524, 4.014407157897949
0.9657224416732788, 3.7443723678588867
0.9307344555854797, 3.467574119567871
0.9058845043182373, 3.247140884399414
0.8974173665046692, 3.045650005340576
0.8707006573677063, 2.904478073120117
0.6596225500106812, 3.7023396492004395
0.6192629933357239, 3.3300979137420654
0.5906098484992981, 3.0285799503326416
0.5642315149307251, 2.705889940261841
0.5395015478134155, 2.4559919834136963
0.5272355675697327, 2.3121213912963867
0.5177021026611328, 2.1853346824645996
0.48982203006744385, 2.0606579780578613
0.476179301738739, 1.926339864730835
0.4681895673274994, 1.8384817838668823
0.5917922854423523, 2.543642520904541
0.5807058811187744, 2.492202043533325
0.5723450183868408, 2.247868299484253
0.5537405610084534, 2.160416603088379
0.5449937582015991, 1.9564622640609741
0.5366673469543457, 1.8679288625717163
0.5335750579833984, 1.7381948232650757
0.5324251055717468, 1.6632879972457886
0.5208712220191956, 1.5865421295166016
0.526943564414978, 1.5552998781204224
0.6820210814476013, 2.484208583831787
0.6714515686035156, 2.3408327102661133
0.6689872741699219, 2.2318506240844727
0.6580000519752502, 2.1186306476593018
0.6539401412010193, 2.0197601318359375
0.6478021740913391, 1.953776240348816
0.6455686688423157, 1.8231420516967773
0.6367020606994629, 1.6941626071929932
0.6305091381072998, 1.6566518545150757
0.6217713952064514, 1.5936611890792847
0.43712443113327026, 2.1880712509155273
0.42290258407592773, 1.909703016281128
0.4119481146335602, 1.7862242460250854
0.39751502871513367, 1.6317052841186523
0.3869374096393585, 1.5061118602752686
0.3790253698825836, 1.4563395977020264
0.3659016489982605, 1.4572200775146484
0.3526284098625183, 1.4409199953079224
0.3470267951488495, 1.4360098838806152
0.33706942200660706, 1.4481675624847412
0.44811907410621643, 2.17829966545105
0.44214820861816406, 1.8978095054626465
0.4439929723739624, 1.6905288696289062
0.44444212317466736, 1.5685014724731445
0.44289007782936096, 1.377711296081543
0.4469810426235199, 1.3335498571395874
0.45327290892601013, 1.332500696182251
0.46106070280075073, 1.3324906826019287
0.4646795988082886, 1.4418450593948364
0.4710577130317688, 1.5206087827682495
0.4612841010093689, 3.579218864440918
0.4246838092803955, 3.150057554244995
0.3930566906929016, 2.6999001502990723
0.3635878562927246, 2.343235969543457
0.34127479791641235, 2.0727484226226807
0.3184964060783386, 1.7190521955490112
0.3023203909397125, 1.521705985069275
0.28821128606796265, 1.2934057712554932
0.26923125982284546, 1.1358187198638916
0.25367066264152527, 0.959208607673645
0.19611963629722595, 1.5123236179351807
0.20219837129116058, 1.463973045349121
0.20390808582305908, 1.4454402923583984
0.20285899937152863, 1.36716628074646
0.20254962146282196, 1.2137531042099
0.2094642072916031, 1.261827826499939
0.2211223989725113, 1.3311165571212769
0.22405774891376495, 1.253051519393921
0.2256106436252594, 1.2331480979919434
0.23279790580272675, 1.2524598836898804
0.30960384011268616, 3.443138837814331
0.2790816128253937, 2.9453091621398926
0.25940555334091187, 2.6409335136413574
0.23662881553173065, 2.273494243621826
0.21948783099651337, 2.0196917057037354
0.20280525088310242, 1.695102334022522
0.19301456212997437, 1.422796368598938
0.18616408109664917, 1.2065647840499878
0.1799422651529312, 1.0058777332305908
0.17210757732391357, 0.7962580323219299
0.18164090812206268, 2.043543577194214
0.17546920478343964, 1.9623762369155884
0.16782687604427338, 1.8335322141647339
0.16666297614574432, 1.792122483253479
0.16539081931114197, 1.7555360794067383
0.1618986874818802, 1.6627105474472046
0.15794388949871063, 1.6073966026306152
0.15597957372665405, 1.5364161729812622
0.155948668718338, 1.5017342567443848
0.1563432216644287, 1.4036750793457031
0.3629005551338196, 3.348742961883545
0.34263598918914795, 3.0599324703216553
0.32084721326828003, 2.824575901031494
0.3048454225063324, 2.5592379570007324
0.29747599363327026, 2.373558521270752
0.28751397132873535, 2.1664421558380127
0.2787168323993683, 1.93878173828125
0.27100884914398193, 1.777630090713501
0.2636463940143585, 1.6378751993179321
0.25865408778190613, 1.4511964321136475
0.34680241346359253, 2.742128610610962
0.33733290433883667, 2.568586826324463
0.32561933994293213, 2.4024369716644287
0.31978657841682434, 2.278017282485962
0.31206411123275757, 2.0522327423095703
0.303728312253952, 1.8901928663253784
0.29914870858192444, 1.764837622642517
0.2956526577472687, 1.6374517679214478
0.2954910099506378, 1.5512983798980713
0.2990100681781769, 1.4615095853805542
0.4423724114894867, 2.3908026218414307
0.42505863308906555, 2.1125690937042236
0.42492160201072693, 1.9198551177978516
0.4165283441543579, 1.7268763780593872
0.4107109010219574, 1.5783535242080688
0.4088827073574066, 1.4556797742843628
0.41123074293136597, 1.3851325511932373
0.4070301055908203, 1.3166452646255493
0.4021795392036438, 1.2766554355621338
0.3973372280597687, 1.2397327423095703
0.31350213289260864, 3.1591732501983643
0.28984683752059937, 2.820793867111206
0.2828378677368164, 2.4430735111236572
0.27149197459220886, 2.071409225463867
0.2679274380207062, 1.9501067399978638
0.2579282522201538, 1.693203330039978
0.2555842995643616, 1.6607459783554077
0.2558335065841675, 1.659626841545105
0.2614961564540863, 1.7079435586929321
0.25999122858047485, 1.6261556148529053
0.37864062190055847, 2.722524642944336
0.36140602827072144, 2.4057767391204834
0.33256807923316956, 2.028219223022461
0.32469767332077026, 1.8285185098648071
0.31912869215011597, 1.6547832489013672
0.3213699460029602, 1.6537522077560425
0.30972135066986084, 1.4906953573226929
0.3026110529899597, 1.566868543624878
0.31022658944129944, 1.598042607307434
0.304362952709198, 1.7179138660430908
0.3013922870159149, 4.11296272277832
0.26523569226264954, 3.3987340927124023
0.2400253862142563, 2.9752795696258545
0.22642725706100464, 2.453368902206421
0.21535277366638184, 2.1290957927703857
0.2120874971151352, 1.982236623764038
0.21410775184631348, 1.9055335521697998
0.20942366123199463, 1.7341413497924805
0.20592425763607025, 1.5152300596237183
0.20580855011940002, 1.3742797374725342
0.5146632790565491, 4.883569240570068
0.4770427942276001, 4.045660972595215
0.4520933926105499, 3.3205482959747314
0.43930405378341675, 2.8031790256500244
0.4203658998012543, 2.240290880203247
0.414308100938797, 2.0285704135894775
0.4188053607940674, 1.8486567735671997
0.4111010432243347, 1.6576544046401978
0.3927927613258362, 1.5854756832122803
0.3876452147960663, 1.4647361040115356
0.4570257067680359, 2.48962140083313
0.45238733291625977, 2.3246443271636963
0.45328521728515625, 2.164097309112549
0.45103582739830017, 2.0810930728912354
0.4490137994289398, 1.948038101196289
0.4442068040370941, 1.946273684501648
0.438865065574646, 1.9142652750015259
0.4443591833114624, 2.0780744552612305
0.4337987005710602, 1.9906656742095947
0.43715423345565796, 1.9235665798187256
0.48537176847457886, 3.2998862266540527
0.454621821641922, 3.0388236045837402
0.47496092319488525, 2.9604439735412598
0.4274541437625885, 2.7331645488739014
0.44420936703681946, 2.758697032928467
0.3886353671550751, 2.422827959060669
0.368662029504776, 2.2542364597320557
0.35819172859191895, 2.1679739952087402
0.32470932602882385, 1.9323642253875732
0.31442198157310486, 1.8408873081207275
0.3211002051830292, 2.9651875495910645
0.31000012159347534, 2.7085461616516113
0.3039502799510956, 2.4106810092926025
0.2958555817604065, 2.1953697204589844
0.2971422076225281, 2.049776554107666
0.3000521957874298, 1.9500908851623535
0.2950682044029236, 1.8474839925765991
0.28519904613494873, 1.6518791913986206
0.28987011313438416, 1.6304377317428589
0.2831665873527527, 1.5238902568817139
0.5586140155792236, 4.469666957855225
0.525954008102417, 4.207160949707031
0.49473345279693604, 3.9499666690826416
0.4648649990558624, 3.672795057296753
0.4484417736530304, 3.4764997959136963
0.4255427420139313, 3.2323973178863525
0.410788893699646, 3.0585808753967285
0.3929736018180847, 2.8631865978240967
0.3886626958847046, 2.760620594024658
0.3780691921710968, 2.6262950897216797
0.5949775576591492, 4.868865966796875
0.5480199456214905, 4.420213222503662
0.4999719560146332, 3.9992754459381104
0.4666363000869751, 3.6784729957580566
0.43501201272010803, 3.3692398071289062
0.40198931097984314, 3.0660274028778076
0.3860865533351898, 2.8276851177215576
0.35773369669914246, 2.553980827331543
0.341432124376297, 2.3229403495788574
0.3327544033527374, 2.1460680961608887
0.3333778977394104, 2.9512784481048584
0.31863945722579956, 2.6767470836639404
0.30357784032821655, 2.39094877243042
0.3002500534057617, 2.2152040004730225
0.2935071289539337, 2.0158345699310303
0.293608158826828, 1.949116826057434
0.2943972945213318, 1.8559563159942627
0.28609058260917664, 1.765367031097412
0.28025051951408386, 1.7228683233261108
0.27480149269104004, 1.6526461839675903
0.4086361527442932, 2.724198579788208
0.3954794704914093, 2.4483115673065186
0.37559279799461365, 2.2063345909118652
0.3680169880390167, 1.9644404649734497
0.35619354248046875, 1.7507284879684448
0.34717583656311035, 1.5321682691574097
0.33846864104270935, 1.388293743133545
0.33640342950820923, 1.2169992923736572
0.33479878306388855, 1.140335202217102
0.33360809087753296, 1.0545897483825684
0.38166674971580505, 2.451942205429077
0.3760000169277191, 2.244781732559204
0.36514317989349365, 2.0427534580230713
0.3586646318435669, 1.9293296337127686
0.3505318760871887, 1.7713309526443481
0.3401969373226166, 1.6403369903564453
0.3351229429244995, 1.5064126253128052
0.3302379250526428, 1.3661115169525146
0.33105114102363586, 1.2446285486221313
0.3382492959499359, 1.130147933959961
0.5166254639625549, 3.4599225521087646
0.49047061800956726, 3.2901201248168945
0.4908808767795563, 3.209240674972534
0.4823038876056671, 3.1100196838378906
0.47561100125312805, 3.0260536670684814
0.4674156904220581, 2.972485303878784
0.46260690689086914, 2.904371976852417
0.4580835700035095, 2.875235080718994
0.4393085837364197, 2.76383900642395
0.428890585899353, 2.6480040550231934
0.6399044990539551, 4.510654449462891
0.591460645198822, 4.160373210906982
0.5420364141464233, 3.841355085372925
0.5026068091392517, 3.5786638259887695
0.4642242193222046, 3.296839952468872
0.4304124712944031, 3.004633903503418
0.402862012386322, 2.7866616249084473
0.36234110593795776, 2.5896215438842773
0.3382519483566284, 2.370687246322632
0.32510408759117126, 2.2280235290527344
0.291460782289505, 2.1794049739837646
0.2788328528404236, 1.932003140449524
0.2636287808418274, 1.7249056100845337
0.2578502297401428, 1.5991116762161255
0.25234952569007874, 1.471559762954712
0.24778234958648682, 1.3366425037384033
0.24563612043857574, 1.2367761135101318
0.2508166432380676, 1.1761775016784668
0.25934362411499023, 1.1414120197296143
0.26533058285713196, 1.027146816253662
0.6884588003158569, 3.6392271518707275
0.6675248742103577, 3.3551080226898193
0.6556883454322815, 2.9931821823120117
0.648219883441925, 2.7574830055236816
0.6377214789390564, 2.454892158508301
0.6290838122367859, 2.2021944522857666
0.6228935718536377, 1.9753174781799316
0.6193357110023499, 1.8336368799209595
0.6073774099349976, 1.6606765985488892
0.5898102521896362, 1.4846220016479492
0.46726781129837036, 2.5894856452941895
0.4604343771934509, 2.4717586040496826
0.4698528051376343, 2.3726069927215576
0.466317743062973, 2.3451037406921387
0.4608462154865265, 2.351867914199829
0.4575272500514984, 2.2537879943847656
0.46277520060539246, 2.1970431804656982
0.45981526374816895, 2.125328540802002
0.46811380982398987, 2.109057664871216
0.47308549284935, 2.1659371852874756
0.8770138025283813, 4.37637996673584
0.8785724639892578, 4.385805606842041
0.8059224486351013, 3.7604846954345703
0.7725352644920349, 3.4307098388671875
0.7361262440681458, 3.1561076641082764
0.6812204122543335, 2.9115185737609863
0.6564172506332397, 2.8046066761016846
0.6196107864379883, 2.7140541076660156
0.5795024633407593, 2.4812774658203125
0.560620903968811, 2.6500680446624756
