0.09571419656276703, 0.18944936990737915
0.0967610701918602, 0.14097268879413605
0.09742247313261032, 0.13000482320785522
0.0970594733953476, 0.12568669021129608
0.09861521422863007, 0.1238412857055664
0.09887947142124176, 0.125954270362854
0.10026323050260544, 0.12939001619815826
0.10204355418682098, 0.13419753313064575
0.1021299660205841, 0.1292155683040619
0.10317723453044891, 0.1294245421886444
0.25349313020706177, 0.38698941469192505
0.2511841058731079, 0.32515275478363037
0.2464245855808258, 0.3139060437679291
0.24362103641033173, 0.3099253177642822
0.2406352162361145, 0.308249831199646
0.2365892380475998, 0.30566874146461487
0.23383912444114685, 0.30283647775650024
0.23184549808502197, 0.29937881231307983
0.22986386716365814, 0.2963574230670929
0.22669586539268494, 0.29473257064819336
0.15289585292339325, 0.25540050864219666
0.15080948173999786, 0.22937484085559845
0.1489115059375763, 0.22576937079429626
0.14714598655700684, 0.20728956162929535
0.1451423466205597, 0.19948962330818176
0.14303527772426605, 0.19618737697601318
0.14015452563762665, 0.19143837690353394
0.14090698957443237, 0.1888839453458786
0.1387420892715454, 0.1892913579940796
0.1362845003604889, 0.18827375769615173
0.09257565438747406, 0.20664948225021362
0.0928037017583847, 0.16871277987957
0.09205661714076996, 0.15335038304328918
0.0911376103758812, 0.14860841631889343
0.09051118791103363, 0.14689944684505463
0.09036360681056976, 0.14415033161640167
0.0894470065832138, 0.14598315954208374
0.08977415412664413, 0.14686208963394165
0.08976995944976807, 0.14189039170742035
0.08836983144283295, 0.13954566419124603
0.08784836530685425, 0.16926132142543793
0.08548153936862946, 0.1429862231016159
0.08473370969295502, 0.1376270204782486
0.08444385230541229, 0.1307176947593689
0.0833427906036377, 0.1253628432750702
0.08263709396123886, 0.12489967793226242
0.08160710334777832, 0.13466192781925201
0.08151230961084366, 0.13064885139465332
0.07970784604549408, 0.1253294199705124
0.07924491167068481, 0.12198813259601593
0.10913082212209702, 0.20733369886875153
0.11036430299282074, 0.14626170694828033
0.11199872195720673, 0.13487958908081055
0.11110924184322357, 0.1346600502729416
0.1157933697104454, 0.13231664896011353
0.11537404358386993, 0.1306827962398529
0.11758746951818466, 0.13269488513469696
0.1189752072095871, 0.1377038210630417
0.12011393159627914, 0.139921173453331
0.12214913219213486, 0.14029203355312347
0.3292996287345886, 0.41009965538978577
0.32555091381073, 0.3579922914505005
0.31989216804504395, 0.3456553518772125
0.3184562623500824, 0.34247004985809326
0.3139614164829254, 0.3390201926231384
0.3101275563240051, 0.3356928825378418
0.3070870041847229, 0.33223819732666016
0.3017509877681732, 0.328838586807251
0.2981991171836853, 0.3261090815067291
0.29526394605636597, 0.32479074597358704
0.11450767517089844, 0.1671086996793747
0.11239682137966156, 0.14334620535373688
0.11245383322238922, 0.13592274487018585
0.1105165034532547, 0.13085442781448364
0.10992372035980225, 0.12655121088027954
0.10809184610843658, 0.12473836541175842
0.10619597136974335, 0.1244887262582779
0.10494744032621384, 0.12104255706071854
0.10479172319173813, 0.12092576175928116
0.10366499423980713, 0.12071475386619568
0.14031004905700684, 0.2641541063785553
0.1376621574163437, 0.2337254285812378
0.13562718033790588, 0.2174127995967865
0.13446883857250214, 0.20921972393989563
0.13308551907539368, 0.2050684690475464
0.12994760274887085, 0.19766415655612946
0.12755748629570007, 0.19386425614356995
0.12740761041641235, 0.19210559129714966
0.12632140517234802, 0.19072957336902618
0.12433560192584991, 0.1849558800458908
0.08797743916511536, 0.16675330698490143
0.08854477107524872, 0.14732758700847626
0.08798086643218994, 0.14352001249790192
0.08892573416233063, 0.14030927419662476
0.08937152475118637, 0.14124684035778046
0.0896327942609787, 0.13869015872478485
0.09003140777349472, 0.13299007713794708
0.09056957811117172, 0.13538332283496857
0.09070239961147308, 0.1367497742176056
0.09169956296682358, 0.1377919465303421
0.13804595172405243, 0.2228514850139618
0.13763287663459778, 0.21299895644187927
0.1355275958776474, 0.20407509803771973
0.13404813408851624, 0.20007550716400146
0.13264736533164978, 0.19483081996440887
0.13138455152511597, 0.1895945966243744
0.13107514381408691, 0.18886582553386688
0.12957027554512024, 0.18900878727436066
0.1283322423696518, 0.18537640571594238
0.12697023153305054, 0.18131639063358307
