0.1689998060464859, 0.2559765875339508
0.15469925105571747, 0.19318123161792755
0.1497245877981186, 0.15939703583717346
0.14443354308605194, 0.1324918270111084
0.14134342968463898, 0.11309249699115753
0.13823091983795166, 0.09667368233203888
0.13601219654083252, 0.08187663555145264
0.13404490053653717, 0.07067760825157166
0.13188990950584412, 0.06078900024294853
0.131709486246109, 0.05113456770777702
0.17512473464012146, 0.250933974981308
0.15938450396060944, 0.18859143555164337
0.15355518460273743, 0.15377174317836761
0.14363960921764374, 0.1253294199705124
0.14035674929618835, 0.10339143127202988
0.13786116242408752, 0.08712697774171829
0.13294559717178345, 0.0740697830915451
0.13245856761932373, 0.06419570744037628
0.127206951379776, 0.053626012057065964
0.12391852587461472, 0.04939408600330353
0.14530551433563232, 0.2531273066997528
0.13040485978126526, 0.21358230710029602
0.12408964335918427, 0.19330289959907532
0.11898515373468399, 0.17560841143131256
0.1163826584815979, 0.16261224448680878
0.11176397651433945, 0.1491968333721161
0.10836614668369293, 0.1381501853466034
0.10529278963804245, 0.12974606454372406
0.1020565778017044, 0.12062934041023254
0.09981341660022736, 0.11128655076026917
0.14182162284851074, 0.27825605869293213
0.13079993426799774, 0.23902808129787445
0.12475041300058365, 0.2166328877210617
0.12102920562028885, 0.1961262971162796
0.11723678559064865, 0.1776479184627533
0.11557970196008682, 0.15959635376930237
0.11231410503387451, 0.14555417001247406
0.11004026234149933, 0.13436049222946167
0.1076027974486351, 0.12064564973115921
0.10635869204998016, 0.1079203262925148
0.14726373553276062, 0.2657422125339508
0.1306239813566208, 0.20367348194122314
0.12376569956541061, 0.1654330939054489
0.11656171083450317, 0.13439016044139862
0.112521693110466, 0.10932731628417969
0.108641617000103, 0.08933507651090622
0.10670040547847748, 0.0743047222495079
0.10545358806848526, 0.06086566299200058
0.10326163470745087, 0.05062824860215187
0.10208941251039505, 0.04462011903524399
0.15002185106277466, 0.2631246745586395
0.1332220733165741, 0.1975565403699875
0.1277814656496048, 0.1578359305858612
0.12413068115711212, 0.12672773003578186
0.11993017047643661, 0.10277638584375381
0.11694233119487762, 0.08573819696903229
0.11360678821802139, 0.07072590291500092
0.11164858192205429, 0.059745196253061295
0.11103250831365585, 0.04996173828840256
0.10906022787094116, 0.042717237025499344
0.1513272076845169, 0.24872048199176788
0.1334269642829895, 0.1866205632686615
0.12586870789527893, 0.14828400313854218
0.12293927371501923, 0.1198941096663475
0.12261242419481277, 0.0967521145939827
0.11964306980371475, 0.08001312613487244
0.11854051798582077, 0.06583169102668762
0.11811849474906921, 0.055829595774412155
0.11647900938987732, 0.0478176549077034
0.11645663529634476, 0.04293438047170639
0.1626945585012436, 0.24928557872772217
0.14904698729515076, 0.20084795355796814
0.14327651262283325, 0.17618362605571747
0.13818326592445374, 0.15501892566680908
0.13370110094547272, 0.13743312656879425
0.1306137591600418, 0.1226363331079483
0.12534929811954498, 0.11052245646715164
0.12747150659561157, 0.09973903000354767
0.123118557035923, 0.0903567373752594
0.11983204632997513, 0.08241354674100876
0.15826298296451569, 0.2742612361907959
0.1435694396495819, 0.23213718831539154
0.13761241734027863, 0.21216335892677307
0.13370400667190552, 0.19337645173072815
0.1290971040725708, 0.17899951338768005
0.12660573422908783, 0.166435107588768
0.12217869609594345, 0.1542367935180664
0.12048247456550598, 0.14339450001716614
0.118242047727108, 0.13280482590198517
0.11653559654951096, 0.12617968022823334
0.14850537478923798, 0.2522513270378113
0.13452979922294617, 0.2051716148853302
0.12847694754600525, 0.1818476766347885
0.12491731345653534, 0.1608794629573822
0.12083928287029266, 0.14143723249435425
0.11743692308664322, 0.12476141005754471
0.11500323563814163, 0.11032823473215103
0.11366962641477585, 0.0968819260597229
0.11177991330623627, 0.08444496244192123
0.1103563979268074, 0.07476024329662323
0.15623947978019714, 0.2495882213115692
0.1398349404335022, 0.18523497879505157
0.13161525130271912, 0.14776255190372467
0.1284288614988327, 0.11681700497865677
0.1239790990948677, 0.0963272675871849
0.11908075213432312, 0.08174442499876022
0.11852037906646729, 0.0674780011177063
0.1187528744339943, 0.055733609944581985
0.11728083342313766, 0.04703550785779953
0.11765351891517639, 0.041544850915670395
0.19302746653556824, 0.2598765790462494
0.17818719148635864, 0.1943778246641159
0.170566588640213, 0.15512166917324066
0.16685257852077484, 0.12249805778265
0.16330666840076447, 0.10003893822431564
0.16405172646045685, 0.08130162954330444
0.16279788315296173, 0.07013175636529922
0.16114017367362976, 0.05883761867880821
0.16086839139461517, 0.05182541161775589
0.15834279358386993, 0.045795101672410965
0.2103283554315567, 0.2768125534057617
0.19407688081264496, 0.22550749778747559
0.1859568953514099, 0.1927223950624466
0.18138784170150757, 0.1679331213235855
0.1742437183856964, 0.1441166251897812
0.16996201872825623, 0.1259489357471466
0.16480539739131927, 0.10912071168422699
0.16330014169216156, 0.09841306507587433
0.16069860756397247, 0.0874108374118805
0.15955552458763123, 0.0788704976439476
0.23692072927951813, 0.31432995200157166
0.22222858667373657, 0.26961737871170044
0.21688292920589447, 0.24927721917629242
0.2103116810321808, 0.22681747376918793
0.20641033351421356, 0.20969973504543304
0.2019679844379425, 0.18956945836544037
0.20001976191997528, 0.1776549518108368
0.19630379974842072, 0.15648908913135529
0.19438886642456055, 0.14343205094337463
0.191044420003891, 0.1286144107580185
0.2804422676563263, 0.41494497656822205
0.2533930838108063, 0.342563271522522
0.23977398872375488, 0.29264894127845764
0.2281711995601654, 0.24788697063922882
0.2221733033657074, 0.2120189070701599
0.21419908106327057, 0.17788268625736237
0.21092143654823303, 0.14974838495254517
0.20813718438148499, 0.1291980892419815
0.20986637473106384, 0.11909308284521103
0.20696526765823364, 0.10324426740407944
0.3312451243400574, 0.43964263796806335
0.2991233766078949, 0.35141220688819885
0.2828616499900818, 0.29109466075897217
0.2704343795776367, 0.24360564351081848
0.261288583278656, 0.20079174637794495
0.25282904505729675, 0.1702338010072708
0.2479400485754013, 0.1455998420715332
0.24338197708129883, 0.12350927293300629
0.24018192291259766, 0.10666117817163467
0.23483064770698547, 0.09324934333562851
0.293583482503891, 0.39685437083244324
0.2640877068042755, 0.3106129467487335
0.24501962959766388, 0.24810166656970978
0.23353636264801025, 0.20111602544784546
0.22913062572479248, 0.16786383092403412
0.22152189910411835, 0.1366969794034958
0.21410159766674042, 0.11010574549436569
0.20980466902256012, 0.09121382236480713
0.203460231423378, 0.07598423957824707
0.1971554011106491, 0.06837062537670135
0.21972182393074036, 0.3494953513145447
0.1975279599428177, 0.2891477942466736
0.18318229913711548, 0.24546369910240173
0.17389093339443207, 0.21724466979503632
0.164735808968544, 0.1861409991979599
0.1580628901720047, 0.16546669602394104
0.15048331022262573, 0.1399686187505722
0.14589916169643402, 0.1246350109577179
0.14122651517391205, 0.10568153113126755
0.1382468193769455, 0.09500214457511902
0.16626682877540588, 0.2931562066078186
0.15228413045406342, 0.2566390931606293
0.14671343564987183, 0.23706305027008057
0.1415613740682602, 0.22162359952926636
0.13672570884227753, 0.20402927696704865
0.13315993547439575, 0.19206967949867249
0.12953050434589386, 0.1777649074792862
0.12806999683380127, 0.16967162489891052
0.12648271024227142, 0.15712133049964905
0.12402999401092529, 0.1468503475189209
0.17006917297840118, 0.27836912870407104
0.15351411700248718, 0.23010167479515076
0.14696374535560608, 0.20244380831718445
0.14104905724525452, 0.17894481122493744
0.13666896522045135, 0.15797796845436096
0.1334054172039032, 0.13898147642612457
0.12998436391353607, 0.12140905112028122
0.1293359100818634, 0.10815295577049255
0.1267380267381668, 0.09314018487930298
0.12509825825691223, 0.08236652612686157
0.16072124242782593, 0.27218806743621826
0.14113956689834595, 0.1991867572069168
0.1324610561132431, 0.16075868904590607
0.1269191950559616, 0.13085795938968658
0.12216059863567352, 0.10578037798404694
0.11873982846736908, 0.08443466573953629
0.11626126617193222, 0.06935706734657288
0.11453797668218613, 0.05686632916331291
0.1122286394238472, 0.04792758822441101
0.11173728108406067, 0.04218523949384689
0.16651295125484467, 0.2773418426513672
0.15031932294368744, 0.21195366978645325
0.14285583794116974, 0.1715097576379776
0.13718709349632263, 0.1397922784090042
0.13336026668548584, 0.11484407633543015
0.13100144267082214, 0.09532658010721207
0.1284055858850479, 0.08012691140174866
0.12717443704605103, 0.06820159405469894
0.12545670568943024, 0.0587073378264904
0.12376502901315689, 0.05110486224293709
0.16765853762626648, 0.26769736409187317
0.15055710077285767, 0.20049403607845306
0.1447860151529312, 0.16254474222660065
0.13876448571681976, 0.13251909613609314
0.1337038278579712, 0.10786715149879456
0.1308167427778244, 0.09048190712928772
0.12648916244506836, 0.07300278544425964
0.12752895057201385, 0.05909240245819092
0.1255428045988083, 0.05272863060235977
0.12288584560155869, 0.04887101799249649
0.15734896063804626, 0.2670351266860962
0.14281325042247772, 0.21127314865589142
0.134062722325325, 0.1799592673778534
0.12977378070354462, 0.15583229064941406
0.12543386220932007, 0.1353532373905182
0.12198697030544281, 0.1182655319571495
0.11945173144340515, 0.10279757529497147
0.11637987941503525, 0.09036152064800262
0.1141318678855896, 0.07887055724859238
0.11233286559581757, 0.07095448672771454
0.1485479772090912, 0.26354801654815674
0.13439998030662537, 0.21702244877815247
0.1266103833913803, 0.1918889731168747
0.1223716139793396, 0.17127637565135956
0.11850783973932266, 0.1527431458234787
0.11555349826812744, 0.13757377862930298
0.1125645861029625, 0.12201129645109177
0.11091358214616776, 0.11052093654870987
0.10845348984003067, 0.09867064654827118
0.10640747845172882, 0.08892221748828888
0.1467282474040985, 0.2521514892578125
0.13115380704402924, 0.19453665614128113
0.12465203553438187, 0.1631670892238617
0.11911477893590927, 0.13548266887664795
0.11486731469631195, 0.11216284334659576
0.11145128309726715, 0.09339425712823868
0.10899592190980911, 0.07750725746154785
0.10656505823135376, 0.06473787128925323
0.10425353795289993, 0.055636148899793625
0.10344436764717102, 0.048490505665540695
0.13547542691230774, 0.23832270503044128
0.12196803092956543, 0.17819449305534363
0.11607901751995087, 0.14418068528175354
0.11259270459413528, 0.11907690763473511
0.10914956778287888, 0.09782959520816803
0.10680922865867615, 0.08309829980134964
0.10563352704048157, 0.07086597383022308
0.10473296046257019, 0.06234525889158249
0.10336417704820633, 0.054768387228250504
0.10327737033367157, 0.048987049609422684
0.13884387910366058, 0.23539084196090698
0.12739937007427216, 0.18369436264038086
0.1209862157702446, 0.15440328419208527
0.11676951497793198, 0.13026033341884613
0.11278748512268066, 0.10835117846727371
0.11129065603017807, 0.09154115617275238
0.10895043611526489, 0.07710173726081848
0.10737675428390503, 0.06564582884311676
0.10497698932886124, 0.05740858241915703
0.10391630977392197, 0.05018245428800583
0.13191543519496918, 0.23697404563426971
0.12058074027299881, 0.19631655514240265
0.11440297216176987, 0.1734572798013687
0.11061640083789825, 0.1525055170059204
0.10629276931285858, 0.13494862616062164
0.10280507057905197, 0.12015476077795029
0.10044140368700027, 0.10825703293085098
0.09838996827602386, 0.096620574593544
0.09645358473062515, 0.08656114339828491
0.09461338818073273, 0.07756321132183075
0.13108178973197937, 0.2566269636154175
0.11808701604604721, 0.21012721955776215
0.11270726472139359, 0.1855727881193161
0.1084078997373581, 0.16334611177444458
0.10454338043928146, 0.14339250326156616
0.10024945437908173, 0.12692828476428986
0.09834260493516922, 0.11451131105422974
0.09683646261692047, 0.10273025184869766
0.09566257148981094, 0.09263670444488525
0.09450051188468933, 0.08400742709636688
0.14411573112010956, 0.26843225955963135
0.12846477329730988, 0.21251632273197174
0.12183088809251785, 0.17967897653579712
0.11719478666782379, 0.1500007063150406
0.11280614137649536, 0.124660424888134
0.11020078510046005, 0.10435540229082108
0.10804492980241776, 0.08809514343738556
0.10621136426925659, 0.07526545971632004
0.10479431599378586, 0.06511335074901581
0.10345359146595001, 0.056215494871139526
0.14958249032497406, 0.268820583820343
0.1322966367006302, 0.1968875527381897
0.12514767050743103, 0.1514715701341629
0.11960939317941666, 0.11553159356117249
0.11673703044652939, 0.08954333513975143
0.11402576416730881, 0.07138779759407043
0.11277582496404648, 0.05780039727687836
0.11078321933746338, 0.048955030739307404
0.11140312254428864, 0.04248436912894249
0.10872693359851837, 0.037140268832445145
0.15131641924381256, 0.2655487656593323
0.13559359312057495, 0.19447067379951477
0.12774783372879028, 0.15332359075546265
0.12238791584968567, 0.12192526459693909
0.1175532117486, 0.09642240405082703
0.11546963453292847, 0.0785059854388237
0.11355749517679214, 0.06486420333385468
0.11188145726919174, 0.053737763315439224
0.11059799790382385, 0.04578829184174538
0.1092764139175415, 0.041416481137275696
0.15825985372066498, 0.27440813183784485
0.14364171028137207, 0.22194597125053406
0.13642331957817078, 0.18728795647621155
0.1314636915922165, 0.1592540591955185
0.1271386444568634, 0.13538874685764313
0.12426549941301346, 0.117385633289814
0.12262782454490662, 0.10463939607143402
0.1197652593255043, 0.09248532354831696
0.118192158639431, 0.08057184517383575
0.11752557009458542, 0.069610595703125
0.18352824449539185, 0.312608927488327
0.16640491783618927, 0.26099419593811035
0.158901646733284, 0.23444560170173645
0.15238137543201447, 0.20617125928401947
0.14820487797260284, 0.18399697542190552
0.14441466331481934, 0.16223646700382233
0.14122305810451508, 0.14249496161937714
0.13851653039455414, 0.12644259631633759
0.1363712102174759, 0.11448176205158234
0.13652512431144714, 0.10173235088586807
0.21793794631958008, 0.34907516837120056
0.1932612955570221, 0.2684904932975769
0.18228736519813538, 0.21726197004318237
0.1744481772184372, 0.17498856782913208
0.1688675731420517, 0.14205217361450195
0.16506372392177582, 0.11816218495368958
0.16262879967689514, 0.09963671118021011
0.16166166961193085, 0.08379082381725311
0.15897491574287415, 0.07240521907806396
0.1580847054719925, 0.061495255678892136
0.22922568023204803, 0.3200451731681824
0.2031584084033966, 0.22261887788772583
0.18901751935482025, 0.1622208058834076
0.18146060407161713, 0.12361915409564972
0.17603778839111328, 0.092739038169384
0.17120438814163208, 0.07451613992452621
0.16928814351558685, 0.059119727462530136
0.16594335436820984, 0.05223705247044563
0.16457629203796387, 0.04601843282580376
0.1624293327331543, 0.042039718478918076
0.21894803643226624, 0.29597207903862
0.19555595517158508, 0.21300314366817474
0.1851075142621994, 0.164545938372612
0.17687270045280457, 0.12871451675891876
0.1731572300195694, 0.10183282196521759
0.16891109943389893, 0.08193590492010117
0.16495446860790253, 0.0678589791059494
0.16143865883350372, 0.05738318711519241
0.15903185307979584, 0.050189245492219925
0.1569949835538864, 0.04470229893922806
0.20610827207565308, 0.29887843132019043
0.18641090393066406, 0.23449890315532684
0.17668309807777405, 0.19370028376579285
0.16878734529018402, 0.16225402057170868
0.16269299387931824, 0.13613355159759521
0.15760046243667603, 0.11638503521680832
0.15415023267269135, 0.10009299218654633
0.15229810774326324, 0.08806199580430984
0.1497545689344406, 0.07705133408308029
0.1482391208410263, 0.06870012730360031
0.20380961894989014, 0.3227632939815521
0.18561436235904694, 0.2788420617580414
0.17761912941932678, 0.2529959976673126
0.17008844017982483, 0.23072125017642975
0.1648600846529007, 0.2089279592037201
0.16035692393779755, 0.18849121034145355
0.1568874567747116, 0.17101599276065826
0.1539296954870224, 0.15557105839252472
0.15206463634967804, 0.14305037260055542
0.14932335913181305, 0.13062784075737
0.23294447362422943, 0.33381280303001404
0.21252794563770294, 0.27884426712989807
0.20318244397640228, 0.24087344110012054
0.19450035691261292, 0.2071901261806488
0.1894606649875641, 0.17573857307434082
0.18560881912708282, 0.14950819313526154
0.18241675198078156, 0.12857583165168762
0.1798045039176941, 0.11160202324390411
0.17758464813232422, 0.09626680612564087
0.17463169991970062, 0.08350515365600586
0.2817738354206085, 0.33913007378578186
0.25482383370399475, 0.2423093169927597
0.24352802336215973, 0.18814730644226074
0.2356574833393097, 0.1435677409172058
0.23089613020420074, 0.11178635060787201
0.22818969190120697, 0.08778820186853409
0.22602346539497375, 0.07527760416269302
0.22493982315063477, 0.06441394239664078
0.22723934054374695, 0.05806238204240799
0.22202958166599274, 0.05213891714811325
0.3453580439090729, 0.3625389337539673
0.318642258644104, 0.27027133107185364
0.3013031482696533, 0.20674967765808105
0.29135793447494507, 0.16184525191783905
0.2859984040260315, 0.128348708152771
0.2769327461719513, 0.10495302826166153
0.2732512652873993, 0.083975650370121
0.27086684107780457, 0.07101482897996902
0.2690396308898926, 0.06253740191459656
0.26439446210861206, 0.057760220021009445
0.32780691981315613, 0.31486162543296814
0.3014690577983856, 0.22005178034305573
0.28694939613342285, 0.16490493714809418
0.27809977531433105, 0.12846261262893677
0.26974380016326904, 0.10017983615398407
0.2614085078239441, 0.08091860264539719
0.2546384036540985, 0.06898991018533707
0.2506329417228699, 0.062303125858306885
0.2419254630804062, 0.05713823810219765
0.23619568347930908, 0.054137300699949265
0.24982181191444397, 0.3000996708869934
0.22290943562984467, 0.23178789019584656
0.21183180809020996, 0.19287140667438507
0.1977722942829132, 0.16209661960601807
0.19040720164775848, 0.13823911547660828
0.18077504634857178, 0.11685438454151154
0.17735517024993896, 0.09920701384544373
0.17097491025924683, 0.08556027710437775
0.16666962206363678, 0.07417705655097961
0.16263853013515472, 0.06628639250993729
0.21112439036369324, 0.3104405701160431
0.19018015265464783, 0.2522142827510834
0.18314068019390106, 0.21899643540382385
0.17472092807292938, 0.18841387331485748
0.16992630064487457, 0.1614607721567154
0.16713447868824005, 0.13666793704032898
0.16374626755714417, 0.11549500375986099
0.16077624261379242, 0.09885820001363754
0.15877555310726166, 0.08582980185747147
0.15758435428142548, 0.07837866246700287
0.2200937271118164, 0.3110714554786682
0.1959431767463684, 0.2223374992609024
0.1828097254037857, 0.1691705882549286
0.17317983508110046, 0.13363038003444672
0.16724565625190735, 0.10435336083173752
0.16171373426914215, 0.0819602981209755
0.15815207362174988, 0.06725344806909561
0.15487325191497803, 0.05594155192375183
0.15226592123508453, 0.05187331512570381
0.15108107030391693, 0.046605587005615234
0.2192387729883194, 0.3132344186306
0.19613958895206451, 0.2338058203458786
0.18504168093204498, 0.18407009541988373
0.17593811452388763, 0.1477096676826477
0.1711907684803009, 0.11720477044582367
0.1673341989517212, 0.09740499407052994
0.1623052954673767, 0.07896421104669571
0.16150476038455963, 0.06767401099205017
0.15792840719223022, 0.05803989619016647
0.15713821351528168, 0.052806876599788666
0.20751428604125977, 0.2892088294029236
0.18522699177265167, 0.21016347408294678
0.17461085319519043, 0.16347920894622803
0.16805191338062286, 0.12959368526935577
0.1623711884021759, 0.10310693085193634
0.15918923914432526, 0.0853198915719986
0.156282439827919, 0.07265397161245346
0.15328951179981232, 0.06285453587770462
0.15172773599624634, 0.05458517000079155
0.14908452332019806, 0.04817945882678032
0.19867007434368134, 0.29428255558013916
0.17679955065250397, 0.22470223903656006
0.16637153923511505, 0.18501949310302734
0.1583072692155838, 0.15244047343730927
0.15349970757961273, 0.12722963094711304
0.1474810391664505, 0.10571785271167755
0.1432374119758606, 0.0898829773068428
0.14008493721485138, 0.07591291517019272
0.13706818222999573, 0.06529084593057632
0.13550974428653717, 0.05789046362042427
0.20651215314865112, 0.32868191599845886
0.18368425965309143, 0.2591690719127655
0.1743559092283249, 0.21752053499221802
0.1662687361240387, 0.1825731098651886
0.1617860496044159, 0.1559014916419983
0.157926544547081, 0.13292419910430908
0.15593674778938293, 0.11669536679983139
0.1539566069841385, 0.10008135437965393
0.15235164761543274, 0.0880781039595604
0.1515464335680008, 0.07621454447507858
0.27376052737236023, 0.34912800788879395
0.24502664804458618, 0.25351575016975403
0.23276816308498383, 0.19291234016418457
0.22336405515670776, 0.14769071340560913
0.22030846774578094, 0.11621931195259094
0.21662944555282593, 0.09063026309013367
0.21494174003601074, 0.07666009664535522
0.21592596173286438, 0.06431113183498383
0.21379052102565765, 0.056754253804683685
0.21727146208286285, 0.05133688077330589
0.36232128739356995, 0.38314196467399597
0.3295488655567169, 0.26636171340942383
0.31301164627075195, 0.1941363364458084
0.3038296103477478, 0.14270736277103424
0.299207478761673, 0.112013079226017
0.2934357225894928, 0.08875783532857895
0.2879563271999359, 0.07140093296766281
0.284187912940979, 0.06327776610851288
0.2820729911327362, 0.05864754319190979
0.2824786603450775, 0.05560549721121788
0.3780650794506073, 0.3879155218601227
0.3439476490020752, 0.2865022122859955
0.32644978165626526, 0.22081059217453003
0.31066757440567017, 0.17444081604480743
0.3021831214427948, 0.13644737005233765
0.2919104993343353, 0.11284065246582031
0.28394559025764465, 0.09151490032672882
0.2764800488948822, 0.077098049223423
0.2732771635055542, 0.06607719510793686
0.2646014094352722, 0.060739677399396896
0.26170650124549866, 0.31050172448158264
0.23240946233272552, 0.22920367121696472
0.2199336737394333, 0.17742083966732025
0.2054947316646576, 0.14300355315208435
0.19689372181892395, 0.11225651949644089
0.18789318203926086, 0.09346882253885269
0.18365679681301117, 0.07709549367427826
0.17527978122234344, 0.06643828004598618
0.1704137623310089, 0.055994562804698944
0.16642127931118011, 0.0498260036110878
0.19296883046627045, 0.31102439761161804
0.17120757699012756, 0.2503066062927246
0.16106753051280975, 0.21639609336853027
0.15308777987957, 0.18773828446865082
0.14679548144340515, 0.16397668421268463
0.14116904139518738, 0.14269421994686127
0.13713590800762177, 0.12415991723537445
0.13392212986946106, 0.10620822757482529
0.13163024187088013, 0.09203383326530457
0.12875281274318695, 0.08157111704349518
0.19903425872325897, 0.3140313923358917
0.17420649528503418, 0.23782122135162354
0.1651008278131485, 0.19505675137043
0.1578807830810547, 0.15987059473991394
0.1528814733028412, 0.1302012950181961
0.14915405213832855, 0.10483664274215698
0.14542259275913239, 0.08577840030193329
0.1443813294172287, 0.07050511986017227
0.14293178915977478, 0.05927342176437378
0.14195258915424347, 0.051120951771736145
0.22392664849758148, 0.3205249011516571
0.19551615417003632, 0.21753914654254913
0.1836276650428772, 0.15915367007255554
0.17707018554210663, 0.1173664852976799
0.1717689335346222, 0.08878058940172195
0.1698675900697708, 0.06968087702989578
0.16722387075424194, 0.05716738849878311
0.16617700457572937, 0.04923966899514198
0.16401751339435577, 0.04428624361753464
0.16425324976444244, 0.041720665991306305
0.2679753303527832, 0.32543957233428955
0.24552378058433533, 0.23885245621204376
0.23186731338500977, 0.18542002141475677
0.22305236756801605, 0.14708039164543152
0.21889366209506989, 0.11825833469629288
0.21430262923240662, 0.09671101719141006
0.21117235720157623, 0.07900522649288177
0.2078486680984497, 0.06765016168355942
0.20770977437496185, 0.05825785920023918
0.20592036843299866, 0.05346084013581276
0.28509521484375, 0.30350515246391296
0.2628028392791748, 0.21419017016887665
0.24910449981689453, 0.16075818240642548
0.2411285787820816, 0.12558189034461975
0.23639746010303497, 0.10089166462421417
0.2327069640159607, 0.0836624801158905
0.22950293123722076, 0.07115190476179123
0.22565847635269165, 0.06278513371944427
0.22362937033176422, 0.05813366919755936
0.22073999047279358, 0.053891316056251526
0.3099713921546936, 0.3377230763435364
0.29169270396232605, 0.26258790493011475
0.2767846882343292, 0.22128261625766754
0.26953884959220886, 0.18384523689746857
0.26601341366767883, 0.15720416605472565
0.2594549059867859, 0.13272377848625183
0.2569892704486847, 0.11468016356229782
0.2512919306755066, 0.1002977266907692
0.24794162809848785, 0.08910118788480759
0.2475026398897171, 0.07980533689260483
0.3643404245376587, 0.38015216588974
0.3390790820121765, 0.316135048866272
0.3241844177246094, 0.2682817876338959
0.3108352720737457, 0.22660410404205322
0.29926761984825134, 0.19503407180309296
0.29060646891593933, 0.1654100865125656
0.28149300813674927, 0.13790231943130493
0.27517861127853394, 0.11758658289909363
0.26838305592536926, 0.10154378414154053
0.264618456363678, 0.08874187618494034
0.31416240334510803, 0.344082772731781
0.28056153655052185, 0.2507522404193878
0.26048070192337036, 0.19025810062885284
0.2471955269575119, 0.1466805636882782
0.24168990552425385, 0.11531169712543488
0.23365893959999084, 0.0942223072052002
0.22808212041854858, 0.07856832444667816
0.21918131411075592, 0.06689997762441635
0.2160433828830719, 0.058979615569114685
0.2117336541414261, 0.05324005335569382
0.2624262571334839, 0.3267163634300232
0.23764090240001678, 0.26355084776878357
0.22731077671051025, 0.21679987013339996
0.21702952682971954, 0.17938432097434998
0.20988298952579498, 0.14838895201683044
0.20542865991592407, 0.12369406968355179
0.20260484516620636, 0.10343831032514572
0.19564273953437805, 0.08709301799535751
0.19418466091156006, 0.07395641505718231
0.19236569106578827, 0.06483641266822815
0.29649120569229126, 0.32554829120635986
0.27287301421165466, 0.23851746320724487
0.26101431250572205, 0.18641194701194763
0.25692787766456604, 0.14592260122299194
0.24771787226200104, 0.11711228638887405
0.24757324159145355, 0.09428862482309341
0.24378561973571777, 0.07863838970661163
0.24063263833522797, 0.06744739413261414
0.24338029325008392, 0.06201060488820076
0.2338794767856598, 0.05915844067931175
0.36096349358558655, 0.40418440103530884
0.3308849334716797, 0.3189505636692047
0.31219300627708435, 0.265447735786438
0.3029588758945465, 0.22020190954208374
0.2966344356536865, 0.18668778240680695
0.2878871560096741, 0.15748929977416992
0.2798810601234436, 0.13522541522979736
0.27439478039741516, 0.11473128944635391
0.2732389271259308, 0.10202110558748245
0.26789963245391846, 0.08847830444574356
0.33602574467658997, 0.4413031339645386
0.29962754249572754, 0.36224061250686646
0.2760721743106842, 0.3021272122859955
0.26384690403938293, 0.2520841062068939
0.2443457990884781, 0.21594256162643433
0.23187533020973206, 0.18317627906799316
0.22514386475086212, 0.15595673024654388
0.21724927425384521, 0.13237473368644714
0.2113332599401474, 0.11175383627414703
0.2056310772895813, 0.09531375020742416
0.27719902992248535, 0.415706068277359
0.24272723495960236, 0.31594860553741455
0.22281913459300995, 0.24265910685062408
0.20515955984592438, 0.1870192438364029
0.2000560462474823, 0.14691515266895294
0.19300031661987305, 0.11509045213460922
0.18517671525478363, 0.09177491813898087
0.18279485404491425, 0.07500336319208145
0.17781521379947662, 0.0624585896730423
0.17395290732383728, 0.053140100091695786
0.252288818359375, 0.3736708164215088
0.22249482572078705, 0.28281494975090027
0.2047317922115326, 0.215958833694458
0.1954849362373352, 0.17114584147930145
0.18668895959854126, 0.13523496687412262
0.1812187135219574, 0.11137865483760834
0.17809872329235077, 0.0905071496963501
0.17209166288375854, 0.07667624205350876
0.16854332387447357, 0.06287316232919693
0.1682910919189453, 0.055178213864564896
0.24170920252799988, 0.3337766230106354
0.21508337557315826, 0.24734586477279663
0.20191450417041779, 0.1898874193429947
0.19342485070228577, 0.14911192655563354
0.18646928668022156, 0.11481600254774094
0.1836950182914734, 0.08919260650873184
0.17889747023582458, 0.07173680514097214
0.1767159253358841, 0.060591742396354675
0.17473575472831726, 0.05413153022527695
0.17224416136741638, 0.05085771158337593
0.26123127341270447, 0.3466835021972656
0.23593740165233612, 0.2595638334751129
0.22179263830184937, 0.20521430671215057
0.2132900357246399, 0.16422207653522491
0.2056148648262024, 0.13344454765319824
0.2002282440662384, 0.10973208397626877
0.19673563539981842, 0.09192541241645813
0.19403335452079773, 0.07902355492115021
0.1909688413143158, 0.06957866251468658
0.1896599531173706, 0.06140848621726036
0.2721588909626007, 0.36721092462539673
0.24435321986675262, 0.29738232493400574
0.23001010715961456, 0.2536275386810303
0.22151389718055725, 0.2158665806055069
0.2112722545862198, 0.18407000601291656
0.20498895645141602, 0.16009321808815002
0.20055504143238068, 0.13960957527160645
0.19631151854991913, 0.1220531091094017
0.1945575773715973, 0.10672833025455475
0.18904198706150055, 0.09296036511659622
0.2572875916957855, 0.34216850996017456
0.22521254420280457, 0.25812962651252747
0.21104216575622559, 0.20641900599002838
0.20222687721252441, 0.1681205779314041
0.19364507496356964, 0.13517913222312927
0.18662990629673004, 0.11019565165042877
0.18260625004768372, 0.09195394814014435
0.17788557708263397, 0.0794585645198822
0.17483118176460266, 0.0680788904428482
0.17105509340763092, 0.06004638969898224
0.2236989289522171, 0.3071741461753845
0.20186199247837067, 0.22746038436889648
0.19091525673866272, 0.1792977750301361
0.18291689455509186, 0.14235720038414001
0.17579862475395203, 0.112220399081707
0.17176459729671478, 0.09110825508832932
0.16677728295326233, 0.07533565908670425
0.16401605308055878, 0.06575338542461395
0.16146458685398102, 0.056776802986860275
0.16024157404899597, 0.050548963248729706
0.20112396776676178, 0.2889799475669861
0.18095342814922333, 0.21658580005168915
0.1708495169878006, 0.17271770536899567
0.16497717797756195, 0.13894475996494293
0.1585695743560791, 0.11251867562532425
0.15401354432106018, 0.09183135628700256
0.15002499520778656, 0.07622431218624115
0.14746449887752533, 0.063857801258564
0.1459612399339676, 0.05497148260474205
0.14362959563732147, 0.048173610121011734
0.20618167519569397, 0.29333093762397766
0.1870306134223938, 0.2260344922542572
0.17688515782356262, 0.18355871737003326
0.16956165432929993, 0.1503939926624298
0.16424858570098877, 0.1237301230430603
0.1600818634033203, 0.10345739871263504
0.15649807453155518, 0.085622638463974
0.1536456197500229, 0.07120904326438904
0.1509120613336563, 0.05971546471118927
0.14829455316066742, 0.0523206889629364
0.19539156556129456, 0.30253612995147705
0.1731458604335785, 0.23553383350372314
0.16349630057811737, 0.195649653673172
0.15614618360996246, 0.1626393049955368
0.15041211247444153, 0.1375475376844406
0.14542564749717712, 0.11543586850166321
0.14312709867954254, 0.09929976612329483
0.13950558006763458, 0.08293900638818741
0.13533076643943787, 0.06959995627403259
0.13285835087299347, 0.06076807156205177
0.2021244615316391, 0.3356952667236328
0.1741536408662796, 0.2419080138206482
0.16133299469947815, 0.18373873829841614
0.15240822732448578, 0.13866354525089264
0.14749030768871307, 0.10706762224435806
0.14361906051635742, 0.08318954706192017
0.14063987135887146, 0.06856362521648407
0.1388455629348755, 0.055767837911844254
0.13688121736049652, 0.04738067463040352
0.13488228619098663, 0.04176203906536102
0.20373304188251495, 0.32604360580444336
0.1739998310804367, 0.22644305229187012
0.16127200424671173, 0.164764404296875
0.15379248559474945, 0.12406817823648453
0.14860045909881592, 0.0956001877784729
0.14537696540355682, 0.07705268263816833
0.14186963438987732, 0.059984639286994934
0.14053495228290558, 0.050269175320863724
0.13845926523208618, 0.044201355427503586
0.13780562579631805, 0.040702398866415024
0.2020072042942047, 0.3095041811466217
0.18080782890319824, 0.23322203755378723
0.16852617263793945, 0.18579302728176117
0.16286049783229828, 0.14952434599399567
0.15589171648025513, 0.11818511039018631
0.15163563191890717, 0.09604289382696152
0.14968007802963257, 0.0785771906375885
0.1469581574201584, 0.0651988834142685
0.1446438878774643, 0.05527491495013237
0.14225570857524872, 0.0481221079826355
0.18580099940299988, 0.283650666475296
0.16744562983512878, 0.22301903367042542
0.15648311376571655, 0.1831057071685791
0.14908897876739502, 0.15415553748607635
0.1429441273212433, 0.1298174411058426
0.13788653910160065, 0.11172424256801605
0.13452765345573425, 0.09579846262931824
0.13134315609931946, 0.08368516713380814
0.12756159901618958, 0.07209070026874542
0.1250428706407547, 0.06438202410936356
0.16342587769031525, 0.30539411306381226
0.1459854543209076, 0.2513545751571655
0.13721998035907745, 0.21910259127616882
0.12986233830451965, 0.19035162031650543
0.1248108297586441, 0.16707780957221985
0.12000014632940292, 0.14679060876369476
0.11676924675703049, 0.13004247844219208
0.11377470195293427, 0.11628544330596924
0.11181333661079407, 0.10502054542303085
0.10925548523664474, 0.09431441128253937
0.15596729516983032, 0.31643056869506836
0.14239521324634552, 0.28589749336242676
0.13619555532932281, 0.2670011520385742
0.13077884912490845, 0.2489577978849411
0.1255369931459427, 0.23057687282562256
0.12165854126214981, 0.2135980874300003
0.1177753433585167, 0.19694755971431732
0.11458519101142883, 0.1793891191482544
0.11124445497989655, 0.1629766821861267
0.10882718861103058, 0.14880967140197754
0.15169218182563782, 0.2929951846599579
0.13276420533657074, 0.23134464025497437
0.12480589002370834, 0.1950959414243698
0.11794963479042053, 0.16490879654884338
0.1131436824798584, 0.13916319608688354
0.1088612824678421, 0.11656439304351807
0.10588005930185318, 0.09833706170320511
0.10324948281049728, 0.08264656364917755
0.10135550796985626, 0.06999035179615021
0.0995909795165062, 0.059515099972486496
0.15569840371608734, 0.30045539140701294
0.13651832938194275, 0.23045802116394043
0.12783923745155334, 0.18540708720684052
0.12149452418088913, 0.14954641461372375
0.11746453493833542, 0.12160246074199677
0.11429240554571152, 0.09966901689767838
0.1115887239575386, 0.08225399255752563
0.10958445817232132, 0.06989448517560959
0.10862424969673157, 0.05865321680903435
0.10687219351530075, 0.05095221474766731
0.16342486441135406, 0.2988177239894867
0.14326520264148712, 0.2222232073545456
0.13385015726089478, 0.17672373354434967
0.12746472656726837, 0.14247392117977142
0.123074471950531, 0.11409435421228409
0.11940588802099228, 0.09312159568071365
0.11728056520223618, 0.0768928974866867
0.11531644314527512, 0.06477040797472
0.11356347054243088, 0.05471189692616463
0.11210304498672485, 0.04813865199685097
0.16144338250160217, 0.3049483001232147
0.14234144985675812, 0.24682550132274628
0.13542883098125458, 0.21659742295742035
0.12761785089969635, 0.18797117471694946
0.1226208359003067, 0.1641620546579361
0.11819784343242645, 0.14420056343078613
0.1145305410027504, 0.12705709040164948
0.11194472759962082, 0.11083442717790604
0.10926339030265808, 0.09807060658931732
0.10751000791788101, 0.08863702416419983
0.1655905693769455, 0.32162168622016907
0.1494637280702591, 0.2771977186203003
0.1425880789756775, 0.253111332654953
0.13600023090839386, 0.22909466922283173
0.13082075119018555, 0.20640434324741364
0.12559139728546143, 0.18596668541431427
0.12276147305965424, 0.1679234653711319
0.11949446052312851, 0.15155266225337982
0.11636119335889816, 0.13641200959682465
0.11341671645641327, 0.12264013290405273
0.15392671525478363, 0.3040616810321808
0.13506604731082916, 0.23964297771453857
0.1250922679901123, 0.19605445861816406
0.11802630126476288, 0.16036978363990784
0.11199401319026947, 0.12981490790843964
0.10839712619781494, 0.1068257987499237
0.10552135854959488, 0.09006094932556152
0.10310583561658859, 0.07602347433567047
0.10177038609981537, 0.06427896022796631
0.1003403589129448, 0.0546686090528965
0.15413066744804382, 0.29712221026420593
0.13643017411231995, 0.23312748968601227
0.1280430257320404, 0.19311989843845367
0.12257535010576248, 0.16080467402935028
0.11854337155818939, 0.13360796868801117
0.11479846388101578, 0.11396022886037827
0.11202597618103027, 0.09567110240459442
0.1102186068892479, 0.08181182295084
0.10848140716552734, 0.06918928772211075
0.10725298523902893, 0.060836922377347946
0.14563755691051483, 0.2826150059700012
0.13246701657772064, 0.23557189106941223
0.12473306059837341, 0.20338594913482666
0.11868765205144882, 0.1757371723651886
0.11470001190900803, 0.15009662508964539
0.11120332777500153, 0.13209189474582672
0.10857117176055908, 0.1162063404917717
0.10671104490756989, 0.10338808596134186
0.1046520546078682, 0.08927653729915619
0.10293625295162201, 0.07944025844335556
0.141052708029747, 0.28157636523246765
0.12950138747692108, 0.25109633803367615
0.12348686903715134, 0.2339942902326584
0.11884811520576477, 0.2191455215215683
0.11533571034669876, 0.20431795716285706
0.11081735044717789, 0.19004587829113007
0.10736903548240662, 0.17701376974582672
0.10512042045593262, 0.16501134634017944
0.10195513069629669, 0.15395362675189972
0.09994499385356903, 0.14337140321731567
0.13670207560062408, 0.3003750443458557
0.12553027272224426, 0.2757786810398102
0.12150771170854568, 0.2632582187652588
0.1171901524066925, 0.25293880701065063
0.11292684823274612, 0.24140256643295288
0.10984016209840775, 0.2291860431432724
0.1082133874297142, 0.2186886966228485
0.10610859096050262, 0.2084268480539322
0.1037018746137619, 0.1995493769645691
0.1010592132806778, 0.18961331248283386
0.13801151514053345, 0.27759820222854614
0.12412480264902115, 0.23214128613471985
0.11763790249824524, 0.20178548991680145
0.11221923679113388, 0.1753493845462799
0.10829739272594452, 0.15069597959518433
0.10439525544643402, 0.13039140403270721
0.10219182074069977, 0.11116096377372742
0.09994475543498993, 0.09605405479669571
0.09776586294174194, 0.08253749459981918
0.09685113281011581, 0.07268999516963959
0.1436433345079422, 0.26436159014701843
0.12627080082893372, 0.18902570009231567
0.11681370437145233, 0.1434975117444992
0.1122632846236229, 0.11074215918779373
0.10855982452630997, 0.08683265000581741
0.1064239963889122, 0.06911496073007584
0.10430609434843063, 0.055416468530893326
0.10369043052196503, 0.04662666097283363
0.1016514003276825, 0.040542859584093094
0.10156233608722687, 0.03655169904232025
0.1438392698764801, 0.26722171902656555
0.12642043828964233, 0.19986622035503387
0.11877509951591492, 0.15638038516044617
0.11288703978061676, 0.12481801956892014
0.1089274138212204, 0.10129061341285706
0.10571707040071487, 0.0835856944322586
0.10394547879695892, 0.06876333057880402
0.10222192108631134, 0.0586528517305851
0.10056284070014954, 0.0496816486120224
0.09923355281352997, 0.04356057196855545
0.13605481386184692, 0.2697131633758545
0.12127251923084259, 0.21584154665470123
0.11480902135372162, 0.1819552332162857
0.10936830192804337, 0.15491874516010284
0.10548864305019379, 0.13217896223068237
0.1032809466123581, 0.1151348352432251
0.10079899430274963, 0.10026229918003082
0.09948515892028809, 0.08821311593055725
0.09776890277862549, 0.07794222235679626
0.09708930552005768, 0.07160542905330658
0.15792420506477356, 0.3141776919364929
0.14484359323978424, 0.27947482466697693
0.13773129880428314, 0.26216545701026917
0.1334117352962494, 0.24353289604187012
0.12859901785850525, 0.2282114326953888
0.12573066353797913, 0.21152563393115997
0.12228197604417801, 0.200055792927742
0.11961471289396286, 0.18717078864574432
0.11573568731546402, 0.17567284405231476
0.11418420076370239, 0.16447922587394714
0.15797929465770721, 0.3091144263744354
0.1442471295595169, 0.2661871612071991
0.13492707908153534, 0.23630350828170776
0.12944884598255157, 0.21248893439769745
0.12463606148958206, 0.19116680324077606
0.12148026376962662, 0.17273882031440735
0.11676345765590668, 0.1544916033744812
0.11393757909536362, 0.1378968358039856
0.11245754361152649, 0.12294021993875504
0.10928782820701599, 0.10994008183479309
0.15250259637832642, 0.27300548553466797
0.1362556666135788, 0.21020321547985077
0.12704148888587952, 0.1689355969429016
0.1209515780210495, 0.13815981149673462
0.1175207868218422, 0.11228826642036438
0.11452282965183258, 0.09310002624988556
0.11317465454339981, 0.07616934180259705
0.10948550701141357, 0.06425132602453232
0.10931969434022903, 0.0558590292930603
0.10811131447553635, 0.049345504492521286
0.14526264369487762, 0.2556593120098114
0.13173377513885498, 0.1999407410621643
0.12423650175333023, 0.16341885924339294
0.12007129937410355, 0.13290300965309143
0.11600358039140701, 0.108696848154068
0.11325891315937042, 0.09108752012252808
0.1111840084195137, 0.07696752995252609
0.1096995621919632, 0.06618952751159668
0.10813374072313309, 0.05469542369246483
0.10726144909858704, 0.047196611762046814
0.14061596989631653, 0.2427680790424347
0.12780071794986725, 0.19462598860263824
0.12172028422355652, 0.16532142460346222
0.11700663715600967, 0.14137665927410126
0.11300091445446014, 0.12229012697935104
0.10946928709745407, 0.10592149198055267
0.1069285124540329, 0.09242158383131027
0.10481919348239899, 0.08021988719701767
0.10332240164279938, 0.07050824910402298
0.10196520388126373, 0.06240788847208023
0.14302414655685425, 0.28370407223701477
0.12945792078971863, 0.24256844818592072
0.123050257563591, 0.21933607757091522
0.1182500496506691, 0.19648097455501556
0.11453782767057419, 0.17886625230312347
0.1112326979637146, 0.16056475043296814
0.10801531374454498, 0.1462291181087494
0.10587962716817856, 0.1323809027671814
0.10376376658678055, 0.12056007981300354
0.10192689299583435, 0.1081627756357193
0.15986889600753784, 0.30789557099342346
0.14752869307994843, 0.27239903807640076
0.13978211581707, 0.24883273243904114
0.1348360776901245, 0.22922146320343018
0.1296866089105606, 0.20957732200622559
0.1250045746564865, 0.1905554085969925
0.12240688502788544, 0.17153890430927277
0.11869849264621735, 0.1554112434387207
0.11563894152641296, 0.1376989334821701
0.11336968839168549, 0.12160498648881912
0.15477021038532257, 0.2867077887058258
0.13773538172245026, 0.2267889529466629
0.12898051738739014, 0.18551510572433472
0.12265672534704208, 0.15238727629184723
0.11703606694936752, 0.12479959428310394
0.11558789759874344, 0.10176845639944077
0.11253822594881058, 0.08472808450460434
0.11065251380205154, 0.0747646763920784
0.10923705250024796, 0.06350991129875183
0.10793125629425049, 0.05492745339870453
0.16527599096298218, 0.2824137508869171
0.1495593935251236, 0.22996972501277924
0.1428288072347641, 0.19495409727096558
0.13766655325889587, 0.16340091824531555
0.13411377370357513, 0.14045539498329163
0.13063941895961761, 0.12249385565519333
0.12784023582935333, 0.1057548075914383
0.1270066350698471, 0.08816548436880112
0.12576135993003845, 0.07702365517616272
0.1240721121430397, 0.0683923214673996
0.16672711074352264, 0.2815650403499603
0.15102773904800415, 0.2244568020105362
0.14303255081176758, 0.18811695277690887
0.13777931034564972, 0.15997175872325897
0.13221865892410278, 0.13413767516613007
0.12868331372737885, 0.11535274237394333
0.12614233791828156, 0.09899662435054779
0.12328100949525833, 0.08649047464132309
0.12093594670295715, 0.07403699308633804
0.1195579543709755, 0.06571435928344727
0.15735623240470886, 0.2892637252807617
0.1436052769422531, 0.24777217209339142
0.13613402843475342, 0.22360944747924805
0.131356343626976, 0.20360194146633148
0.1271122395992279, 0.18721623718738556
0.12285564839839935, 0.17107903957366943
0.12038673460483551, 0.1577877253293991
0.11772198975086212, 0.14568524062633514
0.1154865100979805, 0.13333013653755188
0.11404107511043549, 0.12258230149745941
0.16595087945461273, 0.30796054005622864
0.15326055884361267, 0.27912986278533936
0.14770276844501495, 0.2634766101837158
0.14288072288036346, 0.24868623912334442
0.13836027681827545, 0.2340320348739624
0.13531802594661713, 0.22041155397891998
0.1325182467699051, 0.20750898122787476
0.12989580631256104, 0.19738923013210297
0.12610390782356262, 0.18632552027702332
0.12459767609834671, 0.17527835071086884
0.15541715919971466, 0.28086045384407043
0.13959428668022156, 0.22274304926395416
0.13068929314613342, 0.18379418551921844
0.12373816221952438, 0.1499483734369278
0.11807689070701599, 0.12251926958560944
0.11463410407304764, 0.10075973719358444
0.11163743585348129, 0.08251410722732544
0.10947983711957932, 0.06815990805625916
0.10710176080465317, 0.05628005415201187
0.10580567270517349, 0.047768112272024155
0.1545463353395462, 0.2668166756629944
0.13819971680641174, 0.2014942169189453
0.13035638630390167, 0.15981392562389374
0.12525388598442078, 0.12770158052444458
0.12220271676778793, 0.10348927974700928
0.11860983818769455, 0.08290956914424896
0.1161891371011734, 0.06745689362287521
0.11490034312009811, 0.05592058226466179
0.1142893061041832, 0.04673865810036659
0.11413893103599548, 0.042100753635168076
0.16136592626571655, 0.2774337828159332
0.14384928345680237, 0.21040785312652588
0.1355196088552475, 0.16792690753936768
0.12855148315429688, 0.135072261095047
0.12423250079154968, 0.10970566421747208
0.12206651270389557, 0.08974188566207886
0.11925483494997025, 0.07266589254140854
0.11770260334014893, 0.059917885810136795
0.11638139933347702, 0.05180705338716507
0.11576301604509354, 0.04556295648217201
0.17078198492527008, 0.3058412969112396
0.14968901872634888, 0.23817189037799835
0.13919764757156372, 0.19850023090839386
0.13255448639392853, 0.1658822000026703
0.12613990902900696, 0.14054064452648163
0.12243790924549103, 0.11836888641119003
0.11959175765514374, 0.1005527675151825
0.11661379039287567, 0.08477674424648285
0.11427363753318787, 0.07163628190755844
0.11011412739753723, 0.061715900897979736
0.1750137209892273, 0.32607412338256836
0.15356338024139404, 0.26620155572891235
0.1442509889602661, 0.23178279399871826
0.13801491260528564, 0.20478276908397675
0.13338926434516907, 0.18184976279735565
0.12928780913352966, 0.16186797618865967
0.12518155574798584, 0.14385569095611572
0.12312157452106476, 0.12650515139102936
0.12073872983455658, 0.11308545619249344
0.11848078668117523, 0.09981361776590347
0.2017809897661209, 0.31609392166137695
0.18085303902626038, 0.23619042336940765
0.1718050241470337, 0.1867634356021881
0.16588233411312103, 0.14727666974067688
0.16213971376419067, 0.11562585085630417
0.15994469821453094, 0.09173646569252014
0.15877503156661987, 0.07359681278467178
0.1584215611219406, 0.059490472078323364
0.15776047110557556, 0.05008060857653618
0.1579059362411499, 0.04408656805753708
0.22600539028644562, 0.29253244400024414
0.20264987647533417, 0.20258434116840363
0.19223716855049133, 0.14903122186660767
0.18564729392528534, 0.11251996457576752
0.18117959797382355, 0.08557894080877304
0.1775396764278412, 0.06894363462924957
0.1759123057126999, 0.05629569664597511
0.1729612499475479, 0.047287777066230774
0.172362819314003, 0.04067312926054001
0.17095674574375153, 0.03762407228350639
0.21600396931171417, 0.2750678062438965
0.19457140564918518, 0.189913809299469
0.18514057993888855, 0.1440449059009552
0.17900094389915466, 0.111857570707798
0.1731673628091812, 0.08770806342363358
0.16971012949943542, 0.069583959877491
0.16813795268535614, 0.056732989847660065
0.16607700288295746, 0.04819866269826889
0.16438063979148865, 0.041905082762241364
0.16351163387298584, 0.03809352591633797
0.1864040344953537, 0.2698677182197571
0.16326771676540375, 0.188285231590271
0.1530458778142929, 0.1464080810546875
0.14495258033275604, 0.11467713862657547
0.1381344199180603, 0.09116095304489136
0.13286328315734863, 0.07374055683612823
0.1283670961856842, 0.061299052089452744
0.12383641302585602, 0.05280434340238571
0.11976677924394608, 0.04641930013895035
0.11593370139598846, 0.041843969374895096
0.15214422345161438, 0.2991621196269989
0.1304091215133667, 0.22979310154914856
0.12148747593164444, 0.19364295899868011
0.11472193151712418, 0.16238008439540863
0.10897686332464218, 0.13786737620830536
0.10563167184591293, 0.11740816384553909
0.10200896859169006, 0.10177461057901382
0.09939097613096237, 0.08865576237440109
0.09863366186618805, 0.0772603377699852
0.09627428650856018, 0.06688354909420013
0.14440278708934784, 0.2923685610294342
0.12789012491703033, 0.23391057550907135
0.11898794770240784, 0.19405941665172577
0.11302992701530457, 0.1619940549135208
0.10850214958190918, 0.13413359224796295
0.10572659969329834, 0.11137799918651581
0.10264294594526291, 0.09197281301021576
0.10095682740211487, 0.07852759957313538
0.09938832372426987, 0.06704461574554443
0.09949556738138199, 0.05855235457420349
0.1462852656841278, 0.26602622866630554
0.1304360181093216, 0.1973310112953186
0.12423582375049591, 0.15429040789604187
0.11922857165336609, 0.12020640075206757
0.11581490933895111, 0.09538356959819794
0.11380290240049362, 0.07726781070232391
0.11292926967144012, 0.06594368070363998
0.11176683753728867, 0.05428402125835419
0.11052067577838898, 0.04575034976005554
0.11021647602319717, 0.041981060057878494
0.16117455065250397, 0.2546950876712799
0.14436666667461395, 0.17371590435504913
0.13708990812301636, 0.12870945036411285
0.13205121457576752, 0.099461629986763
0.1292543262243271, 0.07659012079238892
0.12713372707366943, 0.061051204800605774
0.1244993656873703, 0.04921722039580345
0.12416868656873703, 0.042797911912202835
0.12353173643350601, 0.03804958611726761
0.12142819911241531, 0.03551092743873596
0.17306014895439148, 0.2427341789007187
0.15686678886413574, 0.16396087408065796
0.14958955347537994, 0.12304504960775375
0.14490889012813568, 0.09509547799825668
0.14102667570114136, 0.07464005053043365
0.13844691216945648, 0.060885775834321976
0.1353384107351303, 0.05199623107910156
0.1344706267118454, 0.04558199271559715
0.1314312219619751, 0.04178677871823311
0.12980444729328156, 0.03849963843822479
0.1734876185655594, 0.2707262337207794
0.15681129693984985, 0.21206490695476532
0.15017955005168915, 0.18127338588237762
0.1440160721540451, 0.15344680845737457
0.1401776671409607, 0.1324540227651596
0.13646231591701508, 0.11359695345163345
0.13356907665729523, 0.09783603996038437
0.13072331249713898, 0.08405948430299759
0.1292090117931366, 0.07374288886785507
0.1294841766357422, 0.06725278496742249
0.18314877152442932, 0.287203311920166
0.16494986414909363, 0.2278449833393097
0.1572122871875763, 0.1930694282054901
0.1505252867937088, 0.16400162875652313
0.145158052444458, 0.1373281627893448
0.14089824259281158, 0.11495690792798996
0.13751177489757538, 0.09547505527734756
0.1341075897216797, 0.07990763336420059
0.1311488002538681, 0.06659290194511414
0.1304483860731125, 0.057008739560842514
0.16742825508117676, 0.26537907123565674
0.14591500163078308, 0.1688358038663864
0.13745182752609253, 0.11961855739355087
0.13213519752025604, 0.08555970340967178
0.1274886280298233, 0.06269632279872894
0.12467502057552338, 0.04992714151740074
0.12312208116054535, 0.04339703172445297
0.12109801918268204, 0.03838108107447624
0.12015023082494736, 0.03561319410800934
0.11882812529802322, 0.033267613500356674
0.1700870543718338, 0.28326937556266785
0.14714422821998596, 0.18780291080474854
0.13805025815963745, 0.13322147727012634
0.13309895992279053, 0.09554845094680786
0.12908050417900085, 0.06989774852991104
0.12643496692180634, 0.054011788219213486
0.1260146051645279, 0.046017128974199295
0.12404510378837585, 0.04026731848716736
0.12256081402301788, 0.03665924072265625
0.12106797844171524, 0.03554520756006241
0.15927422046661377, 0.2645024061203003
0.1362946778535843, 0.16582024097442627
0.12768420577049255, 0.11476659029722214
0.12277586758136749, 0.08496347814798355
0.11869237571954727, 0.06317895650863647
0.11655780673027039, 0.051393575966358185
0.11394558101892471, 0.04324452206492424
0.11251912266016006, 0.03823385760188103
0.11023790389299393, 0.03465373069047928
0.108846016228199, 0.03258812427520752
0.14261257648468018, 0.27029940485954285
0.12182353436946869, 0.1919851303100586
0.11355157196521759, 0.15375448763370514
0.10706784576177597, 0.12194286286830902
0.10281624644994736, 0.09725944697856903
0.0993441641330719, 0.07780925929546356
0.09587026387453079, 0.06456881016492844
0.09434002637863159, 0.053495071828365326
0.0922861397266388, 0.04587806761264801
0.09122772514820099, 0.039842456579208374
0.1397233009338379, 0.290580153465271
0.12149117887020111, 0.22644294798374176
0.11260936409235, 0.1850854456424713
0.10691776871681213, 0.15054655075073242
0.10276602953672409, 0.11986427009105682
0.10007254779338837, 0.0977778509259224
0.09781917184591293, 0.08062464743852615
0.09602855145931244, 0.06592842936515808
0.09535176306962967, 0.05323696509003639
0.09438858926296234, 0.04627220332622528
0.14807847142219543, 0.2562193274497986
0.12698329985141754, 0.15549325942993164
0.12010674923658371, 0.10339365154504776
0.11472509056329727, 0.07127714902162552
0.11191584169864655, 0.05213426053524017
0.11061631143093109, 0.042166322469711304
0.10968233644962311, 0.03640184551477432
0.10853059589862823, 0.03361077979207039
0.10752192884683609, 0.031115230172872543
0.10672832280397415, 0.030207954347133636
0.16179566085338593, 0.2562039792537689
0.140989750623703, 0.16060510277748108
0.1340106725692749, 0.11152764409780502
0.1282230019569397, 0.08107621967792511
0.1260569542646408, 0.06226706504821777
0.12486512959003448, 0.05008099973201752
0.12329805642366409, 0.04202129691839218
0.12124647200107574, 0.03709574043750763
0.12103834748268127, 0.03473326563835144
0.11932484805583954, 0.03298690542578697
0.16200806200504303, 0.2612285315990448
0.1400507092475891, 0.17529746890068054
0.13149763643741608, 0.12694457173347473
0.1250607818365097, 0.09497306495904922
0.1209404245018959, 0.07038046419620514
0.11845213174819946, 0.05560220405459404
0.11595036834478378, 0.04594067484140396
0.11480832099914551, 0.040104471147060394
0.11310545355081558, 0.03604935109615326
0.11084715276956558, 0.034509338438510895
0.14475467801094055, 0.27508744597435
0.12601891160011292, 0.20536217093467712
0.11760926991701126, 0.16683991253376007
0.11138878762722015, 0.13434869050979614
0.10706546157598495, 0.11135377734899521
0.1037784218788147, 0.09396331757307053
0.1007157489657402, 0.08005207777023315
0.09888296574354172, 0.06612048298120499
0.09575013816356659, 0.05707556754350662
0.09436753392219543, 0.04798084497451782
0.1450929492712021, 0.30736514925956726
0.1287977695465088, 0.25245293974876404
0.12159945070743561, 0.22397060692310333
0.1154656708240509, 0.19871507585048676
0.11199456453323364, 0.17566198110580444
0.1080624982714653, 0.1562085896730423
0.10536456108093262, 0.13936975598335266
0.1031259223818779, 0.12442206591367722
0.10102737694978714, 0.1117258295416832
0.09937717765569687, 0.098971888422966
0.13967572152614594, 0.2618730962276459
0.12047188729047775, 0.1809818297624588
0.11228081583976746, 0.13153709471225739
0.10707759112119675, 0.0987125039100647
0.10351504385471344, 0.07318304479122162
0.10136840492486954, 0.055994339287281036
0.09973789751529694, 0.04560328647494316
0.09846801310777664, 0.03855292126536369
0.09684161841869354, 0.03320261463522911
0.09610804915428162, 0.031081078574061394
0.14119884371757507, 0.24205872416496277
0.12501169741153717, 0.16733025014400482
0.11751898378133774, 0.12317501753568649
0.11362689733505249, 0.09177767485380173
0.11013016849756241, 0.06994569301605225
0.10885852575302124, 0.05623640865087509
0.10648784786462784, 0.044926710426807404
0.10577861964702606, 0.03948528319597244
0.10453332215547562, 0.03554515168070793
0.10364983975887299, 0.03293832391500473
0.14339867234230042, 0.2494724839925766
0.12694460153579712, 0.17873714864253998
0.12009216099977493, 0.14020615816116333
0.11490336060523987, 0.10889375954866409
0.11132397502660751, 0.08489466458559036
0.10822370648384094, 0.06922757625579834
0.1065962091088295, 0.059490639716386795
0.10539176315069199, 0.04914310574531555
0.10318630933761597, 0.04129089415073395
0.1020716056227684, 0.036667514592409134
0.14906281232833862, 0.27128875255584717
0.13120150566101074, 0.19742351770401
0.12245378643274307, 0.1517701894044876
0.11742963641881943, 0.11664970219135284
0.11378145217895508, 0.09092368930578232
0.1115371584892273, 0.07294119894504547
0.10982460528612137, 0.059518638998270035
0.10889039188623428, 0.04935581982135773
0.10777128487825394, 0.043376337736845016
0.10705909132957458, 0.03900977969169617
0.16256879270076752, 0.3082582950592041
0.14322397112846375, 0.24747426807880402
0.13546060025691986, 0.2081529051065445
0.1284380853176117, 0.17362606525421143
0.12308502942323685, 0.14587469398975372
0.11997910588979721, 0.12395969778299332
0.11681696027517319, 0.10463223606348038
0.11499123275279999, 0.09154359251260757
0.11336076259613037, 0.0773153156042099
0.11138463020324707, 0.0678894892334938
0.15825697779655457, 0.2725493907928467
0.13765163719654083, 0.1961798518896103
0.12821760773658752, 0.14706507325172424
0.12338674068450928, 0.11254037171602249
0.11977323144674301, 0.08676636964082718
0.11722123622894287, 0.06789199262857437
0.11487561464309692, 0.05462951213121414
0.11254885047674179, 0.04637682065367699
0.11061966419219971, 0.03933921083807945
0.10850618779659271, 0.03530751168727875
0.15137572586536407, 0.2514686584472656
0.13114643096923828, 0.16010317206382751
0.12404663115739822, 0.11397343128919601
0.11945201456546783, 0.08257418125867844
0.11729636043310165, 0.06293360143899918
0.11566365510225296, 0.04926829785108566
0.11394745111465454, 0.04047442227602005
0.11307544261217117, 0.03621724992990494
0.11178246140480042, 0.033876098692417145
0.11190436035394669, 0.032065246254205704
0.17692485451698303, 0.25998905301094055
0.15689966082572937, 0.17242121696472168
0.15020373463630676, 0.12495426088571548
0.14638027548789978, 0.09104100614786148
0.14339348673820496, 0.0690922886133194
0.14289985597133636, 0.053129199892282486
0.14291080832481384, 0.04528990387916565
0.1417156159877777, 0.0411490797996521
0.14208094775676727, 0.03825095295906067
0.14100004732608795, 0.03593269735574722
0.2008471041917801, 0.2824481725692749
0.17743274569511414, 0.19079716503620148
0.16811619699001312, 0.14045894145965576
0.1621723473072052, 0.10555698722600937
0.15717674791812897, 0.08045151084661484
0.1543283462524414, 0.06409918516874313
0.1519394814968109, 0.05574164539575577
0.14921258389949799, 0.0480344220995903
0.14776968955993652, 0.04385075718164444
0.14639732241630554, 0.042271409183740616
0.20784099400043488, 0.31253835558891296
0.1840461641550064, 0.23273631930351257
0.17414313554763794, 0.18580056726932526
0.16873037815093994, 0.15132883191108704
0.16427232325077057, 0.12323255091905594
0.16083461046218872, 0.10158693790435791
0.1581965535879135, 0.08192359656095505
0.15632368624210358, 0.06976265460252762
0.15525773167610168, 0.061917830258607864
0.1531735360622406, 0.05847811698913574
0.21568083763122559, 0.306175172328949
0.19024969637393951, 0.22499975562095642
0.17944663763046265, 0.17572398483753204
0.17217397689819336, 0.13755688071250916
0.1638275533914566, 0.10275506228208542
0.1590774655342102, 0.0784967839717865
0.154839888215065, 0.06128992140293121
0.15182337164878845, 0.052402619272470474
0.14962883293628693, 0.046928226947784424
0.1460856944322586, 0.04626275971531868
0.1913200318813324, 0.2744629681110382
0.16438351571559906, 0.15597136318683624
0.15546225011348724, 0.10359294712543488
0.15046057105064392, 0.07322312146425247
0.1482345312833786, 0.05577097833156586
0.14567597210407257, 0.047651469707489014
0.143754243850708, 0.04272695630788803
0.14312276244163513, 0.039452239871025085
0.14246422052383423, 0.03788471221923828
0.14221879839897156, 0.036371733993291855
0.22691504657268524, 0.3000883162021637
0.19888298213481903, 0.18290571868419647
0.1897432804107666, 0.12588681280612946
0.18470215797424316, 0.08992721140384674
0.18101127445697784, 0.06860391050577164
0.17873576283454895, 0.05342338606715202
0.17712199687957764, 0.04659632593393326
0.17433278262615204, 0.04216998443007469
0.17377717792987823, 0.03980344533920288
0.17097985744476318, 0.0380350686609745
0.23080064356327057, 0.3200286626815796
0.19864696264266968, 0.19630299508571625
0.1837828904390335, 0.12689423561096191
0.17738401889801025, 0.08625385165214539
0.17209392786026, 0.06450841575860977
0.16687925159931183, 0.051494300365448
0.16510790586471558, 0.04497150704264641
0.1624687910079956, 0.04049735516309738
0.15905232727527618, 0.038702718913555145
0.15779753029346466, 0.037547990679740906
0.19620905816555023, 0.3068147301673889
0.16667385399341583, 0.1943126767873764
0.15665917098522186, 0.13657896220684052
0.150281623005867, 0.09700655192136765
0.1461883783340454, 0.07180271297693253
0.14287398755550385, 0.05948052927851677
0.14056241512298584, 0.05023038014769554
0.13851939141750336, 0.044756609946489334
0.1388256996870041, 0.03912493586540222
0.1369273066520691, 0.0365850031375885
0.1801934689283371, 0.3057691156864166
0.1540592908859253, 0.21675844490528107
0.1455041915178299, 0.16887158155441284
0.14002911746501923, 0.13643023371696472
0.13684652745723724, 0.10924772918224335
0.13491672277450562, 0.08885215222835541
0.13293296098709106, 0.07313307374715805
0.13116131722927094, 0.06165964901447296
0.1309346705675125, 0.05375909060239792
0.13019992411136627, 0.04840213060379028
0.19588933885097504, 0.2837492525577545
0.17066767811775208, 0.17660699784755707
0.16054989397525787, 0.12204853445291519
0.15347687900066376, 0.0856303721666336
0.14928223192691803, 0.06294332444667816
0.14725570380687714, 0.05091388151049614
0.14598910510540009, 0.0440683588385582
0.14387375116348267, 0.04007089510560036
0.1426587700843811, 0.03781726583838463
0.14054876565933228, 0.036078810691833496
0.20383846759796143, 0.2814471423625946
0.17587895691394806, 0.1686573624610901
0.16770395636558533, 0.1126222088932991
0.16241511702537537, 0.08057710528373718
0.1589803546667099, 0.0613117441534996
0.15805189311504364, 0.05098295211791992
0.1564292162656784, 0.043253131210803986
0.15292631089687347, 0.03961322084069252
0.15056532621383667, 0.03750283643603325
0.1492553949356079, 0.03707532957196236
0.19356442987918854, 0.29490089416503906
0.16414417326450348, 0.17502321302890778
0.15163151919841766, 0.11736025661230087
0.1467093825340271, 0.08178889006376266
0.14152607321739197, 0.06218992918729782
0.13875283300876617, 0.05091295763850212
0.13614621758460999, 0.043847739696502686
0.13328151404857635, 0.039312541484832764
0.13105382025241852, 0.03671365603804588
0.12929005920886993, 0.03521662950515747
0.17171312868595123, 0.32046711444854736
0.1436329483985901, 0.22684283554553986
0.13180625438690186, 0.17571112513542175
0.12387459725141525, 0.13599319756031036
0.1196947768330574, 0.1056094616651535
0.11539468914270401, 0.08311706781387329
0.11185211688280106, 0.06804516911506653
0.10974544286727905, 0.057168278843164444
0.10771667212247849, 0.04866911843419075
0.10557982325553894, 0.04323206841945648
0.17075115442276, 0.33466264605522156
0.14367584884166718, 0.24659264087677002
0.1339261829853058, 0.1987074613571167
0.12697334587574005, 0.16243702173233032
0.12281478941440582, 0.13351836800575256
0.12070279568433762, 0.10940169543027878
0.11800969392061234, 0.09023058414459229
0.11586689203977585, 0.07598938047885895
0.11620381474494934, 0.06443846225738525
0.11459711194038391, 0.05543408542871475
0.19605599343776703, 0.3139830231666565
0.1657460629940033, 0.20294998586177826
0.15395335853099823, 0.14444594085216522
0.1496390700340271, 0.10474039614200592
0.14776675403118134, 0.07874125242233276
0.14460676908493042, 0.06173554062843323
0.1422661393880844, 0.050295811146497726
0.14156633615493774, 0.04472101852297783
0.1409858912229538, 0.04157369211316109
0.14046312868595123, 0.03893474116921425
0.23246273398399353, 0.30903980135917664
0.19885332882404327, 0.1807093620300293
0.1881413757801056, 0.12032079696655273
0.18137510120868683, 0.0850423276424408
0.17936491966247559, 0.06739587336778641
0.17775988578796387, 0.05370647832751274
0.17371445894241333, 0.046824805438518524
0.1723756045103073, 0.042695291340351105
0.17073026299476624, 0.040656596422195435
0.1710890382528305, 0.03873704373836517
0.22781439125537872, 0.3112846910953522
0.19081448018550873, 0.16911500692367554
0.17950159311294556, 0.1086336001753807
0.17379571497440338, 0.07548881322145462
0.17008689045906067, 0.058253441005945206
0.16571281850337982, 0.052911750972270966
0.16439753770828247, 0.045746054500341415
0.16273483633995056, 0.041885267943143845
0.1620321273803711, 0.03900495544075966
0.15984484553337097, 0.038495708256959915
0.35325220227241516, 0.3078479766845703
0.33338645100593567, 0.17885977029800415
0.33684206008911133, 0.1250697374343872
0.3476395308971405, 0.09074815362691879
0.36021772027015686, 0.07275374978780746
0.3760148882865906, 0.061838965862989426
0.38850483298301697, 0.05690398067235947
0.4046754539012909, 0.05441506206989288
0.41859593987464905, 0.05423843488097191
0.4328201413154602, 0.052796535193920135
0.8425617814064026, 0.41226378083229065
0.8001061677932739, 0.27699753642082214
0.7782768607139587, 0.20767982304096222
0.7718374133110046, 0.15789794921875
0.7611269950866699, 0.11955881863832474
0.7500905394554138, 0.09596928209066391
0.7458817362785339, 0.08222226053476334
0.7445120811462402, 0.07300752401351929
0.7414067983627319, 0.06765678524971008
0.7370268106460571, 0.06347624957561493
