0.15688131749629974, 0.24228207767009735
0.14358340203762054, 0.18542706966400146
0.13786666095256805, 0.15243954956531525
0.13294754922389984, 0.12599216401576996
0.12841796875, 0.10387842357158661
0.12658555805683136, 0.08582848310470581
0.12380708754062653, 0.07179904729127884
0.12230892479419708, 0.06151340901851654
0.12028281390666962, 0.05315784737467766
0.12001638859510422, 0.04608765244483948
0.15154512226581573, 0.23967857658863068
0.1372334510087967, 0.17992961406707764
0.13150028884410858, 0.14468660950660706
0.12693150341510773, 0.11652692407369614
0.1238231435418129, 0.09371734410524368
0.12154779583215714, 0.076119065284729
0.11927087604999542, 0.06284375488758087
0.11801755428314209, 0.05239415913820267
0.116988904774189, 0.04373745247721672
0.11614842712879181, 0.03788956254720688
0.162358358502388, 0.23778656125068665
0.14895744621753693, 0.17801740765571594
0.14327052235603333, 0.14477123320102692
0.1390634924173355, 0.11835994571447372
0.13593651354312897, 0.09663423150777817
0.13425634801387787, 0.07894942164421082
0.13252314925193787, 0.06583646684885025
0.13115493953227997, 0.055804766714572906
0.13022227585315704, 0.04747684299945831
0.12957577407360077, 0.04136926308274269
0.2652319669723511, 0.32877546548843384
0.2466149479150772, 0.26630064845085144
0.23812441527843475, 0.22699004411697388
0.23038193583488464, 0.19166262447834015
0.22478924691677094, 0.16466817259788513
0.21846723556518555, 0.13535435497760773
0.216506227850914, 0.11528034508228302
0.2144523710012436, 0.10017187893390656
0.2123468816280365, 0.08705773949623108
0.2118174433708191, 0.07299309223890305
0.21824663877487183, 0.2924838960170746
0.20000851154327393, 0.23423795402050018
0.1906922459602356, 0.19320140779018402
0.18306931853294373, 0.16145984828472137
0.17636287212371826, 0.1325163096189499
0.1722053438425064, 0.11175914853811264
0.16838669776916504, 0.09209857136011124
0.16455255448818207, 0.0791090652346611
0.16129864752292633, 0.06593191623687744
0.16033047437667847, 0.05769159644842148
0.1654953509569168, 0.2571931779384613
0.1487819403409958, 0.1886788010597229
0.14158470928668976, 0.14874248206615448
0.13671626150608063, 0.11780709773302078
0.13314563035964966, 0.0939246267080307
0.1307700276374817, 0.07620157301425934
0.12865786254405975, 0.06309948116540909
0.12685082852840424, 0.05290108174085617
0.12534140050411224, 0.044750045984983444
0.1241760402917862, 0.0387553833425045
0.14397858083248138, 0.23061621189117432
0.1308583915233612, 0.17281663417816162
0.12565568089485168, 0.13996519148349762
0.12007790803909302, 0.11306441575288773
0.1182146742939949, 0.0909680500626564
0.11483996361494064, 0.07395831495523453
0.11298523843288422, 0.05984760448336601
0.11206681281328201, 0.04985611140727997
0.11054209619760513, 0.04222148656845093
0.10944966971874237, 0.03643718361854553
0.13940975069999695, 0.2406393438577652
0.12677665054798126, 0.1849755495786667
0.12084177881479263, 0.1512359380722046
0.11586398631334305, 0.12250659614801407
0.11289436370134354, 0.10047953575849533
0.11037608981132507, 0.08151958137750626
0.10855691879987717, 0.06795743107795715
0.10727507621049881, 0.05623055621981621
0.10604944080114365, 0.04710902273654938
0.10515082627534866, 0.03953596577048302
0.17785866558551788, 0.2762480080127716
0.16175426542758942, 0.2088489681482315
0.1545877903699875, 0.16619756817817688
0.1489974558353424, 0.1317375898361206
0.1458919495344162, 0.10532369464635849
0.143655464053154, 0.08542342483997345
0.1412162184715271, 0.06983502209186554
0.14019590616226196, 0.058154527097940445
0.1392684280872345, 0.04953823611140251
0.13848981261253357, 0.04248381033539772
0.21407973766326904, 0.2810954749584198
0.1941293329000473, 0.20486246049404144
0.18439283967018127, 0.1566823422908783
0.17819607257843018, 0.12151564657688141
0.17343178391456604, 0.09500668942928314
0.1704871952533722, 0.07609191536903381
0.1680029183626175, 0.06188105791807175
0.16591721773147583, 0.052027251571416855
0.16416729986667633, 0.04444603621959686
0.162197545170784, 0.03913494944572449
0.302171915769577, 0.3173690438270569
0.2759440839290619, 0.22494463622570038
0.26212218403816223, 0.16796140372753143
0.2555501163005829, 0.12555958330631256
0.2507532238960266, 0.09538837522268295
0.2475910484790802, 0.07525032013654709
0.24401748180389404, 0.062240976840257645
0.2406151443719864, 0.05336548015475273
0.23875859379768372, 0.048240240663290024
0.23814906179904938, 0.04503115639090538
0.22322890162467957, 0.2890087068080902
0.2036234736442566, 0.20917919278144836
0.19302056729793549, 0.16156286001205444
0.18545646965503693, 0.12544216215610504
0.18086591362953186, 0.0983433946967125
0.17667816579341888, 0.07864616811275482
0.1735379546880722, 0.06430406123399734
0.1710371971130371, 0.05385269224643707
0.16850546002388, 0.045898355543613434
0.16726230084896088, 0.04065721109509468
0.2208954095840454, 0.29174211621284485
0.20089265704154968, 0.21325872838497162
0.19140315055847168, 0.16496515274047852
0.1853666603565216, 0.12834757566452026
0.18120069801807404, 0.10185230523347855
0.18066878616809845, 0.08018698543310165
0.17855551838874817, 0.06590403616428375
0.17768044769763947, 0.054322801530361176
0.17674657702445984, 0.04635390639305115
0.1763625144958496, 0.04054119065403938
0.2999753952026367, 0.3234582245349884
0.2744603753089905, 0.2348639816045761
0.2588002681732178, 0.17334359884262085
0.2500307559967041, 0.13008873164653778
0.24340121448040009, 0.09879590570926666
0.23589007556438446, 0.07780304551124573
0.23278367519378662, 0.0631423220038414
0.2284345030784607, 0.05369725078344345
0.22440926730632782, 0.04703511670231819
0.22297948598861694, 0.044927068054676056
0.24549953639507294, 0.2930420935153961
0.2219018042087555, 0.20037280023097992
0.21358118951320648, 0.14689357578754425
0.2066670060157776, 0.10988090187311172
0.20329029858112335, 0.08416888862848282
0.20125536620616913, 0.06526024639606476
0.19802531599998474, 0.05358320474624634
0.19737406075000763, 0.04658668488264084
0.1967954784631729, 0.041960060596466064
0.19534307718276978, 0.03850508853793144
0.3199593722820282, 0.32649579644203186
0.29552391171455383, 0.24411964416503906
0.2802647054195404, 0.1892748922109604
0.2711744010448456, 0.14844514429569244
0.26385560631752014, 0.11768247187137604
0.25758665800094604, 0.09513493627309799
0.2558419406414032, 0.07847560197114944
0.25089484453201294, 0.0666300356388092
0.24814055860042572, 0.05815865471959114
0.24376632273197174, 0.05230788141489029
0.31289684772491455, 0.3780076205730438
0.28336670994758606, 0.28478100895881653
0.26664143800735474, 0.22275875508785248
0.25388103723526, 0.17472267150878906
0.24761438369750977, 0.13918915390968323
0.24052277207374573, 0.11065483838319778
0.23792555928230286, 0.09161897748708725
0.23288477957248688, 0.0758836567401886
0.22941258549690247, 0.06563421338796616
0.2260868400335312, 0.05697988346219063
0.2556222081184387, 0.3342950642108917
0.22995464503765106, 0.2460058033466339
0.21743053197860718, 0.18991488218307495
0.20841632783412933, 0.14817087352275848
0.20282061398029327, 0.11639068275690079
0.19828583300113678, 0.0950990542769432
0.19424231350421906, 0.07878446578979492
0.19095762073993683, 0.06669411063194275
0.18878789246082306, 0.055961091071367264
0.18681949377059937, 0.04900159686803818
0.22540122270584106, 0.2815673053264618
0.2048174887895584, 0.20407164096832275
0.19464844465255737, 0.15642818808555603
0.18786726891994476, 0.1214601919054985
0.18305377662181854, 0.0943351686000824
0.17903229594230652, 0.07553008943796158
0.17581960558891296, 0.06143680959939957
0.17360089719295502, 0.05134141072630882
0.17201869189739227, 0.04401363432407379
0.16950342059135437, 0.03935420885682106
0.20049792528152466, 0.2938731908798218
0.17722170054912567, 0.20260649919509888
0.16655641794204712, 0.147670179605484
0.16006194055080414, 0.10865532606840134
0.15557830035686493, 0.08157205581665039
0.15276840329170227, 0.06347106397151947
0.15039744973182678, 0.05121249333024025
0.14820508658885956, 0.04322093352675438
0.14704124629497528, 0.0378601998090744
0.14555056393146515, 0.03397417068481445
0.16424421966075897, 0.28204798698425293
0.14855030179023743, 0.2287857085466385
0.14025530219078064, 0.19343075156211853
0.1339966356754303, 0.16401934623718262
0.12921272218227386, 0.13972121477127075
0.12589123845100403, 0.11825916916131973
0.12235746532678604, 0.10027099400758743
0.1197514683008194, 0.08584504574537277
0.11786001920700073, 0.07444722205400467
0.11594363301992416, 0.06401947885751724
0.16114653646945953, 0.2861015200614929
0.1424257606267929, 0.2174956500530243
0.1336795836687088, 0.1740519404411316
0.1280285269021988, 0.1400526612997055
0.12366794794797897, 0.1131933331489563
0.12055933475494385, 0.09221543371677399
0.1181662455201149, 0.07554472237825394
0.11651749908924103, 0.06235640496015549
0.11526714265346527, 0.052336305379867554
0.11402235925197601, 0.04411157965660095
0.14833097159862518, 0.27473220229148865
0.13389161229133606, 0.22080197930335999
0.12658357620239258, 0.18496708571910858
0.12118657678365707, 0.1564193218946457
0.11725619435310364, 0.1311824917793274
0.1141214519739151, 0.11090833693742752
0.11165563017129898, 0.093602754175663
0.10981495678424835, 0.07966705411672592
0.10828959941864014, 0.06730575859546661
0.10664307326078415, 0.05788672715425491
0.13954481482505798, 0.25719547271728516
0.1251145452260971, 0.1977412849664688
0.11802460253238678, 0.1586431860923767
0.11280562728643417, 0.12742286920547485
0.10934420675039291, 0.1027083620429039
0.10630631446838379, 0.08358646929264069
0.10454756766557693, 0.06851951777935028
0.10299322009086609, 0.056636083871126175
0.10186208784580231, 0.04807652533054352
0.10069053620100021, 0.04119259491562843
0.15232928097248077, 0.2755022346973419
0.13824059069156647, 0.2238418608903885
0.1306859254837036, 0.1900828331708908
0.12579607963562012, 0.16139468550682068
0.12175524234771729, 0.13675916194915771
0.11844279617071152, 0.11645606905221939
0.11622840166091919, 0.09966933727264404
0.11385303735733032, 0.08562032878398895
0.11283472180366516, 0.07384320348501205
0.11151779443025589, 0.0634932890534401
0.14492715895175934, 0.25127682089805603
0.1323418766260147, 0.19973568618297577
0.1261451691389084, 0.16663940250873566
0.12128802388906479, 0.13921543955802917
0.1179375946521759, 0.11688108742237091
0.11515536159276962, 0.0981043204665184
0.11336543411016464, 0.08332236856222153
0.11166989803314209, 0.0704142153263092
0.11043862998485565, 0.05983291193842888
0.10926223546266556, 0.051995862275362015
0.1595556139945984, 0.2656692564487457
0.14541848003864288, 0.2100137323141098
0.13890932500362396, 0.17371700704097748
0.13410043716430664, 0.14489488303661346
0.13037970662117004, 0.12126466631889343
0.12704038619995117, 0.10235853493213654
0.1246483251452446, 0.08675870299339294
0.12291432172060013, 0.07412757724523544
0.1219884604215622, 0.0629151463508606
0.12047018855810165, 0.0539330318570137
0.15730763971805573, 0.2589670717716217
0.14243663847446442, 0.19442912936210632
0.13468098640441895, 0.15222518146038055
0.12994469702243805, 0.11990957707166672
0.12642745673656464, 0.0947718396782875
0.1240561306476593, 0.07612165808677673
0.1227400079369545, 0.061634212732315063
0.1211569756269455, 0.05129041522741318
0.11988921463489532, 0.043199241161346436
0.11935364454984665, 0.037274789065122604
0.1924946904182434, 0.2909407913684845
0.17240965366363525, 0.209825336933136
0.1626497507095337, 0.15995439887046814
0.15671423077583313, 0.12280608713626862
0.15294095873832703, 0.09487345069646835
0.15005500614643097, 0.07437630742788315
0.14810362458229065, 0.0592908076941967
0.14683859050273895, 0.04815644025802612
0.1456986367702484, 0.040455009788274765
0.14488735795021057, 0.03513079509139061
0.17362569272518158, 0.26591676473617554
0.15381738543510437, 0.18474557995796204
0.14497588574886322, 0.13963691890239716
0.13916459679603577, 0.10703622549772263
0.13487884402275085, 0.08323732763528824
0.13158950209617615, 0.06577926129102707
0.12891598045825958, 0.05290427803993225
0.12691730260849, 0.04451146349310875
0.12521561980247498, 0.03868205472826958
0.1238550916314125, 0.03636249154806137
0.16319258511066437, 0.233747661113739
0.14714883267879486, 0.15729886293411255
0.14059917628765106, 0.11607784777879715
0.13763952255249023, 0.08716174960136414
0.13524265587329865, 0.06773164123296738
0.1326335072517395, 0.053662195801734924
0.13160066306591034, 0.04390599951148033
0.13006113469600677, 0.03763919323682785
0.12903523445129395, 0.03391079604625702
0.12781189382076263, 0.032279372215270996
0.1680060625076294, 0.2547839879989624
0.14795222878456116, 0.16234154999256134
0.14025220274925232, 0.11292719841003418
0.1356005072593689, 0.08018318563699722
0.1327359527349472, 0.05920016020536423
0.13098253309726715, 0.04656779021024704
0.1290690153837204, 0.03869356960058212
0.12726624310016632, 0.033900074660778046
0.1259406954050064, 0.031002072617411613
0.1246420368552208, 0.029032189399003983
0.1466829627752304, 0.24995727837085724
0.12719038128852844, 0.1586364358663559
0.1197255328297615, 0.11069188266992569
0.11561558395624161, 0.07905241847038269
0.11273571848869324, 0.05772902071475983
0.11112738400697708, 0.04527302458882332
0.10988356173038483, 0.03741741552948952
0.10882188379764557, 0.03197578713297844
0.10859078168869019, 0.028696026653051376
0.10760045051574707, 0.025922853499650955
0.14649932086467743, 0.2567724287509918
0.1281704306602478, 0.17741969227790833
0.12019845843315125, 0.13038165867328644
0.11542628705501556, 0.09667320549488068
0.11231004446744919, 0.07318444550037384
0.10965140908956528, 0.05656309053301811
0.10797734558582306, 0.04509818181395531
0.10669580847024918, 0.03744901344180107
0.10559659451246262, 0.03219170495867729
0.10448598116636276, 0.02852577529847622
0.14862467348575592, 0.25154462456703186
0.13201014697551727, 0.17566721141338348
0.12493304163217545, 0.1305745393037796
0.12004160135984421, 0.09714947640895844
0.1170898973941803, 0.07308772206306458
0.11524249613285065, 0.05636627972126007
0.11384445428848267, 0.04516225680708885
0.11273441463708878, 0.03755234181880951
0.11192118376493454, 0.032651387155056
0.11095176637172699, 0.028657574206590652
0.17064790427684784, 0.2467648684978485
0.1517380326986313, 0.15599915385246277
0.14450472593307495, 0.10859089344739914
0.14078038930892944, 0.07772541791200638
0.1383257657289505, 0.05690080299973488
0.13685613870620728, 0.04401268810033798
0.1358170211315155, 0.03700236976146698
0.13512223958969116, 0.03248058259487152
0.1340758353471756, 0.029722444713115692
0.13327910006046295, 0.027738429605960846
0.2083030790090561, 0.27061858773231506
0.18521901965141296, 0.16665498912334442
0.17707473039627075, 0.11289266496896744
0.1727757304906845, 0.07892002910375595
0.1698232740163803, 0.058424562215805054
0.16740787029266357, 0.04674861207604408
0.16636726260185242, 0.04009813070297241
0.16526509821414948, 0.03567253425717354
0.1636834591627121, 0.03308270499110222
0.16261982917785645, 0.03142111748456955
0.20153875648975372, 0.28057196736335754
0.1771516352891922, 0.1742759346961975
0.16761329770088196, 0.11960464715957642
0.16231779754161835, 0.08540832996368408
0.15867288410663605, 0.06288885325193405
0.15507148206233978, 0.052073463797569275
0.15297594666481018, 0.041973087936639786
0.15123184025287628, 0.036292124539613724
0.14983558654785156, 0.032536379992961884
0.14886537194252014, 0.030039966106414795
0.1836393028497696, 0.2920561730861664
0.15645822882652283, 0.18232665956020355
0.14708355069160461, 0.125893697142601
0.14179062843322754, 0.08925314992666245
0.13845908641815186, 0.06644038110971451
0.13586926460266113, 0.05122705176472664
0.13391190767288208, 0.040801040828228
0.13246513903141022, 0.037105951458215714
0.13094013929367065, 0.03293751925230026
0.13002784550189972, 0.03005119413137436
0.25177836418151855, 0.29051846265792847
0.22410842776298523, 0.16309097409248352
0.21984319388866425, 0.10635313391685486
0.21939882636070251, 0.07332522422075272
0.22145940363407135, 0.055331699550151825
0.22427502274513245, 0.04546048119664192
0.22766081988811493, 0.040202923119068146
0.23173825442790985, 0.03694998100399971
0.23494350910186768, 0.03480062633752823
0.23938244581222534, 0.03344797343015671
