0.28879305720329285, 2.031885862350464
0.24132061004638672, 0.6018373370170593
0.2344495952129364, 0.45164957642555237
0.22987595200538635, 0.37964680790901184
0.22706590592861176, 0.35276055335998535
0.2224491685628891, 0.31171613931655884
0.2197030484676361, 0.2864840030670166
0.21710287034511566, 0.26321637630462646
0.2148074060678482, 0.24532978236675262
0.21255336701869965, 0.2383279949426651
0.49011218547821045, 1.3883713483810425
0.46432578563690186, 0.5285279750823975
0.4603261649608612, 0.4568418860435486
0.45587703585624695, 0.41916000843048096
0.4521041214466095, 0.37793877720832825
0.45075535774230957, 0.3627575933933258
0.44659051299095154, 0.34842443466186523
0.44022244215011597, 0.33265507221221924
0.4372119903564453, 0.31893616914749146
0.4350733160972595, 0.3061779737472534
0.35324496030807495, 1.436055302619934
0.33102986216545105, 0.462022989988327
0.32587456703186035, 0.34395959973335266
0.32333242893218994, 0.39538469910621643
0.3187059462070465, 0.3182419240474701
0.31875959038734436, 0.286690890789032
0.3190794587135315, 0.3046400547027588
0.31913894414901733, 0.2523465156555176
0.31848829984664917, 0.3146750330924988
0.31752997636795044, 0.24016070365905762
0.2575392723083496, 1.883954405784607
0.22212187945842743, 0.4293834865093231
0.22013603150844574, 0.278450608253479
0.21720607578754425, 0.2541387677192688
0.2202770709991455, 0.2526935935020447
0.21830441057682037, 0.23512277007102966
0.21866551041603088, 0.23364627361297607
0.2184055894613266, 0.22473441064357758
0.21910840272903442, 0.21978865563869476
0.2190437614917755, 0.21892821788787842
0.20027688145637512, 1.3182653188705444
0.1851775348186493, 0.5442304015159607
0.18026025593280792, 0.34310445189476013
0.17916010320186615, 0.28886306285858154
0.17798924446105957, 0.26512518525123596
0.17588363587856293, 0.2546978294849396
0.1724635362625122, 0.24899709224700928
0.17296847701072693, 0.2461918294429779
0.17069996893405914, 0.2382754683494568
0.16731858253479004, 0.22262722253799438
0.3111519515514374, 1.872296690940857
0.27187469601631165, 0.5507034659385681
0.2661690413951874, 0.46494993567466736
0.2626166045665741, 0.42892786860466003
0.26096513867378235, 0.39446505904197693
0.2578519582748413, 0.37235546112060547
0.25511792302131653, 0.3529791831970215
0.256197988986969, 0.33250749111175537
0.25979459285736084, 0.4075075685977936
0.2528524398803711, 0.39187389612197876
0.28032025694847107, 2.0189132690429688
0.23112335801124573, 0.5017709136009216
0.2257189154624939, 0.3199986219406128
0.22437164187431335, 0.27563339471817017
0.21936440467834473, 0.25163307785987854
0.21848924458026886, 0.250353068113327
0.21644186973571777, 0.221144899725914
0.2140302062034607, 0.21765510737895966
0.2110615223646164, 0.21845217049121857
0.21263989806175232, 0.20406532287597656
0.2903658151626587, 1.0961635112762451
0.2790977358818054, 0.39579132199287415
0.2760999798774719, 0.32000768184661865
0.27558189630508423, 0.309739351272583
0.2742432653903961, 0.2979885935783386
0.2726786434650421, 0.2848164141178131
0.2723775804042816, 0.26717516779899597
0.271418958902359, 0.2540659010410309
0.2713330388069153, 0.2490440309047699
0.2725650370121002, 0.23750336468219757
0.3650611639022827, 1.80597984790802
0.3272055387496948, 0.5874210000038147
0.3211864233016968, 0.44209107756614685
0.3175220787525177, 0.37902650237083435
0.3139677047729492, 0.34185630083084106
0.31123751401901245, 0.3758443295955658
0.31197044253349304, 0.3024418354034424
0.3090963065624237, 0.2740127742290497
0.30482006072998047, 0.26942285895347595
0.30536067485809326, 0.2616926431655884
0.38602012395858765, 1.9630143642425537
0.34400591254234314, 0.5546866655349731
0.3360110819339752, 0.4719589650630951
0.33068135380744934, 0.44658342003822327
0.32950371503829956, 0.419185996055603
0.32559674978256226, 0.3980206549167633
0.3235282301902771, 0.3835384249687195
0.319883793592453, 0.368022084236145
0.31615447998046875, 0.3551500141620636
0.3122937083244324, 0.34232956171035767
0.5051162838935852, 2.670663833618164
0.42954036593437195, 0.7465591430664062
0.41884827613830566, 0.6228143572807312
0.41151511669158936, 0.5685920119285583
0.4068881571292877, 0.5508014559745789
0.40033194422721863, 0.5283550024032593
0.3943035900592804, 0.4895647168159485
0.38803547620773315, 0.4598556458950043
0.3826500177383423, 0.47463327646255493
0.37849098443984985, 0.4367651641368866
0.34678858518600464, 1.8203248977661133
0.3122522234916687, 0.6489501595497131
0.30535921454429626, 0.4440658688545227
0.2988318204879761, 0.3962734043598175
0.2932440936565399, 0.34321945905685425
0.2904142141342163, 0.3074796497821808
0.2869976758956909, 0.2827536463737488
0.28381937742233276, 0.2579890489578247
0.28309136629104614, 0.25889721512794495
0.28089529275894165, 0.2462964951992035
0.3091549277305603, 2.3475747108459473
0.25468283891677856, 0.49469614028930664
0.2509365677833557, 0.4022734761238098
0.24983517825603485, 0.3644455671310425
0.24978338181972504, 0.33758464455604553
0.248138889670372, 0.31145867705345154
0.24744515120983124, 0.29753828048706055
0.24826651811599731, 0.28333455324172974
0.24657659232616425, 0.2766145169734955
0.24697288870811462, 0.2803366482257843
0.3736100196838379, 1.2530773878097534
0.3528836667537689, 0.5861349701881409
0.34652388095855713, 0.5230281352996826
0.33999431133270264, 0.4944075345993042
0.33221080899238586, 0.45986342430114746
0.325171560049057, 0.43358272314071655
0.3214873671531677, 0.41277217864990234
0.3166148066520691, 0.40415269136428833
0.31171536445617676, 0.38003623485565186
0.3056257963180542, 0.3695095479488373
0.5674025416374207, 2.4073519706726074
0.5005139112472534, 1.0534347295761108
0.48967158794403076, 0.7069039344787598
0.4800991415977478, 0.6183953881263733
0.4726797044277191, 0.573822557926178
0.4669035077095032, 0.5407120585441589
0.46911054849624634, 0.5208684206008911
0.46719205379486084, 0.5087891817092896
0.4592241644859314, 0.5608413815498352
0.45587632060050964, 0.49006959795951843
0.5321958065032959, 1.4249622821807861
0.5041633248329163, 0.5499671101570129
0.5002315044403076, 0.4036870300769806
0.4990696907043457, 0.3585996627807617
0.5007935762405396, 0.34116533398628235
0.4991341531276703, 0.338763028383255
0.49669504165649414, 0.3259830176830292
0.4953354001045227, 0.3159283697605133
0.4969353973865509, 0.32008135318756104
0.4955091178417206, 0.3146412670612335
0.2888416051864624, 2.067561388015747
0.24282090365886688, 0.587948739528656
0.23591473698616028, 0.44631698727607727
0.230942964553833, 0.40733563899993896
0.22475120425224304, 0.36357253789901733
0.22094041109085083, 0.34473204612731934
0.21734118461608887, 0.32667428255081177
0.21205568313598633, 0.3398936688899994
0.20938333868980408, 0.3259114921092987
0.2055310308933258, 0.3040276765823364
0.3705328106880188, 1.6275705099105835
0.3393690884113312, 0.5910055041313171
0.33452633023262024, 0.4782142639160156
0.32941511273384094, 0.4440848231315613
0.3297405242919922, 0.419562965631485
0.32544273138046265, 0.39642325043678284
0.3271048367023468, 0.40361177921295166
0.32363268733024597, 0.3730534613132477
0.3179856836795807, 0.3555290102958679
0.31800803542137146, 0.3454098403453827
0.37569350004196167, 2.206775665283203
0.3350623846054077, 1.2550352811813354
0.3233528137207031, 0.8871839642524719
0.3118683099746704, 0.654400646686554
0.3076458275318146, 0.5199639201164246
0.30555593967437744, 0.47267740964889526
0.29994818568229675, 0.4328288435935974
0.2973073422908783, 0.40617457032203674
0.29576602578163147, 0.373786062002182
0.2964208126068115, 0.36379745602607727
0.47787949442863464, 3.7693185806274414
0.3028483986854553, 1.2063896656036377
0.27932724356651306, 0.7003139853477478
0.2728281617164612, 0.5530179738998413
0.2648630142211914, 0.4770318865776062
0.2580391466617584, 0.4264521896839142
0.25406333804130554, 0.39029037952423096
0.25222542881965637, 0.3478185832500458
0.24787163734436035, 0.3339274525642395
0.24650269746780396, 0.3179226517677307
0.4039900600910187, 2.2334060668945312
0.34817320108413696, 0.9495799541473389
0.33541035652160645, 0.6851012110710144
0.3307703733444214, 0.6106668710708618
0.3276402950286865, 0.5511691570281982
0.3241746723651886, 0.5107069611549377
0.3229784667491913, 0.46783533692359924
0.3174734115600586, 0.43449366092681885
0.31356626749038696, 0.4211503863334656
0.31424030661582947, 0.38249367475509644
0.5099264979362488, 2.0702197551727295
0.45651301741600037, 0.8880537152290344
0.44445887207984924, 0.5798272490501404
0.43732404708862305, 0.45798593759536743
0.4348875880241394, 0.38260772824287415
0.4328051209449768, 0.33763614296913147
0.4307566285133362, 0.31155702471733093
0.4316653311252594, 0.28750184178352356
0.4343845248222351, 0.28040584921836853
0.438211053609848, 0.33714109659194946
