0.06768031418323517, 0.22934140264987946
0.0694834366440773, 0.18835167586803436
0.06918147206306458, 0.17828010022640228
0.06697137653827667, 0.1710151880979538
0.06885304301977158, 0.16751797497272491
0.06937078386545181, 0.15516622364521027
0.0674930140376091, 0.15554116666316986
0.06610020995140076, 0.16470134258270264
0.06656177341938019, 0.1514797806739807
0.06526324898004532, 0.15003669261932373
0.07164205610752106, 0.22437366843223572
0.07295625656843185, 0.19680900871753693
0.07104036211967468, 0.1962393820285797
0.07028843462467194, 0.1808207631111145
0.07045295834541321, 0.16868048906326294
0.07097980380058289, 0.17488713562488556
0.07162173092365265, 0.17654448747634888
0.07204388082027435, 0.16249200701713562
0.07344046235084534, 0.1649509072303772
0.0725221112370491, 0.17128828167915344
0.09432785212993622, 0.22265197336673737
0.09401329606771469, 0.1882641762495041
0.0947670191526413, 0.17884336411952972
0.0943947285413742, 0.17566309869289398
0.0938115045428276, 0.17371676862239838
0.09416329860687256, 0.17103083431720734
0.09460577368736267, 0.17089922726154327
0.09423356503248215, 0.17157599329948425
0.09374799579381943, 0.1776304394006729
0.09430411458015442, 0.1730741709470749
0.14864668250083923, 0.39579159021377563
0.1492924839258194, 0.2773563861846924
0.1518106460571289, 0.2604404389858246
0.15291759371757507, 0.2495565414428711
0.15324582159519196, 0.23465171456336975
0.15348273515701294, 0.23365752398967743
0.15647858381271362, 0.2518303096294403
0.15854862332344055, 0.25863346457481384
0.15827378630638123, 0.24343977868556976
0.159903883934021, 0.2509782612323761
0.24805879592895508, 0.41366440057754517
0.24504390358924866, 0.36438098549842834
0.24939444661140442, 0.35426121950149536
0.24908539652824402, 0.31784355640411377
0.24579384922981262, 0.32045185565948486
0.24728575348854065, 0.32490307092666626
0.24752676486968994, 0.3320784866809845
0.2455812394618988, 0.3520253598690033
0.24915319681167603, 0.361149400472641
0.2458024024963379, 0.3406018614768982
0.2993890941143036, 0.4045394957065582
0.29449576139450073, 0.3719118535518646
0.29063695669174194, 0.36618155241012573
0.284943163394928, 0.36897367238998413
0.282442182302475, 0.3685585558414459
0.27678439021110535, 0.3612765669822693
0.2730666995048523, 0.3539396822452545
0.2681995630264282, 0.35295480489730835
0.26354169845581055, 0.3461986184120178
0.2595975399017334, 0.3453141748905182
0.2594977021217346, 0.4196285009384155
0.24978217482566833, 0.34744518995285034
0.246206134557724, 0.338692843914032
0.24230444431304932, 0.3392057716846466
0.23630468547344208, 0.33088865876197815
0.23145270347595215, 0.33020564913749695
0.22840575873851776, 0.3182961642742157
0.22254782915115356, 0.3103872537612915
0.2185550034046173, 0.31048426032066345
0.2153509557247162, 0.3110552728176117
0.1993815153837204, 0.3816908299922943
0.1943824738264084, 0.2860168516635895
0.1907445788383484, 0.2696075439453125
0.1860727071762085, 0.26801663637161255
0.18187277019023895, 0.266860693693161
0.1785224974155426, 0.26854032278060913
0.17820724844932556, 0.2689865231513977
0.17402949929237366, 0.2518598139286041
0.170039564371109, 0.25260868668556213
0.16797678172588348, 0.2550637423992157
0.192670077085495, 0.3535170555114746
0.1895785629749298, 0.2804712951183319
0.18478791415691376, 0.26878947019577026
0.18641237914562225, 0.2616186738014221
0.18733710050582886, 0.2535760700702667
0.1856977343559265, 0.26098206639289856
0.18144701421260834, 0.2666565775871277
0.18378862738609314, 0.26261767745018005
0.17823265492916107, 0.2644931972026825
0.17900395393371582, 0.2652429938316345
0.18535351753234863, 0.34775763750076294
0.18134760856628418, 0.2903939485549927
0.17712146043777466, 0.276076078414917
0.17818979918956757, 0.28065013885498047
0.17089955508708954, 0.2820976972579956
0.16974306106567383, 0.27962443232536316
0.16486606001853943, 0.27747055888175964
0.16428087651729584, 0.27127858996391296
0.16147294640541077, 0.266379714012146
0.15793894231319427, 0.2682184875011444
0.15058502554893494, 0.28487780690193176
0.1470731943845749, 0.26197299361228943
0.1420307755470276, 0.25229835510253906
0.1385497748851776, 0.24577084183692932
0.13615724444389343, 0.23646646738052368
0.13170722126960754, 0.23058485984802246
0.13043047487735748, 0.22856959700584412
0.12446700781583786, 0.2300325334072113
0.11915075033903122, 0.21886634826660156
0.11805693805217743, 0.21961937844753265
0.09074874222278595, 0.21425706148147583
0.09039074182510376, 0.1979791820049286
0.08632691204547882, 0.18311713635921478
0.08615206182003021, 0.17932604253292084
0.08507593721151352, 0.1764552891254425
0.08276356756687164, 0.17545685172080994
0.08462037146091461, 0.18236297369003296
0.08048325777053833, 0.19040632247924805
0.07759854197502136, 0.18406647443771362
0.08137877285480499, 0.1644572615623474
0.08751710504293442, 0.23810440301895142
0.08670708537101746, 0.20877401530742645
0.08639588207006454, 0.1929190754890442
0.08614443242549896, 0.17894281446933746
0.0837969034910202, 0.17838305234909058
0.08268803358078003, 0.1726134568452835
0.08271977305412292, 0.17330776154994965
0.08243896812200546, 0.18219295144081116
0.08127059787511826, 0.181317538022995
0.08165985345840454, 0.18011699616909027
0.08596603572368622, 0.269634872674942
0.08347827196121216, 0.2106398046016693
0.08095329999923706, 0.17996202409267426
0.07930424064397812, 0.1743096262216568
0.07934266328811646, 0.16875502467155457
0.07839840650558472, 0.16020619869232178
0.07940486073493958, 0.16895240545272827
0.07736488431692123, 0.18498949706554413
0.07647163420915604, 0.17345166206359863
0.0750654935836792, 0.16974927484989166
0.08769337832927704, 0.243829607963562
0.08483603596687317, 0.19531449675559998
0.08704416453838348, 0.1774982213973999
0.0878189355134964, 0.17235524952411652
0.08854775130748749, 0.17154951393604279
0.087636798620224, 0.18238385021686554
0.08710354566574097, 0.20392954349517822
0.08708607405424118, 0.20926938951015472
0.0854242667555809, 0.19305075705051422
0.08591870963573456, 0.18356364965438843
0.11034759134054184, 0.26692092418670654
0.10865679383277893, 0.26921015977859497
0.10824722051620483, 0.2738592326641083
0.10736342519521713, 0.2358092963695526
0.10670806467533112, 0.23159655928611755
0.10490655899047852, 0.2273026555776596
0.10554167628288269, 0.22072909772396088
0.10322539508342743, 0.22114132344722748
0.1024664044380188, 0.22528788447380066
0.10083469748497009, 0.22775936126708984
0.09954895824193954, 0.2326315939426422
0.097662553191185, 0.21088597178459167
0.09441475570201874, 0.1930539608001709
0.09237156808376312, 0.19924727082252502
0.09418415278196335, 0.20216839015483856
0.09004589170217514, 0.188971146941185
0.08995755761861801, 0.1825568825006485
0.08708488941192627, 0.1843135803937912
0.08574056625366211, 0.18422450125217438
0.08412602543830872, 0.17376746237277985
0.09105583280324936, 0.22323037683963776
0.08978467434644699, 0.1824684590101242
0.09119042009115219, 0.17781691253185272
0.08687811344861984, 0.1957482546567917
0.0887255072593689, 0.20083577930927277
0.08489420264959335, 0.17969773709774017
0.08535812795162201, 0.17501339316368103
0.08316439390182495, 0.17289724946022034
0.08516371250152588, 0.17440375685691833
0.08702515810728073, 0.1694270521402359
0.08520292490720749, 0.22386279702186584
0.08387032151222229, 0.19664405286312103
0.08295558393001556, 0.1913752555847168
0.08317427337169647, 0.2025388777256012
0.08201304078102112, 0.19515034556388855
0.08124282956123352, 0.195628821849823
0.08007759600877762, 0.19185005128383636
0.07694151252508163, 0.19101102650165558
0.0758296325802803, 0.17777211964130402
0.07382285594940186, 0.17137491703033447
0.074326291680336, 0.20196762681007385
0.07377147674560547, 0.17702710628509521
0.07105176150798798, 0.16346876323223114
0.07186026871204376, 0.17558087408542633
0.06866579502820969, 0.17738540470600128
0.06802400946617126, 0.1557069718837738
0.06746762990951538, 0.14711345732212067
0.06602685898542404, 0.15831053256988525
0.06597798317670822, 0.16188089549541473
0.06647524982690811, 0.15159721672534943
0.05323676019906998, 0.19318193197250366
0.05212431401014328, 0.1655888706445694
0.05055925250053406, 0.15230178833007812
0.04991721361875534, 0.14888238906860352
0.04852460324764252, 0.13195744156837463
0.04903718829154968, 0.11542106419801712
0.04810094088315964, 0.1240248754620552
0.047012120485305786, 0.12815679609775543
0.04579924792051315, 0.11829311400651932
0.044623877853155136, 0.1253155618906021
0.05241907760500908, 0.2387375682592392
0.05421998351812363, 0.15622176229953766
0.05408506840467453, 0.12161404639482498
0.054464615881443024, 0.10889539867639542
0.05547657236456871, 0.12076085805892944
0.05531417578458786, 0.11393696814775467
0.058374300599098206, 0.1117936447262764
0.0595247820019722, 0.13219629228115082
0.0632532387971878, 0.1338331550359726
0.06140034645795822, 0.12281760573387146
0.11462259292602539, 0.309160977602005
0.11600260436534882, 0.23006801307201385
0.1210542544722557, 0.21356645226478577
0.1212909072637558, 0.20638418197631836
0.12397318333387375, 0.198250874876976
0.1244099959731102, 0.19077830016613007
0.12887027859687805, 0.19042594730854034
0.1253378689289093, 0.18881045281887054
0.13013410568237305, 0.19578585028648376
0.13064299523830414, 0.19725316762924194
0.22200095653533936, 0.3587084114551544
0.22058533132076263, 0.3336230218410492
0.21704447269439697, 0.341529905796051
0.2220771312713623, 0.34136107563972473
0.2192544937133789, 0.34787845611572266
0.22359012067317963, 0.33690449595451355
0.22637009620666504, 0.3595782220363617
0.22129087150096893, 0.330304890871048
0.22942392528057098, 0.31949368119239807
0.22866606712341309, 0.3245620131492615
0.3441227376461029, 0.45899567008018494
0.3349014222621918, 0.40427935123443604
0.3408747613430023, 0.3939405381679535
0.3374656140804291, 0.3847941756248474
0.33566126227378845, 0.3848212659358978
0.3317943811416626, 0.38275250792503357
0.31796205043792725, 0.3780101537704468
0.31576287746429443, 0.3850186765193939
0.3203773498535156, 0.3838864266872406
0.3136178255081177, 0.3723895251750946
0.33625277876853943, 0.5609199404716492
0.34348297119140625, 0.41270411014556885
0.3323560357093811, 0.3796512186527252
0.3247317373752594, 0.37806349992752075
0.3192448616027832, 0.38832369446754456
0.31918901205062866, 0.3791627585887909
0.3129597306251526, 0.37892061471939087
0.3063911199569702, 0.36789658665657043
0.30784982442855835, 0.40184783935546875
0.305964857339859, 0.38676896691322327
0.3357889652252197, 0.4365710914134979
0.33144301176071167, 0.3829971253871918
0.3286539316177368, 0.37223780155181885
0.3245593011379242, 0.362835168838501
0.3139418065547943, 0.3568851351737976
0.2989828288555145, 0.35108140110969543
0.30401402711868286, 0.34849444031715393
0.2990395426750183, 0.34222161769866943
0.2943897247314453, 0.3355186879634857
0.28248152136802673, 0.3371308147907257
0.29459333419799805, 0.37130206823349
0.29048067331314087, 0.34724533557891846
0.2855372130870819, 0.3350040316581726
0.28027981519699097, 0.34065157175064087
0.27389705181121826, 0.3296477794647217
0.27131205797195435, 0.32727062702178955
0.26449257135391235, 0.3230956196784973
0.2641938030719757, 0.3345932960510254
0.2550075948238373, 0.3326813280582428
0.24571733176708221, 0.3162597715854645
0.19685539603233337, 0.3176156282424927
0.18868409097194672, 0.29396164417266846
0.18473611772060394, 0.285748690366745
0.1829579770565033, 0.28834068775177
0.17453384399414062, 0.3043479025363922
0.16519054770469666, 0.27028942108154297
0.16292063891887665, 0.25383901596069336
0.15300816297531128, 0.24543409049510956
0.15026138722896576, 0.2420353889465332
0.14099213480949402, 0.2351466566324234
0.09168429672718048, 0.21980741620063782
0.08798438310623169, 0.17286072671413422
0.09115691483020782, 0.1716657429933548
0.08740054070949554, 0.1599661409854889
0.08381736278533936, 0.15126857161521912
0.08099658787250519, 0.1641205996274948
0.0844547301530838, 0.1667979508638382
0.08157851547002792, 0.17026659846305847
0.07853783667087555, 0.171243816614151
0.08118930459022522, 0.16876563429832458
0.08298847079277039, 0.18038731813430786
0.08004627376794815, 0.15701372921466827
0.0826801136136055, 0.16078594326972961
0.08244120329618454, 0.1646791696548462
0.08255485445261002, 0.15311704576015472
0.08179330080747604, 0.1557427942752838
0.0816124677658081, 0.15163494646549225
0.08020012080669403, 0.1564989537000656
0.081984743475914, 0.1774837225675583
0.08153905719518661, 0.20536018908023834
0.10607840865850449, 0.291000097990036
0.10735141485929489, 0.26829957962036133
0.10854385793209076, 0.25138476490974426
0.10958138108253479, 0.2522342801094055
0.10749735683202744, 0.2288578301668167
0.1111326664686203, 0.20473460853099823
0.10982747375965118, 0.19340880215168
0.10881069302558899, 0.1929502934217453
0.10818668454885483, 0.197121724486351
0.11037518829107285, 0.20647387206554413
0.1551157534122467, 0.29749733209609985
0.15384802222251892, 0.2749541997909546
0.15426915884017944, 0.2642807066440582
0.15556511282920837, 0.24857695400714874
0.15648429095745087, 0.24329793453216553
0.15671996772289276, 0.24649514257907867
0.15872374176979065, 0.251705527305603
0.15802761912345886, 0.24876199662685394
0.16063301265239716, 0.2590482831001282
0.16194984316825867, 0.2616623342037201
0.20525705814361572, 0.3717859387397766
0.19967085123062134, 0.3540234863758087
0.19453684985637665, 0.3370794951915741
0.1920984387397766, 0.31241077184677124
0.18756496906280518, 0.3229968249797821
0.18431907892227173, 0.3620101809501648
0.17833039164543152, 0.33755165338516235
0.17398643493652344, 0.3101697564125061
0.1719164103269577, 0.2953305244445801
0.1675618588924408, 0.2812671363353729
0.13299021124839783, 0.3296182453632355
0.12480069696903229, 0.2885083854198456
0.12402795255184174, 0.25633808970451355
0.12082521617412567, 0.23821932077407837
0.11234436929225922, 0.22758328914642334
0.11446001380681992, 0.23462288081645966
0.11265672743320465, 0.2327006459236145
0.10937914252281189, 0.22672021389007568
0.1067005842924118, 0.22510956227779388
0.09797048568725586, 0.2114545702934265
0.08053481578826904, 0.21846126019954681
0.0743551105260849, 0.19549500942230225
0.07774361222982407, 0.19133952260017395
0.07347828149795532, 0.17077142000198364
0.07052430510520935, 0.15288811922073364
0.06861117482185364, 0.15005852282047272
0.06644486635923386, 0.14529606699943542
0.06593245267868042, 0.14983831346035004
0.06277939677238464, 0.13470132648944855
0.062456391751766205, 0.13657577335834503
0.05562419444322586, 0.18696428835391998
0.05702749639749527, 0.17868462204933167
0.055582623928785324, 0.18233813345432281
0.05476098880171776, 0.16501185297966003
0.05568460747599602, 0.15316377580165863
0.054360531270504, 0.14042198657989502
0.05552811175584793, 0.14334096014499664
0.05709957331418991, 0.1491316258907318
0.057105690240859985, 0.14518575370311737
0.05727194994688034, 0.14982645213603973
0.0775790736079216, 0.2021021842956543
0.0776495486497879, 0.1969214677810669
0.07594980299472809, 0.20423011481761932
0.07845181226730347, 0.204950749874115
0.07669399678707123, 0.2151275873184204
0.07500648498535156, 0.230672225356102
0.07598923146724701, 0.26609498262405396
0.07259397208690643, 0.30754539370536804
0.07320103049278259, 0.34045884013175964
0.07591386139392853, 0.38899102807044983
0.09610989689826965, 0.22974245250225067
0.09637448191642761, 0.23553530871868134
0.09552997350692749, 0.2501288056373596
0.09677841514348984, 0.261801540851593
0.0965932235121727, 0.2764606177806854
0.0957937091588974, 0.2839730978012085
0.09635617583990097, 0.28078562021255493
0.0977291688323021, 0.2802966833114624
0.09830926358699799, 0.296093612909317
0.09675757586956024, 0.30798622965812683
0.11905251443386078, 0.20573142170906067
0.11927216500043869, 0.20497463643550873
0.12457837909460068, 0.20061534643173218
0.12054586410522461, 0.1936023086309433
0.12789054214954376, 0.20420905947685242
0.12242134660482407, 0.2199772596359253
0.1230933666229248, 0.2073315680027008
0.12866522371768951, 0.20009425282478333
0.12397311627864838, 0.21902573108673096
0.13179607689380646, 0.23833484947681427
0.17026500403881073, 0.30512362718582153
0.16713640093803406, 0.29440581798553467
0.16828203201293945, 0.32784372568130493
0.16310454905033112, 0.33124762773513794
0.1625223606824875, 0.3414080739021301
0.16375671327114105, 0.4011440873146057
0.16280300915241241, 0.40788733959198
0.15947352349758148, 0.42200252413749695
0.156912162899971, 0.44571956992149353
0.15648019313812256, 0.46502184867858887
0.15189716219902039, 0.2782365679740906
0.14982961118221283, 0.28880396485328674
0.14855067431926727, 0.31894779205322266
0.1467432677745819, 0.3649238348007202
0.14612677693367004, 0.3891630172729492
0.14291146397590637, 0.3986417055130005
0.13850396871566772, 0.4243679642677307
0.1377042829990387, 0.47140049934387207
0.1366998702287674, 0.5018888115882874
0.13528956472873688, 0.5164278149604797
0.11957348883152008, 0.2139488011598587
0.12087340652942657, 0.2050463855266571
0.11502291262149811, 0.1993672400712967
0.11474457383155823, 0.20171751081943512
0.1127939224243164, 0.1971566081047058
0.10718415677547455, 0.19873259961605072
0.1051577627658844, 0.1903182715177536
0.1031053215265274, 0.18817715346813202
0.10179334133863449, 0.1876428872346878
0.09982530772686005, 0.18425004184246063
0.10736703872680664, 0.2538071572780609
0.10821083188056946, 0.21610616147518158
0.10719013214111328, 0.220396488904953
0.10787491500377655, 0.22393225133419037
0.10737790167331696, 0.22794191539287567
0.10678639262914658, 0.2413582056760788
0.10773009061813354, 0.25205788016319275
0.10731091350317001, 0.26409584283828735
0.10779031366109848, 0.240933358669281
0.10690830647945404, 0.23284214735031128
