21.36854385244853, 21.654254948370742, 21.775570556278964, 22.470391928328283, 23.086557573160203, 23.809133440872902, 24.280064036915935, 24.8297854799159, 25.137419318397438, 25.329160134847005, 0.15033411979675293, 0.054154809564352036
16.335306969187673, 16.3567400552864, 16.719754400170494, 17.34168622824342, 17.74663586909068, 18.0009469207087, 19.668768077408036, 19.686919323967846, 21.210824263593242, 21.22221582321213, 0.09334719181060791, 0.09159369766712189
8.038063898970151, 8.253996316772568, 8.700911525792275, 9.648689553270161, 9.7845325550907, 10.224424421248264, 10.229840931469317, 10.31186309376392, 10.55013447781587, 10.569678376691806, 0.2704125940799713, 0.22193320095539093
21.3622415598265, 23.640629725785796, 23.91078506489176, 25.765663022937556, 26.092098297482423, 26.49336197544536, 26.82202439553254, 26.94693809569886, 27.054006972316618, 27.277962453965767, 0.092516228556633, 0.059573639184236526
25.63258278217593, 27.97769311004539, 28.219767477458294, 28.321998882779287, 28.32993003366154, 28.76582868991427, 29.042196914536767, 29.218286500911066, 29.81110329435273, 29.985240615251335, 0.08478131890296936, 0.10488545894622803
24.98925209666616, 25.786396153062956, 25.97734999688768, 26.534786079615678, 26.568364775589462, 27.10274677102548, 27.20782556372514, 27.71304032407362, 27.972323908867775, 28.22072282693567, 0.08559248596429825, 0.12960462272167206
9.272615755060134, 9.29041992293027, 9.820155263043482, 10.194515969045314, 11.042235439742894, 11.379302177142856, 12.559005626584364, 12.858910509147629, 13.057406521330398, 13.449841304208615, 0.19233518838882446, 0.16010478138923645
9.107968965935788, 9.690342664574297, 9.798516189422774, 9.880247136644098, 9.907478077951827, 10.009027388909066, 10.036732764250331, 10.069059782450617, 10.255338280947846, 10.297418326928101, 0.4133246839046478, 0.1548091024160385
19.368596645081325, 19.894450136537397, 19.912168144792293, 19.956901867075988, 19.981213577543432, 20.072536605054843, 20.203459948242973, 20.294650105936288, 20.356378940491396, 20.39790438210161, 0.1650218516588211, 0.03321247547864914
19.944961010195886, 20.36319494388032, 20.490425513968045, 20.547094217633877, 20.567290210751505, 20.580219803070957, 20.72397636906285, 20.91438639264292, 20.949488197140962, 20.969727480575255, 0.3099549412727356, 0.07300396263599396
15.256912957536816, 15.539170059229782, 15.623484393199519, 15.662346542816413, 15.732678092673767, 16.42179219002487, 16.525499171925944, 16.54225787506132, 16.560358874077878, 16.581310211228118, 0.6254596710205078, 0.20434163510799408
7.721792799456721, 7.965124148749396, 8.687489662374075, 9.049428021602083, 9.60944890927214, 10.36672782055157, 10.585463134060442, 11.432432494490266, 11.480907629085713, 11.7144591393566, 0.4955913722515106, 0.38416504859924316
26.211020906876648, 26.555236595264354, 27.804677323219224, 28.68504221541392, 28.80926179016933, 29.36344800915569, 29.50666479820948, 30.111772163917568, 30.87189742054768, 31.472870578562624, 0.1410336047410965, 0.06194806843996048
28.913841933754735, 29.80642944589833, 29.94971326981247, 30.54921558336116, 31.114356421164793, 32.50447091951577, 33.151038355096055, 33.677010448449614, 34.02805292947098, 34.17624676070558, 0.07593295723199844, 0.06245284900069237
27.060562619072048, 27.79836201113406, 28.18778749199202, 28.28157282604993, 28.443761164988604, 30.319609003275193, 31.361436417115563, 31.820465892371363, 32.172911515244365, 32.55040904056703, 0.10275358706712723, 0.07233523577451706
8.443379770800476, 8.721732720349081, 8.853507159956862, 9.261351697326791, 10.15296794003384, 10.240654431080754, 10.388775876453426, 10.505547560120943, 11.183494567154414, 11.850156172417433, 0.16222400963306427, 0.11069899052381516
6.9231400285884215, 6.965024300147266, 7.2959468757395145, 7.606081530829428, 7.702438024665053, 7.966977564836005, 8.124516557095486, 8.303323071400047, 8.48013671309339, 8.544005039415515, 0.1916768103837967, 0.0611397810280323
11.696931889473186, 11.952439189339872, 12.090293443093312, 12.182183342397256, 12.466332233263895, 12.733082656704282, 12.889735524875771, 12.902599784072713, 12.932009399048836, 13.23346033976047, 0.1857030987739563, 0.04638608917593956
11.803203388653927, 12.081399074255485, 12.159612304044407, 12.32414762188129, 12.636987651777982, 12.76239954475468, 12.822782907067777, 12.872565660471674, 13.109016028264328, 13.144372171441894, 0.39885425567626953, 0.13085521757602692
8.379350525338776, 8.491189811926478, 8.961170524925384, 9.496754897430886, 9.500594899462044, 9.512446527770484, 9.539809806085962, 9.6435463302935, 9.916730270418459, 9.959957233206307, 0.3165891766548157, 0.2720453143119812
9.096825122918055, 9.443253798476142, 9.722222929018912, 10.027264392529426, 10.049045743914181, 10.086462538138115, 10.110633239363974, 10.220687678327998, 10.305276290978679, 10.401606547343826, 0.2448420524597168, 0.40150004625320435
22.004671553015317, 22.101667278019107, 22.500442339493294, 22.798545924184662, 22.96472152829024, 24.291672211625993, 24.694402160590382, 25.391227203039893, 26.05196205376936, 26.25269300762527, 0.09651065617799759, 0.1141568198800087
24.544179792348096, 24.981115461502686, 25.77392936458231, 26.290237007848063, 26.84301066474008, 26.876919968648977, 27.80795113606438, 28.013174839787528, 29.17587998906837, 30.768116816821596, 0.14385968446731567, 0.06978638470172882
23.13047199149084, 23.42106725329791, 23.878932352418698, 24.567972459685592, 24.698274763806747, 25.14043101365772, 25.344088681023404, 26.544953060976106, 27.455759601033545, 28.46154200074334, 0.18024910986423492, 0.1520145684480667
10.3391437005282, 10.84878075471981, 11.184044175238803, 11.764480605740705, 11.933473199632262, 11.985779485972463, 12.013398737845092, 12.028314812956484, 12.357684897325584, 12.579146071457032, 0.2690815031528473, 0.10297016054391861
13.082029224685485, 13.261141984335826, 13.786061514884103, 13.938375763082098, 14.274521913041642, 14.491882577884242, 14.62828164879429, 15.081808331445703, 15.308488901038238, 15.317331120154808, 0.2890683114528656, 0.1342921257019043
20.025861906337905, 20.292156754376087, 21.357109081524893, 21.42725191753914, 22.660720241207112, 23.37474331658972, 23.42363170898665, 23.489840914703255, 24.006290010712284, 24.231793981049105, 0.08783670514822006, 0.10718486458063126
20.082940408509383, 20.194452804542916, 20.818478894480414, 21.855505302905268, 21.966917204648272, 22.998707363823314, 23.37344795426708, 23.51152003235879, 23.570970402098155, 24.26082111026042, 0.10306177288293839, 0.1075827106833458
12.982912297288127, 12.999750278899144, 13.0367678204461, 13.581420292076409, 13.620939299886974, 13.676303411745096, 13.69088707485715, 13.711558454185354, 14.51083679915746, 14.953343346389428, 0.08501274138689041, 0.10531605780124664
5.541168965153092, 5.5608469303783945, 5.577055175292942, 5.77000850827898, 5.802764187434916, 6.186779442677687, 6.355643617367015, 6.767988562967369, 6.814469642067754, 6.949650114919174, 0.1146339550614357, 0.17848536372184753
12.748908414486548, 12.776445364093371, 12.881268475758516, 12.921937639365519, 13.020550244503605, 13.093093299537912, 13.116135536927372, 13.218365187629884, 13.232044926220615, 13.24022893429043, 0.1570884883403778, 0.08442611992359161
14.487602605274484, 14.604669316236988, 15.229186376104753, 15.245537583156256, 15.619502872979476, 15.637359337853015, 15.696416643895017, 15.874215838763376, 16.097140214729862, 16.329427631865535, 0.21105138957500458, 0.2925751507282257
13.39273559458887, 13.414323653822441, 13.814915279146428, 14.046745957099636, 14.19610701801081, 14.341974606312384, 14.479088006873294, 14.773352131294356, 14.969249890535494, 15.113985040030661, 0.3132975697517395, 0.33985471725463867
6.126994742338426, 6.262816324785572, 6.304459483972631, 6.479071151664874, 6.843356865602109, 6.846896956203454, 6.881273475824995, 6.917426066902383, 7.017279808481863, 7.049633876310352, 0.4018353819847107, 0.2963445782661438
16.376106235536383, 16.462666169845903, 17.576305386038776, 17.586524928500314, 17.935827440793705, 18.116280575940525, 18.619334074310203, 18.689703649963846, 18.744604433387817, 18.827497666821017, 0.5398976802825928, 0.1565745323896408
25.594304559688933, 26.270503954514048, 26.417089234519633, 27.17151229604829, 27.18549014902901, 27.31073465132186, 28.628026506866455, 28.677209507620713, 28.881150541791524, 29.093659348919196, 0.12793700397014618, 0.07823595404624939
25.537990850644462, 26.586494144367528, 26.729805902922184, 27.02952174547426, 27.301564780373514, 27.460987611203585, 28.664882631938703, 28.816008131036376, 29.11695712594841, 29.247679218787198, 0.11187634617090225, 0.07818755507469177
17.352361664770417, 18.001482723772625, 18.716495713543548, 19.288536718001097, 19.67333626750081, 20.151142989762516, 20.154572590952256, 20.16071730670322, 21.08925176675402, 21.29724964355336, 0.293903112411499, 0.0844661146402359
4.285324392655297, 4.423213719851444, 4.818449160738228, 4.893503888545876, 5.691847290902584, 6.0918795497112725, 6.3659611859131715, 6.366662605175294, 6.387015959917316, 6.418317660143164, 0.25816357135772705, 0.1651248335838318
22.137345466695265, 23.940734870388724, 24.218069793231265, 24.755696373398518, 25.099350642013356, 25.76192486787059, 25.917123627355927, 25.986519343647778, 26.322019550336506, 26.405021187649247, 0.2088608741760254, 0.0862671360373497
28.431464766520946, 28.86087521223701, 29.22048403721074, 29.27696922576442, 29.625205783118183, 30.109378360066138, 30.39405988110806, 30.77771023095047, 31.576267723467893, 31.72273625915134, 0.1935964971780777, 0.19448378682136536
27.972203881887985, 28.508863630180564, 28.787956421018055, 28.8633757809426, 29.094584793667227, 29.60999487332421, 29.701078686569165, 30.01998304392486, 30.039882614224442, 30.321997190068622, 0.2310442477464676, 0.49468299746513367
13.457641670971617, 13.467612846609526, 13.495511396028121, 13.639819765261784, 13.82967705402452, 13.948670489415358, 13.993823791446077, 14.005854591774742, 14.164239411609662, 14.197649579337716, 0.2813273072242737, 0.20056061446666718
14.9635291247643, 15.124815753342421, 15.310862387377602, 15.500722844406132, 15.555586238412866, 15.631064239076647, 16.136670167548726, 16.168823314917578, 16.40705327740417, 16.939591390161326, 0.1244116872549057, 0.28503671288490295
28.15471711542467, 28.805935736797817, 29.55642086264584, 29.67236530295735, 29.81496924034005, 29.833720736223032, 30.02091407149333, 30.035256048832277, 30.41209604171783, 30.580653250803582, 0.0978996753692627, 0.08065787702798843
29.12931520513864, 29.34558138392117, 29.976828521691072, 30.283137633915135, 30.32806177082154, 30.56917220093289, 30.646565667162797, 30.770264635062247, 30.797852677076975, 31.110508923021605, 0.07913000136613846, 0.09740417450666428
19.584487840252574, 20.14107494191815, 20.44479185790189, 20.577632128073155, 20.70576101268822, 20.70622805499021, 21.15836749409029, 21.52393236294078, 21.66249500801971, 22.088295002197366, 0.22827620804309845, 0.065700463950634
3.9617485461326174, 4.135205804918811, 4.188182414390554, 4.269883301724853, 4.443844246553684, 4.622393500923176, 4.93014263775702, 5.147280066029839, 5.24361291407881, 5.49647628100956, 0.108126200735569, 0.14020860195159912
7.991311793672209, 9.073919986904148, 9.717753737508469, 10.508504185513216, 10.619543756883733, 11.040634841340236, 11.08944973676798, 11.802422158614519, 11.903151556953777, 11.941772163279403, 0.05064038932323456, 0.057764437049627304
8.632082043110074, 9.675632509375397, 10.703832908880756, 12.209447080070733, 12.232294189829982, 12.607879917876122, 12.893410241598666, 12.90403014670035, 13.128958025648542, 13.46910366396727, 0.05397334322333336, 0.23815809190273285
8.015857970852725, 8.848426495723686, 10.387833543582511, 11.889454869942943, 11.889872646028302, 12.062314999485446, 12.27775199906736, 12.567055607444958, 12.905787756934501, 13.118695900734327, 0.0665307268500328, 0.38250407576560974
4.277711562631418, 4.876194451574139, 4.983691095142915, 5.578450664506457, 5.66656235010652, 5.875864831255843, 6.0979099490699, 6.161972903427319, 6.19008660336851, 6.290091242367717, 0.1471094787120819, 0.41074153780937195
9.234583381432456, 9.319146193216833, 9.509594859109125, 9.720323724139005, 10.024812341275972, 10.181325247255351, 10.324007537386844, 10.380697367387851, 10.480383166645144, 10.565461478108368, 0.2876735031604767, 0.04927258938550949
18.339986442367604, 18.63140536985099, 18.659008738376194, 18.696395749555393, 18.70309781648813, 18.79426258714125, 18.929278105799018, 18.97606366390467, 19.10023754541811, 19.288905080530593, 0.17447011172771454, 0.11189530044794083
18.454622677561414, 18.748620561858964, 18.788548901973495, 18.80626678578408, 18.809470022799303, 18.91902774913894, 19.04618262695489, 19.0608928040958, 19.25228942392129, 19.398731321670624, 0.18442073464393616, 0.2665376663208008
11.81396984530246, 12.1392912187801, 12.39701404567918, 13.018691682590292, 13.398289144555177, 13.443270107905068, 13.477989732131325, 13.502235043144756, 13.621092613875229, 14.059686133015436, 0.13880078494548798, 0.06337037682533264
2.7687142611183697, 2.822808646328096, 2.8860666133085986, 2.9245534800716153, 3.043267305254492, 3.1255152957511965, 3.1595581146268485, 3.327884817930418, 3.3455144353215234, 3.3567085612474683, 0.2619393765926361, 0.1274116486310959
9.43804353275687, 9.690125435202823, 9.888413809939946, 10.274687887639685, 10.56973335049202, 11.02535255148289, 11.127713086675756, 11.55866831771452, 11.844663687168596, 11.986180689550473, 0.23465558886528015, 0.2613007426261902
12.900856573421073, 13.17569967826632, 13.463593830830359, 14.037307646558666, 14.179653940697236, 14.1997900563915, 14.221036971904708, 14.308246625202019, 14.603988393554038, 14.852653506322401, 0.060825493186712265, 0.044011425226926804
12.671057428674425, 12.908923072414831, 13.266153620002248, 13.741421039840498, 13.846313368372085, 13.972224387335277, 14.070430441276482, 14.144565264972409, 14.473673865125061, 14.494903727781047, 0.07543088495731354, 0.06240714713931084
4.6491965426614765, 4.984773591221074, 5.096160286107255, 5.100592579554525, 5.309092764876333, 5.542503706001054, 5.718955129737498, 5.740978212193721, 5.818758277729511, 6.237860079472072, 0.22084669768810272, 0.1692427098751068
9.195712288177937, 9.223897582089407, 9.26751518779027, 9.276007406246432, 9.389301614921726, 9.54160483862503, 9.624403618163857, 9.627761751670073, 9.692768842598312, 9.728250950611105, 0.16661347448825836, 0.26070457696914673
15.266471406057377, 15.944989922828947, 15.972802268637507, 16.89833544689566, 17.3929421166643, 17.53331294160875, 17.791783118607214, 18.028743373248332, 18.055925181277463, 18.143127442711407, 0.028734683990478516, 0.1638958901166916
15.495555678247888, 16.14559874250703, 16.255696007380294, 17.105171091497663, 17.671051055979618, 17.76859372130736, 18.09331496459924, 18.279498988380382, 18.338547884149545, 18.353769008768335, 0.12817737460136414, 0.1014748215675354
12.50743242176321, 12.652235469019146, 12.722145017489941, 13.098930330302032, 13.144719991917825, 13.222612619716203, 13.26790606255582, 13.428424569360113, 13.738429551407622, 13.872867894234993, 0.13367606699466705, 0.11945655196905136
5.019901434678817, 5.0235102295383935, 5.081007906676186, 5.234759808684688, 5.2879993311928315, 5.347531633218343, 5.461418352677557, 5.516017898074887, 5.582984275064537, 5.650434273794649, 0.11596719175577164, 0.1887451857328415
22.058900469145687, 22.445792958806916, 22.81604892032765, 22.98284610343708, 23.08268199570522, 23.394334468355662, 23.554907870771782, 23.63823091901057, 23.711755625124578, 24.007688033200083, 0.08612857013940811, 0.1806577444076538
23.67742885429247, 23.829212977741975, 24.28731513616044, 24.76172225759984, 24.929614644353936, 24.99372523305091, 25.262771664057656, 25.283901427607983, 25.373016501542313, 25.451488348991077, 0.13132619857788086, 0.09274328500032425
22.27863857962966, 23.36646496739699, 23.72162840561248, 23.72263705763747, 24.055355637871475, 24.610482427364463, 24.70020348668675, 24.78705518068046, 24.87750907884762, 25.033130545658956, 0.16482661664485931, 0.10148413479328156
7.130147203072163, 7.432891432491547, 7.570128356020784, 7.660457709413946, 7.752436258183475, 7.866615405862042, 7.884562213873571, 7.9773070843296265, 8.05427077564729, 8.11265915401737, 0.5679524540901184, 0.16829951107501984
14.701863288667598, 15.88282158075849, 16.10770554094036, 16.255316033479367, 16.259297926202432, 17.659462720643944, 18.28064878644121, 18.356625358061496, 18.38734918770036, 18.908307131996498, 0.27366018295288086, 0.10113298147916794
27.703975214096673, 27.832810211285718, 27.967770168608784, 28.085734252790612, 28.345661385818186, 28.545884480739176, 28.89036948852361, 29.4040651682313, 29.46697784814833, 29.679382214697917, 0.0664745569229126, 0.09132730215787888
27.94638247666109, 28.140481690179627, 28.348765516956732, 28.528303953934646, 28.67647683495729, 29.083327357643434, 29.430794118498792, 29.97986067380122, 30.048647428448145, 30.116236181929015, 0.22137390077114105, 0.11865234375
19.86318783213003, 19.996391116191127, 20.0505803558746, 20.11979750421815, 21.025709652687357, 21.241351351798293, 21.285928662051273, 21.664735492578167, 21.784306550031864, 21.828776850401724, 0.18011347949504852, 0.13156603276729584
4.6909261495620225, 4.821908725715203, 5.356726903931838, 5.86661874866065, 6.311835123843225, 6.322583571534055, 6.52118589056671, 6.696051934342624, 6.81361335977801, 7.104575458273982, 0.6406717300415039, 0.2868354320526123
16.758084070454924, 16.987313632666798, 17.76142457269811, 18.032325698642552, 18.85057064042587, 19.798564294428793, 20.03596414487804, 21.99469689648516, 22.254196289770892, 23.672937130477195, 0.17925040423870087, 0.09113648533821106
21.120716637698724, 21.30012019891528, 21.90240259745519, 22.31501782369096, 23.833581090382648, 24.265225707401843, 25.662305168691894, 26.475011711955045, 27.093491945161677, 27.29211491370032, 0.24478302896022797, 0.10512415319681168
20.865578091869466, 20.949899922248377, 21.580899071932475, 21.635999956484902, 23.097227403476914, 23.325288363401526, 24.764120269004678, 24.862872326227517, 26.152860000488168, 26.161142226434382, 0.3543902039527893, 0.15452487766742706
9.530996213823117, 9.574348777212252, 9.760582572241024, 9.88740229299603, 10.21341175274804, 10.237268321105581, 10.306701139118806, 10.404649584652358, 10.744515525049554, 10.761446689713985, 0.30788326263427734, 0.3553735613822937
7.960803215242104, 8.043059879246616, 8.723583920169101, 8.980062431494552, 10.206087694642342, 10.848921327212278, 11.977544842840505, 12.949628089035777, 13.83514365732669, 14.070307211182495, 0.49025923013687134, 0.14238999783992767
11.338344405242855, 11.743262511403346, 12.214445873673998, 13.211297018546333, 14.092482205945856, 15.33175911511753, 16.579137182621754, 17.885581346575254, 19.63708354207261, 20.72534509408328, 0.08394249528646469, 0.05306098982691765
11.524453495349837, 11.767798645717455, 12.581716478019352, 13.173238082585783, 14.598307422965727, 15.337644479337603, 17.163386150218116, 18.021351931864956, 20.237806513152055, 21.053710212657702, 0.1628088653087616, 0.2005864381790161
5.585288546394135, 5.918483716789619, 6.749013570719818, 7.559588808401138, 8.81180762214962, 9.765383242633105, 11.355077779893701, 12.214468687579801, 14.172714050854788, 14.68328160107039, 0.2719942033290863, 0.19967113435268402
3.160322613000079, 3.216033693594525, 4.651228991037012, 4.695054592511825, 6.701409129261297, 6.731706444262557, 7.112493954419447, 7.296857427954188, 7.402105231567408, 7.7331037418968815, 0.34078550338745117, 0.25252214074134827
5.342605389509768, 5.92694200966272, 6.772172287083931, 8.03632750549084, 9.402630608701978, 10.767454570309985, 11.65453824043342, 11.674757992851584, 12.422141433802809, 12.556564744087838, 0.11209376901388168, 0.0591854453086853
5.923838486824351, 6.261820362027138, 8.016644309085999, 8.7528862133634, 11.268418584657569, 12.117992715620337, 13.264814240979474, 13.357972795421158, 14.088888962728966, 14.327709010768398, 0.10709567368030548, 0.11424139887094498
5.137378914886372, 5.383880920173324, 6.879160823439176, 7.514439305353319, 9.55017008878408, 10.444640141000065, 10.892800212552645, 11.09632238207115, 11.640303551511812, 12.34164019857848, 0.19393014907836914, 0.14988870918750763
2.233131142116466, 2.4235088197109933, 3.047452819588356, 3.2443342322144946, 3.48941706294, 3.5158733334640053, 4.977225267875518, 5.071533595128765, 5.444527918818501, 5.605547841591947, 0.1973426789045334, 0.3464885950088501
5.181375534900433, 5.482046501638962, 6.0658894417705955, 6.720098519142541, 7.0390225162314675, 7.40703766940876, 7.549023940034751, 7.742437732351888, 7.938901058560263, 8.282879187883808, 0.3389090299606323, 0.14662906527519226
10.641934818413736, 10.647947642071234, 11.01809333678701, 11.341800154781808, 11.748701085712831, 11.776331397448939, 11.788302831451364, 12.580309328331925, 12.665048921804742, 13.011271741831173, 0.14020101726055145, 0.06622830778360367
10.666957231233344, 10.702288017796375, 11.20114767803465, 11.744181763495448, 11.779129620193636, 11.821956602576412, 11.972016356391304, 13.007594231928234, 13.17740728180374, 13.252386916898667, 0.13132624328136444, 0.16564719378948212
6.10338322008562, 6.5579070701426, 6.642186898994308, 6.655459754742319, 6.731166007559579, 6.814070781290482, 7.189525193206653, 7.2609112556670885, 7.30863370167667, 7.919119081644005, 0.4086124002933502, 0.17371508479118347
3.624252371796541, 3.6384506319291323, 4.143629832908297, 4.190900583433396, 4.640201709241154, 4.8757170574083695, 4.943817829404855, 4.991958531733592, 5.029863059598684, 5.041184930997398, 0.682366669178009, 0.1838415563106537
9.578588400230363, 9.70829036645664, 9.9583002963423, 10.132318580323542, 10.302961544729769, 10.659053846593515, 10.955920984144292, 11.543330449974928, 11.65630325432153, 12.521075504647406, 0.2257155328989029, 0.08230724185705185
11.070763695352086, 11.547142383824982, 11.839414860057412, 12.081597117905517, 12.230963208874497, 12.324611968401552, 13.110356451277456, 13.984973409903503, 14.461087626547313, 15.133377944185078, 0.16131074726581573, 0.09615757316350937
10.686929147204824, 11.271058625203265, 11.62671916070309, 11.640304566631412, 11.75750866014761, 11.831416923125248, 12.819450373542113, 13.153773930900305, 13.938128558188401, 14.366754469672518, 0.21725532412528992, 0.15928499400615692
5.627442387750115, 5.872894619841358, 6.147617110281996, 6.220259361337346, 6.254372580859946, 6.416181971260656, 6.50860252886035, 6.591335665051699, 6.768853336635571, 7.029176782077159, 0.39289554953575134, 0.3987159729003906
4.685702540371101, 4.803269097029388, 5.257757205775593, 5.301441159762811, 5.366616297227582, 5.518943818886078, 5.670582094717854, 5.924088966273377, 5.984820330372839, 6.2232748313796895, 0.2896808385848999, 0.22403664886951447
7.523280020025654, 7.867665212323773, 8.556380040448577, 9.144151656192859, 9.162179919667121, 9.53314061280271, 10.1301589343749, 10.601019020128152, 10.645990873790241, 10.952333755883911, 0.12179194390773773, 0.0756506696343422
7.657843111452078, 7.907339877858055, 8.848175784839038, 9.25213316648194, 9.39759475201758, 9.560920326265984, 10.645054228124303, 10.808730638695945, 10.991829757330782, 11.079506615893793, 0.4743153154850006, 0.1719314604997635
4.3692901409393246, 4.970177691654805, 5.310641966107461, 6.240221806794747, 6.5840390890225375, 6.624780801023842, 6.68604165735863, 6.742267030275203, 6.95063380619196, 7.026425024482618, 0.7172975540161133, 0.2539704442024231
5.7777514380111725, 5.827776157634815, 6.279001945882251, 6.422829696990375, 7.209031717186415, 7.2243096523510015, 7.24738404589858, 7.25523905878978, 7.289142974627028, 7.4158358751810765, 0.5391317009925842, 0.5140849351882935
18.934911640618914, 18.995213683314564, 19.03066931398449, 19.21740439290307, 19.27699238300972, 19.545958169408493, 19.565144157585607, 19.59790128804524, 19.660413089534224, 19.734745956953606, 0.6840476989746094, 0.5630462169647217
21.200197704816535, 21.28278899648875, 21.381432669039672, 21.549002472391212, 21.72325450563298, 21.73955515424019, 21.797193722904304, 21.820377618887033, 21.943563395844883, 22.045404341459918, 0.15977324545383453, 0.5236750841140747
18.165025063134028, 18.261642718152807, 18.418682245366004, 18.643612458057742, 18.92078250451212, 19.269884683332847, 19.695039190658722, 20.191698807330166, 20.652320384409276, 20.653234090804666, 0.2824062705039978, 0.2445261925458908
7.766787736771431, 7.8163011075061535, 7.837495691815153, 8.007221504932035, 8.068046974977252, 8.289977386992197, 8.516026107216463, 8.611325280100102, 8.948539527776322, 9.163708721798777, 0.5600001215934753, 0.1535821110010147
8.81910113505545, 8.970189407723936, 9.256427150788713, 9.612486802446286, 10.168433041003869, 10.644116881629227, 11.444530103000409, 11.58800742434344, 11.777062890886887, 11.783527584265096, 0.35878127813339233, 0.09636818617582321
15.569995372925145, 15.603770448883887, 16.0425329008977, 16.12840339042671, 17.06057379697846, 17.145663788517496, 17.160477091222475, 17.459817520552505, 17.6385752695907, 18.275620560029388, 0.09672573953866959, 0.09641918540000916
15.595363661797643, 15.604689566030958, 16.08043108725028, 16.089397741226175, 17.017465407514234, 17.149538398429467, 17.191541075156316, 17.494598145067034, 17.67039423050686, 18.26953583557082, 0.09948829561471939, 0.14635014533996582
11.46811201483771, 11.556226165297472, 11.717133127779155, 11.959636348515334, 12.37134519897208, 12.382504234080722, 12.595869213832342, 12.600992580198643, 13.001708568966217, 13.336881771790974, 0.18723152577877045, 0.42403632402420044
2.7703364537644095, 3.0348562822019454, 3.2082568831027327, 3.3144988895328473, 3.3661210969691524, 3.3690902516398378, 3.4226786690708906, 3.4832180010463305, 4.258834603654202, 4.408421824594664, 0.4170747995376587, 0.5117484331130981
5.876212224519836, 6.215132309398922, 6.886778860772961, 6.966771558965122, 7.670105730342706, 7.68324606557501, 7.751288674283187, 8.725174251672588, 9.499943980209913, 9.575328729060823, 0.1990409642457962, 0.08329440653324127
7.070190766131901, 7.841734400176943, 8.031815345422588, 8.361555020298109, 9.112351609558296, 9.34561672295788, 9.921500425059705, 10.057382961666493, 11.08916313851238, 11.504275057852833, 0.12107767164707184, 0.11439978331327438
6.621110952015894, 7.127461472448063, 7.606155374031711, 7.9990212625416355, 8.623868813990095, 8.630317439766182, 8.87267122551315, 9.627887844665565, 10.356472771645175, 10.666822679432046, 0.1501433402299881, 0.22403278946876526
3.9765994867142704, 4.236527235686504, 4.420498117712809, 4.610039666379098, 4.63985193618798, 4.79339141757855, 4.814850655680799, 5.174442777649572, 5.23547154328092, 5.350168753007992, 0.41667237877845764, 0.31606143712997437
3.501559606637979, 3.551515380480892, 3.9080964255312653, 4.22267177802429, 4.800977476946942, 4.922883459427882, 5.162128052807949, 5.746983155653575, 5.7792505596185535, 5.905088649777982, 0.3377482295036316, 0.10592587292194366
4.87733705358244, 5.76362473897362, 6.21846116005143, 7.524655872137052, 7.836339684586786, 8.234538190212687, 8.302567935284275, 8.336348078530133, 8.425612777392388, 8.783221578844659, 0.12562939524650574, 0.09606872498989105
4.93122970195301, 5.6219066060709455, 6.546727562025107, 7.549798074487338, 7.95404389298743, 8.057811235613901, 8.294026465539952, 8.421769758971664, 8.44978389329775, 9.173149506561769, 0.205157071352005, 0.12382014840841293
3.0134327588834724, 3.5186902535408477, 4.5438098686210635, 4.94869870720812, 5.073554755627217, 5.547000603137426, 6.095892697304444, 6.7732693722837585, 6.7924426593058325, 6.938346410388259, 0.20550084114074707, 0.3375563621520996
4.378445651201392, 4.428009107527209, 4.599477138006069, 4.637574606785692, 4.767931138582735, 4.911795717232103, 5.003511778353588, 5.040088555616562, 5.204367190402412, 5.25870073891422, 0.6713180541992188, 0.48748984932899475
11.775487664295737, 11.837915772688165, 12.220637069219661, 12.658715009385583, 13.65818733293629, 14.15309583446473, 14.91593564543191, 15.604629357709413, 15.847511198403675, 16.291006115158723, 0.25770100951194763, 0.06162012740969658
13.36880862365717, 13.59013429164947, 13.653622531508356, 14.340968442186204, 16.308473726508442, 16.854304170172174, 17.298779364961373, 18.444636183230333, 18.698985762650846, 18.76845919528366, 0.09168621152639389, 0.08889106661081314
12.688655189998578, 12.808967190873897, 13.019577168923544, 13.734978186636548, 15.609209937300864, 15.802466400703937, 16.4246165752927, 17.594503457516947, 17.644811890131965, 17.845927331932913, 0.18272638320922852, 0.14801815152168274
5.122527194185392, 5.432810568505237, 6.382035675658736, 6.806133221184007, 7.12781067560828, 7.243494415742321, 7.406990289642982, 7.455498364868092, 7.50071000126395, 7.520710989440351, 0.22578971087932587, 0.13849441707134247
10.199114284749156, 10.319582541510904, 10.32452095082418, 10.329359338301698, 10.442484769998794, 10.497315881395574, 10.607662117914343, 10.679731092807002, 10.859346524073647, 10.87535702721465, 0.22542354464530945, 0.2161862701177597
15.757329598538492, 16.768915189499367, 16.9453459546392, 17.000453851200373, 17.101030422995088, 17.13727753169905, 17.393720073637432, 17.39653663832913, 17.44945872245853, 17.751485846872015, 0.09654828161001205, 0.08726076036691666
15.79252718026759, 16.85188652074072, 17.285978495147216, 17.318513963760832, 17.371515260131545, 17.449564058402174, 17.461783874180696, 17.474795189568397, 17.752425632309162, 17.866499100720986, 0.06110101193189621, 0.11770416796207428
11.701262580380396, 12.519843288638745, 13.270672324329034, 13.346791957685102, 13.559359077373346, 13.659753266743289, 13.664559183776147, 13.703467958295667, 13.719113621591937, 13.739460021853935, 0.3341275453567505, 0.12701411545276642
2.317499669314659, 2.4405480363336274, 2.931987092641012, 2.9776463590179163, 3.7582137454560405, 3.8049519522220328, 4.590115531129098, 4.5909281129596735, 4.768145218160153, 4.796002731948005, 0.15069805085659027, 0.19280631840229034
6.944398961672932, 6.987509409732129, 7.045166118292031, 7.119840939909214, 7.211200370408069, 7.477894575786625, 7.609165171004697, 8.073176130382631, 8.224844750134674, 8.80747016141022, 0.09387391060590744, 0.3276098668575287
7.900651701744997, 7.954361778897777, 8.002296416213605, 8.137568816993356, 8.206391568038063, 8.592689555223778, 8.612226555327556, 9.139835452777444, 9.398689513690082, 9.965015380993606, 0.07379226386547089, 0.14195594191551208
7.6139089936303606, 7.6493175897202486, 7.700982507200689, 7.789229667971329, 7.984591622590584, 8.040878771220603, 8.279737915258092, 8.47281844656463, 8.881354286445822, 9.175122154953401, 0.3318480849266052, 0.38428816199302673
3.8077699590367136, 3.8138692094103024, 4.003892782657969, 4.007890585161517, 4.289531812102197, 4.3331881420460325, 4.667972689748459, 4.781313336374123, 5.091244478163495, 5.3378039112219415, 0.45230409502983093, 0.4455542266368866
5.493749243899803, 5.5387673810391025, 5.8166212190135616, 5.949629135567558, 6.014934895600302, 6.114557886075642, 6.230278590833019, 6.774977449522283, 6.785798677419957, 6.794720041303868, 0.9458518624305725, 0.24938753247261047
14.37572261294026, 14.544105306032764, 14.605253338591107, 14.613268456954708, 14.729530700812742, 14.78101520268625, 14.990331856549304, 15.500175930559777, 15.566985157936164, 15.658536051171037, 0.11922632157802582, 0.044220220297575
14.913405130883644, 14.926843113080816, 14.943725093025346, 15.46620266817767, 15.636677725719194, 16.63329226979105, 16.68749299696804, 16.754689841706895, 16.75963464204269, 16.798274350654747, 0.06856490671634674, 0.14753209054470062
10.518397584560496, 10.58448437552236, 11.030451272365452, 11.633926809906455, 12.366217989524644, 12.376706622211374, 12.68015632714199, 12.686366961929103, 12.837869602490828, 12.970328860721184, 0.09390856325626373, 0.18047574162483215
2.333061869741081, 2.400895169000404, 2.4630635413001363, 2.7053276573244607, 2.7824587223219823, 3.2117841020097324, 3.2207946531048206, 3.7649116279208594, 3.871797378812679, 4.055848217943937, 0.2630462050437927, 0.42111286520957947
13.526773506050091, 13.859633053365314, 14.015815264316437, 14.075079999886308, 14.53874228523903, 14.60990475547972, 14.771912700123956, 14.837886061124495, 15.038643350299798, 15.253032631903094, 0.1264875829219818, 0.17357419431209564
16.963906363682195, 17.5186092059104, 17.581930991188326, 17.68748795536455, 17.813023504699753, 17.892909936366543, 18.18072533852868, 18.49159989543707, 18.49487163965414, 18.60409811775817, 0.14194466173648834, 0.03437303379178047
16.853675460604016, 17.39817832076068, 17.48526571371311, 17.65079787602558, 17.757362910815527, 17.850516049567755, 18.147519732936612, 18.280241701063623, 18.41779905139869, 18.433294257933117, 0.10966064035892487, 0.17517398297786713
7.448596176559276, 7.512328350781011, 7.644699381737234, 7.842551649440775, 7.862478873383551, 7.933120180648977, 7.947660734883231, 7.95396436673715, 8.05520876729038, 8.07253518988876, 0.1267450600862503, 0.09496773034334183
9.972257560922515, 10.720764523749942, 11.279857507313757, 12.073876027982127, 12.219493899914351, 12.234821079198948, 12.436866352969174, 12.784386562915746, 13.08263076263558, 13.171827286354286, 0.32324740290641785, 0.509175717830658
16.18492051796707, 17.333663845775188, 19.25739966883372, 19.266184786277748, 19.58077463213531, 19.98603642019488, 20.35403824438286, 20.42748476412554, 20.63402906384724, 20.78351135658812, 0.2285451889038086, 0.040927160531282425
16.414113730272177, 17.6870404919041, 19.360234534865373, 19.558480426394265, 19.909368372236152, 20.02251723902831, 20.547471743029856, 20.669405259153656, 20.76412195793953, 21.212826985500687, 0.10373479872941971, 0.1057659387588501
13.04176804027976, 14.071910291994339, 14.35799824519971, 14.84063769699617, 15.011162561649158, 15.094526134681177, 15.13738734117109, 15.164976456845435, 15.326337731592552, 15.410495473980415, 0.2893048822879791, 0.15812234580516815
4.318475698088591, 4.548977946939288, 4.916362567773719, 5.558982917914573, 5.6038311791178055, 5.933942771389444, 5.966581145668301, 5.987539239919814, 6.07813692063612, 6.094780882685627, 0.423693984746933, 0.42921003699302673
14.144633002797892, 14.51629143532501, 15.174484326375472, 15.206849745203517, 15.370327299770953, 15.51905635995402, 15.87174097964275, 15.97203545898444, 16.395839732106225, 17.060646040682332, 0.06755059957504272, 0.15609745681285858
15.179413272160184, 16.254123480666046, 16.80181607352091, 18.28436209905818, 18.769943984206584, 18.83015672390087, 18.93523396561703, 19.194365689467446, 19.353609415595614, 19.474698213920878, 0.0750957503914833, 0.085446797311306
14.147279048916639, 15.374510025622522, 15.64425551875743, 16.967477842076928, 17.91639592354649, 18.028775825208722, 18.415406243389526, 18.470746459227428, 18.516391705696844, 18.627292166500194, 0.0782962217926979, 0.16576604545116425
5.8920434961752175, 5.928090783394251, 5.966164125351675, 6.091943039798085, 6.256579091364174, 6.451390897828285, 6.713657890902268, 6.779202449221508, 6.7911633612134175, 6.843607212952675, 0.13961608707904816, 0.15513662993907928
8.893149262945489, 8.935254221599036, 9.059507115201072, 9.307925467186683, 9.330271919772546, 9.703875468759508, 9.717518366304002, 9.725948938281993, 9.791975337287234, 9.973535547368103, 0.33437448740005493, 0.2703533470630646
13.091031945508584, 13.811134531837347, 14.004398813213895, 14.032848483708976, 14.179879523353415, 14.296843239941762, 14.535587192947718, 15.04272836872545, 15.196761077984664, 15.310808941993931, 0.09587960690259933, 0.05600527673959732
13.095432433009126, 13.75121021214196, 13.9693346280089, 14.021320327895475, 14.195515067014021, 14.311710054984918, 14.45123957325435, 15.090904046288502, 15.193549701606079, 15.193670914753092, 0.1134619191288948, 0.15503589808940887
8.777303777980242, 10.189772136542176, 10.20489698391664, 10.207478335013768, 10.31119657558286, 10.461175894920077, 10.67662306907524, 10.689652802779964, 10.725321248773856, 10.846845986165551, 0.2023696005344391, 0.17822231352329254
2.91876680863066, 3.0207263636058213, 3.1889762099686387, 3.627189569114543, 3.6453056576642613, 3.6536919911969146, 3.7278087284314663, 3.7904717481100243, 4.043533036503968, 4.3672228859581805, 0.24191924929618835, 0.4343889355659485
9.61874337761125, 9.889610068992814, 10.474591841015032, 10.61468590358348, 11.540171627898744, 12.327578946762726, 13.058904529490214, 13.915836722631143, 14.061500736817546, 14.292928856191603, 0.19266033172607422, 0.22941191494464874
11.365649356787099, 11.86311368192847, 12.157462145429234, 13.179416399328442, 13.371822403258749, 14.655495583061903, 15.134717264017196, 16.507970709815236, 16.968904261766358, 17.31177784829915, 0.10306337475776672, 0.05566060170531273
10.919183858169507, 11.259795834729688, 11.807738114026005, 12.626298343182851, 12.834484972806942, 14.207716532727437, 14.274026211413526, 15.893279095420771, 16.038845937774727, 16.67615175968283, 0.14737264811992645, 0.06434019654989243
5.1995738774719396, 5.316973255585907, 5.6163784697409405, 6.07222524285531, 6.56751930661045, 6.889691475246196, 7.08834445839022, 7.318510295329764, 7.918315025377874, 7.980119173374021, 0.2054654210805893, 0.12188354879617691
6.4383007576977604, 6.477039117843314, 6.864033341947687, 7.4000111321659805, 8.025526339126081, 8.854434415627368, 9.034188931690943, 9.04482317551336, 9.304072960373624, 9.840300652847217, 0.3793269693851471, 0.26810726523399353
11.858328380888656, 12.11501628540774, 12.609869191378708, 13.352866182352663, 14.130766932980967, 14.919008268959542, 15.808263243239603, 16.545636816848003, 16.756292559571047, 16.803249017484603, 0.10168219357728958, 0.058287363499403
11.913452479847507, 12.253539239707827, 12.632431813677114, 13.576944216579149, 14.169761039212137, 15.209245109805554, 15.916168946077212, 16.789295057090033, 16.962201276519984, 17.07267621858612, 0.2578895390033722, 0.0993313193321228
8.827992069215954, 9.018616176282908, 9.34139488715512, 9.78153862296663, 10.428611491334806, 10.943219953147574, 10.960316698840217, 11.216504303317713, 11.526989423752278, 11.54346908044976, 0.24180717766284943, 0.08279740065336227
2.184013291879631, 2.7185295741981137, 2.814864805980366, 3.458145415216618, 3.770279312525477, 3.9589822241345605, 4.042703421030969, 4.204963961469076, 4.6530238128743795, 4.916790881286903, 0.5776197910308838, 0.225448876619339
3.98749374363222, 4.68379975256032, 5.026171860605913, 6.530210054963559, 7.121514513969101, 8.781230281296509, 9.1668020215827, 9.381195561031978, 9.63331936119714, 9.81968556481458, 0.09590718150138855, 0.07902481406927109
4.0711148854649295, 5.198194809374417, 5.3556245102331514, 7.739095075361007, 7.921480507943051, 10.722985867284708, 10.821812896783436, 10.875365915328167, 11.132655261129965, 11.312851516211389, 0.15176457166671753, 0.10367696732282639
3.5408376793360357, 4.527652424373744, 4.758466776130012, 6.75617533850675, 7.12924849663856, 9.333834335863877, 9.860210578522912, 10.10101382476259, 10.216967744980709, 10.695284443008237, 0.2682527005672455, 0.11075305938720703
0.8923077555163907, 1.4962994392923779, 2.600631031888983, 3.111537366882606, 3.2298542833802983, 3.5218760229959343, 3.7076605020205835, 4.48843925027362, 4.5515162951345625, 4.702215466492933, 0.43443918228149414, 0.210298091173172
8.913666310858016, 9.056879656417854, 9.646853571921845, 10.006144926603312, 10.12720042596988, 10.298187522211613, 10.719828627858497, 10.934722704946285, 11.174121446667291, 11.515048609805085, 0.41479524970054626, 0.22773686051368713
14.472170856841222, 14.858287670182536, 15.164073615000738, 15.44695313768263, 15.470648737869393, 15.901338277044417, 16.107326955786597, 16.152379166971812, 16.157664855822475, 16.162373744582485, 0.06530920416116714, 0.09896952658891678
14.490098500436318, 14.867618225898948, 15.189890346724885, 15.435880836878756, 15.505345746103139, 15.940879020144198, 16.08983180091125, 16.11032904534292, 16.142165904496203, 16.180580952006633, 0.11608372628688812, 0.11167488247156143
9.356296587587748, 9.81908131702615, 9.885813441850114, 10.201531332741984, 10.21825341300787, 10.500141343760538, 10.502223195916116, 10.62007575132992, 10.637668387354832, 10.761124303549666, 0.1890474110841751, 0.12317848205566406
2.8271387538888284, 2.975244302852315, 3.12608698970888, 3.456578229280788, 3.8263271672631753, 4.184887945764967, 4.777122631572341, 4.968361103655396, 5.751602191892864, 5.758522407921483, 0.5545745491981506, 0.24039654433727264
10.922675407520282, 10.953182562273646, 10.982239772923041, 11.055357785956568, 11.427217070041893, 11.487518484263841, 11.599416693838792, 11.944419252319786, 12.016360911099893, 12.667270870843776, 0.39211609959602356, 0.18217262625694275
12.838065268963108, 12.998765587306622, 13.323642186505, 13.865612305044937, 14.01471043695588, 15.484073062229653, 15.692382459640603, 17.248316255208458, 17.533464846354015, 18.163721940487473, 0.06864260882139206, 0.06019416078925133
12.504854826211192, 12.710045997174412, 12.955444691531337, 13.605497943261996, 13.619506351211411, 15.246122620959838, 15.274522836406266, 17.026938295814645, 17.106489954703136, 17.922531881633127, 0.04397159814834595, 0.13564430177211761
4.968134546315278, 4.984682911808253, 5.2138646692153285, 5.389292826038468, 5.558886573992365, 5.573618525930613, 5.638783621866991, 6.083179759210073, 6.1744761698012445, 6.194552059610612, 0.09718767553567886, 0.2651667594909668
4.337731595961578, 4.3593606842455594, 4.6221842583264365, 4.638575995279839, 4.96986430028792, 5.272262738651893, 5.336426739645228, 5.649422015727362, 5.971532358471336, 5.991438853636088, 0.28136929869651794, 0.16018429398536682
13.016383972475374, 13.130577402162823, 13.15917893791119, 13.220341434793475, 13.222213820339848, 13.241615513190256, 13.247120573055176, 13.28410555916475, 13.29255572752628, 13.34590873619112, 0.07114412635564804, 0.09267143160104752
13.182846736406354, 13.256081176478736, 13.258363663096805, 13.26974280216293, 13.277144035143083, 13.284082992507413, 13.319485549997964, 13.330997646073646, 13.363041100323834, 13.38111438717188, 0.041634973138570786, 0.10737829655408859
5.386343435049282, 5.438565354103984, 5.480861117543048, 5.671484115587954, 5.699940236864668, 5.891389844985529, 5.989376994772301, 6.292459521083688, 6.299719189335732, 6.6168928283336435, 0.2647694945335388, 0.12860700488090515
0.6592014150863801, 0.7930179412184121, 0.957913333539075, 1.1799264809973027, 1.4359762179739815, 1.4956258593101082, 1.5729339101698774, 1.6308102175329173, 1.6634788585515756, 1.815411732393244, 0.22421680390834808, 0.0957806259393692
5.028621827185519, 5.082597711507147, 5.18809576561674, 5.239804596487091, 5.432344065199177, 5.518528963815328, 5.754348102902224, 5.875291813094683, 6.153667517798428, 6.314073434893094, 0.35758936405181885, 0.06615063548088074
6.088841382919698, 6.108863805063258, 6.183306091390047, 6.351610350692387, 6.402199415515478, 6.691110026274371, 6.736802481502136, 7.100623507312998, 7.130617813881664, 7.619606484038344, 0.08583146333694458, 0.04913919419050217
5.7863062497240465, 5.788122467403615, 5.894948657572855, 5.918919214068408, 6.1772594636549565, 6.209182064609597, 6.474653017100231, 6.595631857996413, 6.953424446878441, 7.056587626949025, 0.19304592907428741, 0.06088662147521973
1.4632164102913168, 1.4676700125327895, 1.7261945324572803, 1.8325250427259399, 2.174154366341414, 2.325099872478272, 2.7549961532977907, 2.784209256164391, 2.7855205464369606, 2.8472116026016656, 0.32372426986694336, 0.1104029044508934
1.956919602508832, 1.9941160458344724, 3.548529654041902, 3.568899955197586, 3.845032271894789, 3.9810131115691507, 4.796785262378012, 4.94051118651655, 5.032130041861292, 5.323837891426446, 0.24627569317817688, 0.22119663655757904
4.154402099658422, 4.288574143150192, 5.907348370944947, 6.234157884115764, 6.6360990145750325, 6.803157237699959, 7.943719209979184, 8.286029465699675, 8.396928010424745, 8.858285703130438, 0.1426239311695099, 0.06865902245044708
4.286757385310524, 4.310031555472433, 6.227681917208303, 6.26258325309055, 6.7749087697579915, 6.812188293177411, 8.281436849864763, 8.283196916620826, 8.88409757742174, 8.94020971114828, 0.17197924852371216, 0.08242616057395935
2.395721958741407, 2.876381815459048, 3.840402996639836, 4.232235788376028, 4.264820175458272, 4.633771375250349, 5.326910772790029, 5.486182853595182, 5.939619152051127, 6.675267794837531, 0.48746195435523987, 0.16515061259269714
0.7225939242379766, 0.9356192506708765, 1.3223755692436971, 1.7685034447153671, 1.862918290145621, 1.884958935075345, 2.0106136102332552, 2.064874497412837, 2.0720236432198167, 2.3108402965324255, 0.5571156740188599, 0.07372026890516281
3.0951296907208725, 3.132399738861849, 3.2824316491699363, 3.296936012110046, 3.46235286948011, 3.899736830755524, 4.022558497199869, 4.276601768595566, 4.516097244035314, 4.810225284165782, 0.15376988053321838, 0.06845181435346603
3.2912339679760025, 3.3576679974184693, 3.4012316905223527, 3.6648218039050744, 3.956862778513101, 4.03056690961011, 4.438552828212996, 4.652799233657087, 5.04337789125874, 5.291405099870312, 0.0425347164273262, 0.04551210626959801
3.2208804259831987, 3.265277207332334, 3.3114924039647176, 3.5978807998529097, 3.7999150160062993, 3.8524380497240087, 4.071563099140119, 4.496982614680192, 4.524243798359643, 5.008183844711425, 0.24049778282642365, 0.0719224363565445
0.8933412131908396, 1.0204349212565547, 1.0258649954076353, 1.2259853847992601, 1.317654498226607, 1.6009018590166706, 1.6190626159227288, 1.8185675138787822, 1.8227787815836707, 1.9160286558920427, 0.10391344875097275, 0.09410615265369415
2.6188644018881413, 2.6885153278252973, 2.8629076716287707, 3.002123005995014, 3.2933016121980576, 3.429661612526175, 3.7816156587285312, 3.8794721006825457, 4.275057618652216, 4.414100918713182, 0.23040930926799774, 0.24596135318279266
4.74380388160185, 4.758347267786736, 5.136987133411079, 5.2400239445720125, 5.709778257858421, 5.8639161806818025, 6.363996923982527, 6.510494685281578, 7.001087537576416, 7.22098809655741, 0.3280860483646393, 0.07119644433259964
4.759582132958348, 4.785288731201486, 5.146065790950531, 5.271942930105303, 5.729477222935086, 5.8911389147173, 6.417294413558862, 6.524024967542123, 7.110692866802468, 7.210576649427468, 0.04806908965110779, 0.1571269929409027
3.8463431580374414, 3.976184657053971, 4.14885961963063, 4.388383995809821, 4.578545074290925, 4.8821263849404195, 5.026968752523019, 5.427816563051263, 5.538878171972167, 5.964216501863844, 0.2216392308473587, 0.25919675827026367
0.8378641510549322, 0.8467366428687947, 1.000914528224035, 1.0061026436748661, 1.042658877383874, 1.07326321589424, 1.1721580810606695, 1.1909342219817889, 1.2084682110527123, 1.2574925546245896, 0.1278122216463089, 0.09909288585186005
3.1496688232134273, 3.2178792688333244, 3.3318127580769588, 3.3436487161301596, 3.6603888803015816, 3.6787436267099873, 3.9362905850753016, 3.950458974072142, 3.965607481578813, 4.01673199523521, 0.25756773352622986, 0.106403648853302
3.4997659008517115, 3.64110949306088, 3.675331442377768, 3.9574098443149373, 3.981669647834085, 4.236239380977663, 4.259386820928415, 4.29418114086684, 4.403791550392985, 4.478345465563001, 0.05253230780363083, 0.04726144298911095
3.4172072602479306, 3.529516745198219, 3.600177970854532, 3.828327667323289, 3.866276305549439, 3.9743469828813756, 3.9786779721701033, 4.062188824517489, 4.131057177101048, 4.212232777737096, 0.142682746052742, 0.054065655916929245
1.469774424169625, 1.5261532025314042, 1.5682866438639402, 1.5688693935869225, 1.594288916170065, 1.6503967870698861, 1.7372772349589367, 1.7621158795435286, 1.7663527766466336, 1.775821567545746, 0.3109883666038513, 0.09975358098745346
3.278333226152761, 3.7149727803308465, 4.80480851286008, 5.005315948576812, 6.003431312730971, 6.349655995025127, 6.462615239419526, 6.60421543051719, 6.6380482146454645, 6.693979082185503, 0.43047410249710083, 0.1714656800031662
8.57051860233513, 9.405203503196159, 10.625634499626987, 11.513694409031919, 13.698685380064397, 14.168562441096899, 14.441232895328078, 14.473193992525735, 14.752380525843979, 14.888700441831109, 0.1729542464017868, 0.08071158826351166
8.830871388321428, 9.518818154208818, 11.007051176081223, 11.549743689140348, 14.178702460462983, 14.185360994386787, 14.469078614392084, 14.490196433047274, 14.762821834520203, 14.93578737803797, 0.047739192843437195, 0.04437169060111046
8.200321188750708, 8.21879012597804, 9.478857481871731, 10.361248389967642, 11.402797066756923, 12.856619754869051, 12.901374623832101, 12.969246166902987, 13.176731344986926, 13.272970202193404, 0.06981979310512543, 0.06700479239225388
1.8920854464819932, 1.9258203648256722, 1.935698453837362, 1.9462575445794617, 2.0704066537767063, 2.1259834930572885, 2.1304893757974077, 2.1742991528720124, 2.22886303288401, 2.253797381560587, 0.13950245082378387, 0.10749410837888718
5.180457084203908, 5.336124129839816, 5.373526826315672, 5.412462945100465, 5.4370053807991985, 5.665942303595786, 5.784519570191696, 5.813371063466728, 5.951133904254618, 5.965402449213479, 0.07511866092681885, 0.1912662237882614
5.637887625009181, 5.706474363522282, 5.73955014124272, 5.750850844128272, 5.816920129980273, 6.041586366112675, 6.160060655190284, 6.260440603755524, 6.415011006956441, 6.419935269075762, 0.05274460092186928, 0.10350276529788971
5.305586717370512, 5.3265525147884745, 5.385887723998469, 5.400111583023185, 5.429062965959316, 5.441727208246573, 5.50372635156666, 5.586096967597822, 5.708912746032861, 5.783923110103238, 0.052981242537498474, 0.16832436621189117
1.1683514070285326, 1.1798951610597423, 1.1975380755776623, 1.2118188889513641, 1.2659111586119598, 1.312893597968232, 1.3350356726882682, 1.390779249436733, 1.3989323080815388, 1.4679704706961796, 0.06560888886451721, 0.11275949329137802
3.0635540835249575, 3.093881061723955, 3.1623100500862464, 3.223025839433148, 3.276661263762482, 3.3582094526588278, 3.403781728877978, 3.414280887743832, 3.421135193285418, 3.509282625047161, 0.09133671224117279, 0.15683352947235107
4.840053655133865, 4.929721076447494, 4.969221587565883, 5.146725518972564, 5.16418418544898, 5.391950483958953, 5.40147572747872, 5.657993278555492, 5.709451673206071, 5.802252325052191, 0.04277002811431885, 0.04765039682388306
4.867920363579117, 4.983735280378214, 4.992948227330583, 5.171551695906958, 5.269320955351876, 5.446106264695046, 5.544254309085468, 5.744734129280142, 5.832247118114844, 5.867376707399526, 0.1158544197678566, 0.14894475042819977
2.805175259003938, 2.824255293307845, 2.954702734248151, 3.1785274764124773, 3.2659441708481585, 3.6408823533848884, 3.934995235496019, 4.173095337588617, 4.359150165795808, 4.497878901394186, 0.11950535327196121, 0.19428883492946625
3.215266684007328, 3.290004218173725, 3.5026432327173445, 3.507987077886672, 3.524204545141474, 3.764505431180173, 3.7905876143235306, 3.7910624192134454, 3.8561576376788986, 3.863396927446759, 0.20252911746501923, 0.2210785448551178
11.990319808254574, 12.648996357237863, 12.913193783909035, 12.923593381099021, 12.99222472869309, 13.392430089373073, 13.634327753950018, 13.68084033730707, 13.689430323810061, 13.894774096291409, 0.08591242134571075, 0.11931660026311874
12.448271348682592, 12.960036029333919, 13.411999188225922, 13.502580157789485, 13.640275562797994, 13.923791723302582, 14.005479143744147, 14.194253166256665, 14.488198419851765, 14.734078047765324, 0.14347325265407562, 0.06283508986234665
11.627748697986146, 12.032743890790073, 12.781925214839069, 12.972595046038165, 13.005015471995467, 13.055586530964076, 13.192671632105343, 13.68902026322896, 13.703489116108539, 13.756233853157006, 0.31619563698768616, 0.10581541061401367
3.6291870094374756, 3.6803503997191864, 3.7183589883346473, 3.8022790739592476, 3.8196046714317093, 3.82704322552099, 3.9457204391657137, 3.950103169365967, 4.057773261099876, 4.064196082943279, 0.2665647864341736, 0.15049152076244354
10.083275784600698, 10.112637182806502, 10.455724057240383, 10.555819122762887, 10.669704775819646, 10.738067602235132, 10.918280579035427, 11.120370506902313, 11.131562752879352, 11.29480886309469, 0.21875227987766266, 0.1307447999715805
18.422648271376616, 18.539909480360663, 18.759444744009876, 18.797276327422693, 18.92132806589163, 19.085952061803976, 19.13416782310038, 19.19255118457142, 19.253697330702845, 19.33397733917888, 0.07697517424821854, 0.0955987274646759
18.516857030422496, 18.60934207363771, 18.852871352932983, 18.8736555302482, 18.969549398512658, 19.134901954782503, 19.260086903769114, 19.262065355908916, 19.299675434734503, 19.385628118642064, 0.05961057171225548, 0.11400079727172852
13.7932091797493, 13.978426184407239, 14.207093846827798, 14.297114159229384, 14.684240398904132, 14.71167692300794, 14.961699941225914, 15.113708673851292, 15.12341653756991, 15.137152841962324, 0.4163459241390228, 0.1081826314330101
1.3049761236748825, 1.379473423889646, 1.4422230510700118, 1.4727617447635792, 1.5308023648928586, 1.532670486029923, 1.5885594735007063, 1.5966018323886442, 1.6100934186979539, 1.6333284155398617, 0.40211471915245056, 0.1094059944152832
5.140861462398719, 5.166163121580038, 5.500699800362597, 5.586855028214512, 5.590784353147898, 5.609116561938804, 6.047490638298437, 6.107239142878765, 6.13514387841693, 6.309185764104025, 0.14973600208759308, 0.17107318341732025
5.689487356524244, 5.847148476446771, 6.0546304168157885, 6.351359599531637, 6.483687735301894, 6.883273506120328, 7.1255834035162, 7.164878232525006, 7.302157768444804, 7.312784198818666, 0.03405529260635376, 0.10012282431125641
5.400115935804238, 5.66019111408737, 5.663189706014276, 6.0016487164073125, 6.249422581297051, 6.316888873932067, 6.594184885533459, 6.641446832179479, 6.7091664284081824, 6.886601604954423, 0.4683208465576172, 0.1582004278898239
1.8208354587183404, 1.8760586149361282, 1.9470542832173454, 1.960039284940818, 2.041591875787269, 2.178209706808544, 2.2361443401645675, 2.3573372661609557, 2.3702473037768415, 2.3804180824360746, 0.662294864654541, 0.12255829572677612
2.758555368660521, 2.801296127619312, 2.8088923801719665, 2.847895562903393, 2.8486919445459744, 2.8984231529804085, 2.9052097329095234, 2.9092451543362503, 2.9205555629768463, 2.9644516846761553, 0.950674295425415, 0.06446176767349243
7.255308244985105, 7.264044135024022, 7.273138783737115, 7.285587168451874, 7.325879096155715, 7.327641893525645, 7.389514329165653, 7.416257289834416, 7.469873439786157, 7.529111156773391, 0.19739952683448792, 0.07280348986387253
7.26467325319551, 7.273665395754243, 7.28234121290026, 7.295712307276816, 7.336700864664906, 7.336976889715337, 7.402261114576923, 7.425155541237082, 7.485289772966602, 7.515598468492506, 0.12930934131145477, 0.08537498861551285
3.5657278136193638, 3.5908033163164275, 3.6397584452835683, 3.647387610969672, 3.6725867597400774, 3.709925357876539, 3.7226488428653703, 3.7418777082542767, 3.7594331759864708, 3.76628753662727, 0.433586984872818, 0.12376371771097183
0.7671749071345638, 0.7949840536261699, 0.8004383846178671, 0.893354459089857, 0.921641914879431, 0.9742809523323634, 1.1044551145293562, 1.1206042595249908, 1.285810876833105, 1.3347711692673714, 0.30441296100616455, 0.6142362356185913
3.2602204421187833, 3.3138659816985427, 3.3814424523588382, 3.3874249962789342, 3.391796474435359, 3.39349733390225, 3.399080158856703, 3.405202621178977, 3.406054606344571, 3.4920822351478606, 0.4147789478302002, 0.511837899684906
4.232516739908575, 4.250488644201822, 4.302184206354703, 4.36343467486982, 4.370277393626216, 4.4135180776713785, 4.482003810116357, 4.483612198187697, 4.4843357428991135, 4.491885232921766, 0.07222996652126312, 0.09030687063932419
4.004880331867948, 4.008976865648863, 4.09602409725245, 4.123749267405213, 4.181507455948725, 4.2352357858185625, 4.25955402792687, 4.308516049288522, 4.36160969047176, 4.408708943980489, 0.1781613826751709, 0.05366487056016922
2.3570851087803564, 2.3908195692243353, 2.406906132512638, 2.4121329443626567, 2.432490534987357, 2.4702908201099674, 2.480190886125207, 2.5215302104567536, 2.5605128753694415, 2.614427867482335, 0.19262123107910156, 0.11352895945310593
3.764199794432391, 4.103921151846226, 4.176242585000159, 4.234483625143198, 4.264650151286031, 4.616024333750272, 4.795007951438266, 4.884950572167079, 4.90072485062462, 4.90592262413123, 0.15179339051246643, 0.13036373257637024
5.666069669728852, 6.096831729722255, 6.164444957994937, 7.1223800690205525, 7.126895153623033, 7.609255624114992, 7.660779330563834, 7.862520757322745, 8.09695050368294, 8.165035269250748, 0.04800574108958244, 0.05208464339375496
5.685069669303613, 6.102502046282566, 6.206466068466036, 7.126128955751901, 7.192934263319671, 7.659169914528878, 7.697222590068978, 7.925142829057904, 8.172010674538999, 8.201225077226862, 0.04074849188327789, 0.07320244610309601
4.2620322076762465, 4.517670077407439, 4.593894368764013, 4.858690305856809, 5.178922762591775, 5.263043284989989, 5.301695342441687, 5.331059735580959, 5.930839446520513, 6.018789409293297, 0.33887287974357605, 0.23751430213451385
0.9344759219210185, 0.938034178360014, 1.2124024028915446, 1.2175055491956233, 1.271469966122172, 1.3981712212011599, 1.5136500557580082, 1.5544195587513923, 1.5575611959341646, 1.560139392672319, 0.6131561398506165, 0.07988226413726807
5.255825031257977, 5.285985186386959, 5.29522395626906, 5.300994100488444, 5.350759182636457, 5.374632492354037, 5.471391165957954, 5.6014173633327955, 5.6032324239230045, 5.61937847808879, 0.9015907645225525, 0.06343643367290497
6.243485431635104, 6.300059168747162, 6.428048498078839, 6.473768702039783, 6.475126981763211, 6.650681000842381, 6.666020693933901, 6.672346257590314, 6.7692264842285805, 6.793918553596018, 0.12151966989040375, 0.07420487701892853
5.9260049661608045, 6.102172908585175, 6.134810933031764, 6.13651243379455, 6.144760674003549, 6.181987205374185, 6.265525581753178, 6.312121463240936, 6.322804868805276, 6.369324022133797, 0.29622557759284973, 0.2687411606311798
1.817359712145245, 1.8573318367391327, 1.9484272116267447, 2.0717101008386165, 2.3055831113107166, 2.319963297271317, 2.3322962489244086, 2.403399268573432, 2.4197605733912235, 2.447173740226242, 0.16068682074546814, 0.1688125878572464
4.414262695443265, 4.708275765935459, 5.0278588794236665, 5.472420509892045, 6.073688705392564, 6.701309864489985, 7.464988988322775, 7.9948708979407215, 8.934811185857825, 8.953156018797408, 0.18140451610088348, 0.09288999438285828
7.6611178440393815, 7.735698705180896, 8.71628136451571, 8.764633774466649, 10.330112088675257, 10.659621381712578, 12.294591386904413, 12.814408525733922, 14.320372808757675, 15.042274840930887, 0.06413600593805313, 0.06166050583124161
7.797527569557932, 7.833045094642433, 8.780488664830791, 9.02927653308131, 10.692007666063109, 10.800831396861625, 12.868063758384782, 12.914654092730345, 15.104039951780154, 15.113272299391946, 0.11518292874097824, 0.026609936729073524
5.960166343492022, 6.342966763199424, 6.471076330590186, 7.661146774508981, 7.705388340091022, 9.159836843742422, 9.312905033561387, 10.730903883859023, 11.041001504942606, 12.268347536388891, 0.14722096920013428, 0.20962674915790558
1.003160667443409, 1.2464504929965687, 1.564984298422867, 1.6274879504349085, 1.8634425091742197, 1.9558262848390569, 1.959677195041326, 2.0002136685625995, 2.0178428659554006, 2.0585928121129675, 0.3390791714191437, 0.15581242740154266
5.049799441186351, 5.096532475871218, 5.159301564302117, 5.2193759283955865, 5.281389030894153, 5.291251572900197, 5.361123741018232, 5.53000695573728, 5.565284515096888, 5.641434898931725, 0.16699351370334625, 0.2085609883069992
5.9853101042534185, 6.010268999049721, 6.146288825344728, 6.16450879132272, 6.181843825385135, 6.252848252800868, 6.327149429493139, 6.504045219351765, 6.517014609801304, 6.536798031324558, 0.039626020938158035, 0.07582908123731613
5.878147508579746, 5.922338080524911, 5.970046209733635, 6.0523625595986665, 6.0831143654893935, 6.095984550437774, 6.142055477418238, 6.246452444684834, 6.2464807896302235, 6.248826873758693, 0.1046823039650917, 0.20492790639400482
2.5617370791438816, 2.568666318118325, 2.6654018214809954, 2.7130851310478024, 2.8210158982453057, 2.834894601217861, 2.962484734379069, 3.005960934511957, 3.0064771161536217, 3.0186060753160087, 0.2559623122215271, 0.3464115560054779
6.084937112998306, 6.677519817802304, 7.2476197572791845, 7.467346958308947, 7.7584471251940235, 8.22850219865372, 8.540438663469955, 9.083394002777922, 9.097253962046803, 9.872014486014765, 0.38301774859428406, 0.1620018035173416
8.354453684111306, 9.326225818026272, 9.837881140309836, 10.670391873636586, 10.907008562777124, 12.158134731736398, 12.968389653604612, 13.151474949775702, 14.512403155192594, 15.432135364902795, 0.2199925035238266, 0.0731472298502922
8.44541107887277, 9.477663088697478, 9.882295599610659, 10.876510020501923, 10.966823102458607, 12.289871573301186, 13.195786550382735, 13.414918856589304, 14.95442167268957, 15.659509184573912, 0.21923945844173431, 0.05461593344807625
5.856543354281421, 6.718292820811213, 6.72684116795388, 7.75165842959811, 7.911922151562358, 9.12953933679751, 9.580405385583306, 10.346024524885825, 11.417991584360903, 11.869979905701829, 0.3641785979270935, 0.11162769794464111
2.1217808508401155, 2.3324948545701654, 2.503067678388087, 2.517701871422831, 2.7113952413246225, 2.893198293254665, 2.9244234582180333, 3.2278049836282445, 3.3778835195393513, 3.4114515305196953, 0.571934700012207, 0.24945645034313202
14.895618879815796, 15.11410574677004, 15.15075791370043, 15.228844385145404, 15.242580367936979, 15.286891745556346, 15.46298806415422, 15.708391552243997, 16.05906572541932, 16.159241945770283, 0.5670967102050781, 0.08408788591623306
16.280263750736946, 16.47048246573347, 16.84681074889514, 17.025189342031464, 17.463429599112146, 17.84903984476613, 18.286379033473036, 18.394619357383245, 18.465589332033, 18.51225685683789, 0.13781949877738953, 0.06471963971853256
14.415930558813432, 14.544864828580405, 15.004155730185756, 15.523151051767243, 15.913078067198372, 16.49688964643664, 16.655994794489573, 16.715360287596106, 16.73870477033338, 16.942559065311634, 0.16569730639457703, 0.13918377459049225
3.604844033428342, 3.7287892768825017, 3.8233276797313582, 3.8521819899055543, 3.8550514084210565, 4.175216567633998, 4.1782413220041645, 4.1923738125844165, 4.433566433382847, 4.788035010128522, 0.4543769061565399, 0.3205220699310303
4.790851987609543, 5.14911304997539, 5.289424450635653, 5.718714977228145, 5.788569423569425, 5.9656605453283165, 5.998303162007321, 6.173406637104197, 6.3258811994365765, 6.600567629044092, 0.2568613290786743, 0.18814682960510254
7.404904961365336, 7.514293660994372, 7.517993665286337, 7.886779920385315, 7.911402257892293, 8.132145676990845, 8.627351458018136, 8.782211886646042, 9.15401002098351, 9.607966521800805, 0.11221876740455627, 0.07795805484056473
7.555118724339191, 7.572654932977756, 7.7735390806727, 7.892739403578467, 7.984371847579068, 8.26931296636514, 8.64015096020506, 9.103456151345002, 9.210712452733395, 9.808024822587425, 0.10059813410043716, 0.06893465667963028
4.917870598770236, 4.965058083472271, 5.306988445333231, 5.394706308935413, 5.5757046750507575, 5.909763058553069, 6.069777461843148, 6.122968123171711, 6.99230615121693, 7.5064063701421215, 0.21573789417743683, 0.1316833347082138
3.007542783166989, 3.1480327038480747, 3.346862835041457, 3.3714095785395384, 3.3909684134505467, 3.4404017367621718, 3.517795803342575, 3.570468013827911, 3.6181475627065915, 3.6474231097789254, 0.48345619440078735, 0.2928752601146698
3.018294806031604, 3.3737710505762983, 4.371111896542505, 4.828522345230848, 6.41659201022944, 6.5670896180204705, 6.747447944388639, 6.8400292910640355, 7.026082905959672, 7.418647774456133, 0.13061659038066864, 0.08321376889944077
3.4239924712550542, 3.5362059174964426, 5.249590435534535, 5.273259110749145, 7.357053103983558, 7.701017317633723, 7.719367089539441, 7.7435371688154895, 7.757597579669784, 8.161650142512906, 0.10399659723043442, 0.08776776492595673
3.2267539379676897, 3.282391176259134, 4.687208440512441, 5.017219935792143, 6.803797771008241, 6.976710303526104, 7.241348520857008, 7.330857014228159, 7.334673476928298, 7.539399683827883, 0.3903110921382904, 0.10811954736709595
1.0639780035806146, 1.2518817657911492, 1.6320885259912716, 1.6892011160746905, 2.060697909972364, 2.2684859381516715, 2.5977659255073178, 2.932996310824404, 2.977015811278688, 3.0977174889725245, 0.6070165038108826, 0.2938283383846283
4.624846665918457, 4.7044533907810875, 4.733252625257468, 4.7999809987182225, 4.825579048341939, 4.843170563398754, 5.002990106478951, 5.0074026307175785, 5.073832195775935, 5.076325469660625, 0.5933718085289001, 0.2319866418838501
6.287109146575438, 6.414427203036671, 6.466697180970982, 6.553365977854629, 6.67678223902792, 6.715103327927583, 6.768678726025792, 6.829270954183019, 6.918358485862742, 6.939174139510522, 0.09599138051271439, 0.08110424131155014
6.342137773200699, 6.461348056756481, 6.520770301720772, 6.590195603337744, 6.726293367898089, 6.741424821144087, 6.796631188327227, 6.915274718980211, 6.9546823216617275, 7.055631446248937, 0.16499550640583038, 0.10414685308933258
4.271025812596887, 4.286082699649888, 4.318595892704181, 4.387202740871058, 4.411461052626975, 4.446704836144336, 4.472569336765146, 4.58980232970404, 4.624735246056239, 4.697722942368163, 0.24399466812610626, 0.2084013670682907
1.4605299747749287, 1.802849948375315, 1.9458885583939978, 2.064798547409161, 2.291537399408796, 2.409821663976757, 2.5349003210416328, 2.6234015938680666, 2.6813687116630236, 2.7130977823331888, 0.36217403411865234, 0.29336026310920715
7.5861529841811945, 7.8388903354914525, 8.043475042286989, 8.118704077287257, 8.269281388291258, 8.316358954962658, 8.779931552242983, 8.897042900137052, 9.2582275582632, 9.267363636149424, 0.14323589205741882, 0.08389928936958313
9.226542349997112, 9.394567439986007, 9.633744658074368, 9.664823643237048, 9.839401861110494, 10.147645378551562, 10.381944196164358, 10.563199459820462, 10.650475362887486, 10.684361374753326, 0.03278927877545357, 0.06597904115915298
9.160054979815161, 9.24163834312154, 9.395323753417854, 9.494816016680437, 9.570665479671675, 9.832327686898287, 10.10465534595262, 10.218479173616027, 10.227319706212812, 10.34775347640293, 0.06368957459926605, 0.13825750350952148
5.011547188862137, 5.1044118525179565, 5.19247890519954, 5.194430136857446, 5.252886544139156, 5.2689534798388475, 5.363318697510328, 5.37436824995163, 5.381013309321285, 5.533722667885465, 0.06737831234931946, 0.29764074087142944
7.476905853891852, 7.570497847321814, 7.80743651971937, 8.039842509754195, 8.061750943695719, 8.223258038274382, 8.48912876038324, 8.612930908184952, 8.619216250040559, 8.664596814476717, 0.05236048251390457, 0.11372851580381393
12.499288118819473, 12.520597975637923, 12.90426819326597, 13.149103115832371, 13.556498713336607, 13.650298859849666, 13.776660513228654, 13.994850358163871, 14.315467500094728, 14.515371758378128, 0.05888592079281807, 0.06575530022382736
12.581788877853796, 12.604463355799755, 13.004784281888234, 13.235628583916553, 13.653087073909164, 13.76577748198748, 13.914324761692814, 14.13242323834067, 14.481639693315287, 14.719987977940386, 0.06609548628330231, 0.03367702662944794
9.037028037596798, 9.180228208498917, 9.28724982753238, 9.93111337748494, 9.969951147361959, 10.292639119288426, 10.520646597292323, 10.65398906706213, 10.961016875825038, 11.40673447925561, 0.23586241900920868, 0.14549903571605682
2.2040391392518575, 2.293820446731271, 2.383173026428471, 2.4042753746428094, 2.4089683920590454, 2.663492292341418, 2.7668089498137785, 2.7849985239691075, 2.837014426603085, 2.839025550946475, 0.06853154301643372, 0.22400341928005219
5.874169298831039, 5.976297686457168, 6.006667128756218, 6.008843026521893, 6.026431295301094, 6.300519616807511, 6.376197311831931, 6.642356011068435, 6.940801734452634, 6.978935172486799, 0.04174773022532463, 0.09536198526620865
6.12974236676363, 6.28648754077407, 6.292893120115856, 6.4129020942624715, 6.5633405871881045, 6.6297585804341725, 7.029896551637865, 7.131700754078991, 7.421109242160042, 7.903678968961156, 0.07295548915863037, 0.09567993879318237
5.508414882022082, 5.560322874530305, 5.785456359289485, 5.827560687786461, 6.029751419132286, 6.178169223991952, 6.280720136960583, 6.510311483257951, 6.917327236625272, 6.955622658253879, 0.12649685144424438, 0.13938835263252258
1.7564942353246902, 1.8370713856699454, 1.9505202382979347, 2.129743920806891, 2.2468577034236277, 2.438758655413571, 2.6416099101759487, 2.7619889548385026, 2.9983119298664347, 3.089151423021203, 0.1580919325351715, 0.1627846211194992
6.07806128702072, 6.531069043249129, 7.026268535118703, 7.127896893511056, 7.294428382030644, 7.295542601045599, 7.3045755579685965, 7.542524614376754, 7.547150750021189, 7.671937505756331, 0.11894338577985764, 0.26086315512657166
10.046352787028598, 11.251488010048789, 11.89013528699915, 14.13825121188274, 14.579716116112074, 15.605543905285241, 15.618839834536345, 15.883011517655742, 16.1531329212733, 16.204479198644922, 0.05461270362138748, 0.12839822471141815
10.106713967567709, 11.30881078465636, 11.941106852774857, 14.184517504729657, 14.626546464109822, 16.011725901352367, 16.19022566907373, 16.205357517370494, 16.640396219257024, 16.765555731191064, 0.07439324259757996, 0.10206925123929977
8.075381096627037, 9.232596402846559, 9.44694875463853, 11.416138240207573, 11.845803494304654, 12.557518350531378, 12.613017715238174, 12.676425218774135, 12.677660326631507, 12.889810942413886, 0.5120447278022766, 0.1965959519147873
1.3857750986567217, 1.4959845093749664, 1.5073808290321415, 1.5599332462202373, 1.607691731415695, 1.7054868283600293, 1.7841756546968688, 1.7889732647251695, 1.8618333842012864, 1.9128711409090016, 0.10709869861602783, 0.08727652579545975
4.848343240423911, 4.933468704933921, 5.0015856826221645, 5.086406198575583, 5.099897027980568, 5.146589949665283, 5.147252272394342, 5.173440988555323, 5.185080100216372, 5.300604051480415, 0.05555146932601929, 0.06963632255792618
5.4928674897755965, 5.533852409901468, 5.637776806877451, 5.679623413470751, 5.730335881719615, 5.8591410772631605, 5.8667530368235274, 5.934852116491424, 6.1035915490556185, 6.2013901723660325, 0.24842916429042816, 0.0839504525065422
4.854290226248931, 4.90133419786691, 5.0058419087219175, 5.085821373455355, 5.10687999500455, 5.36438564078997, 5.556317310865633, 5.703038972859103, 5.757324755348599, 5.827128125601201, 0.4783572256565094, 0.14640110731124878
2.150449615995824, 2.1925524558737965, 2.2714327437971544, 2.291264883817195, 2.460211887317804, 2.5171471590144305, 2.629405880679057, 2.876470736570622, 2.9631866653772128, 3.08159204919859, 0.44337669014930725, 0.192327618598938
4.36405887023286, 4.5304331134674305, 4.7536406115525205, 4.804319836496882, 4.912486707948138, 4.95533838046226, 4.984399298093126, 4.988875424634174, 5.108465760692097, 5.110269426613343, 0.4128084182739258, 0.04365847259759903
9.333538322353858, 9.459363219322457, 9.620787363611415, 9.865281096297743, 9.895531852903773, 10.012698706115403, 10.06096722632536, 10.199755893258224, 10.352265609750368, 10.591846020874993, 0.3041994273662567, 0.06499477475881577
9.458348540575416, 9.617374749490907, 9.711281156219535, 9.928555028844425, 10.071367782339381, 10.084862943496146, 10.140774209924674, 10.242989387652907, 10.56710584063162, 10.728612943824636, 0.046058230102062225, 0.06857731193304062
7.3444446208235465, 7.3838989420096155, 7.516906256271418, 7.517426830546152, 7.61771936298483, 7.696737645247471, 7.759452419709243, 7.821068251250859, 7.992921121080014, 8.05603075115951, 0.0446920171380043, 0.1675473004579544
1.150949809942428, 1.1570595742680128, 1.2476974552906197, 1.299802064970925, 1.3303058326115662, 1.392789133105557, 1.5761163652914558, 1.586674111097325, 1.6464204781078153, 1.6530508693604617, 0.1194930374622345, 0.057277049869298935
3.1967368013942883, 3.3098607281381685, 3.3101727649250434, 3.5236162314621158, 3.6128198268699867, 3.752372739799141, 3.984179962411653, 4.003629794654395, 4.2227267504917245, 4.4284532743761975, 0.08741471916437149, 0.031943727284669876
3.618427854851232, 3.6289368591613504, 3.8292182104631087, 3.8700306199722156, 4.188343807969747, 4.226594108548157, 4.604418344781031, 4.619560439321927, 4.987743129243871, 5.162582167895793, 0.05078611150383949, 0.10127691179513931
3.365928308174155, 3.4097384381209284, 3.4969200921822376, 3.5918452902480467, 3.8017258479259732, 3.849395601702817, 4.17683352522359, 4.236940747830469, 4.373993842288621, 4.420721311139349, 0.10962232202291489, 0.20056085288524628
1.4590536983753937, 1.495698863125447, 1.5635441279370463, 1.5789434785607481, 1.6163129211908114, 1.6706280724480762, 1.734089821844243, 1.7791708941605129, 1.8256618888609681, 1.9305078161279137, 0.1638605296611786, 0.16466955840587616
5.5079078349928885, 5.642592022860019, 5.710885060967688, 5.937821372536313, 5.96782833338046, 5.975479784915458, 6.079396073709906, 6.098941502502659, 6.2508697049849085, 6.327165583389301, 0.1945459544658661, 0.06896670907735825
9.726379085198971, 9.786791066449691, 9.97877014468234, 10.271935049585684, 10.933382966552962, 11.049820871354791, 11.530093403051103, 11.807758881110443, 11.81256886413021, 11.8768473095375, 0.12784388661384583, 0.03928243741393089
9.730241143036977, 9.792231304731333, 9.981469217153192, 10.279810556573864, 10.93586011030353, 11.06123859176056, 11.432852565110156, 11.676194827096106, 11.746373558769502, 11.874193108387121, 0.08822870254516602, 0.07944817841053009
6.678440375469328, 6.926634317073544, 7.178872798015506, 7.459454054917133, 7.667687078457355, 7.757880055302189, 7.874098545980882, 7.927157777078576, 7.950556802550766, 8.32434207091306, 0.19113172590732574, 0.08497676998376846
3.7578526057996986, 3.8240501067715913, 3.9630518141174225, 3.9648786527632196, 4.159929741862478, 4.347294096899137, 4.391126208815009, 4.407600384815631, 4.469596487093658, 4.480089958679445, 0.3839159309864044, 0.11516445130109787
11.131734619661193, 11.150575255035662, 11.269491863993958, 11.354496050472683, 11.64781756417571, 11.741124724301589, 11.844569816841368, 11.913799588345995, 11.915482629263785, 12.314662330941644, 0.2276972085237503, 0.18872517347335815
12.324948615036238, 12.59900355044549, 12.81121086607019, 12.848257757199782, 12.90500174633961, 12.906620202435551, 12.989091814518023, 13.440276674258447, 13.593171318745409, 13.6929112553942, 0.12633486092090607, 0.041510485112667084
11.54808478154943, 12.0213212956331, 12.033253365641851, 12.107246060129706, 12.232840786116608, 12.268818215058484, 12.286038418541793, 12.589368144126698, 12.609611871792756, 13.108409413744154, 0.1415315419435501, 0.06673350930213928
4.794341084102435, 5.12691026217467, 5.176605520992555, 5.213420252250204, 5.292886439564139, 5.349933152707937, 5.438261430116632, 5.480671922697767, 5.556993423715637, 5.582615095462412, 0.17320401966571808, 0.06958512216806412
6.042417426772993, 6.063380416268206, 6.105539936022629, 6.20136129501886, 6.361198448834599, 6.3725012122519225, 6.414073287427522, 6.438978637457056, 6.5555950271481285, 6.725567015825772, 0.3929859399795532, 0.07777594029903412
10.339729994285756, 10.534351739675607, 11.317127048455545, 11.837423589664555, 11.999411087043873, 12.517575496928163, 13.01849527672775, 13.139594781042256, 13.260797664637352, 13.265404920056861, 0.09404207020998001, 0.04528110474348068
10.36113838672445, 10.565876576815574, 11.330497917778223, 11.854702565191014, 12.040204411679985, 12.524130837127466, 13.03675639229956, 13.193729646450793, 13.280923726295319, 13.325831162247976, 0.08767291903495789, 0.0670693889260292
7.883931144475214, 8.43188302643791, 8.556687008220957, 8.69081002675544, 9.914790715360384, 10.071780041250975, 10.224298391527755, 10.468436345439825, 10.502000896711136, 10.961279372232319, 0.2099987119436264, 0.1026078462600708
